Paoks:
 1.99298276787947e+00 6.54659482050641e-03 -2.65049308833938e-02 -8.35206913749994e-04 -1.20694739483040e-07 -2.17504367723662e-05 8.51995079515572e-03 1.03964738283445e-07 1.17934123035372e-05 -7.71396120128172e-03 -4.18946122650525e-08 -5.82581631015694e-06 2.89673760597013e-03 -4.34360148132997e-07 1.30129303426138e-05 8.93468022199050e-05 1.31120402013749e-08 -5.21699256327153e-04 3.18412769753397e-07 5.91043016251751e-06 -7.74492427107767e-04 -5.05264742149229e-08 1.63081829986096e-03 7.55493723819427e-06 -1.12035881832763e-07 -1.64044712807135e-05 -4.31566337730807e-04 7.62606216456442e-08 -1.22800738656971e-03 -8.92139003268703e-08 1.33525701888883e-03 -2.18095715023282e-03 1.51853213754604e-04 -5.57471165599412e-08 -8.07415907541081e-04 4.89660646907863e-04 -1.26418451132188e-07 -1.45284003104327e-04 -2.30151657239922e-04 6.68097661721474e-08 5.77278187702477e-04 -2.56958253851450e-04 -5.82862657734272e-08 6.59444510755291e-05 1.32621511432298e-03 -2.22176614753261e-03 1.69893218347949e-04 1.06398337986849e-08 7.91525622017939e-04 4.83366717160516e-04 5.75864586958912e-08 1.29830280143923e-04 -2.34956808446250e-04 -3.22383903193466e-10 -5.81528316942559e-04 -2.49006941889783e-04 3.08457820815009e-08 7.74431798248864e-05
 6.54659482050641e-03 9.22228970043604e-05 4.22528775119653e-03 1.68020524384145e-03 -7.04257826052567e-09 -6.67809413585648e-07 -3.84702660627246e-04 1.76278364084723e-07 1.87581227525184e-05 9.64955096746534e-03 1.09689133552572e-08 -1.24394405755164e-06 1.20103763108463e-04 -1.38949005248684e-09 -2.10792164208829e-07 -6.62183976617485e-05 3.82387491447719e-10 2.70582973687055e-05 3.71494367569054e-09 -7.73444509528870e-07 -1.89652693755883e-04 -3.72293963915853e-09 6.18940511730844e-05 -6.15425375963423e-08 -2.00705349898085e-09 1.79339575795901e-09 6.02932234868418e-06 -3.22560395580772e-10 -4.05664453722174e-05 -8.76398306774651e-10 5.82561626738880e-04 -4.13806161060513e-03 1.28427573983375e-03 1.96691150214325e-09 9.47002996702050e-05 5.27759542974219e-05 5.68055467808138e-09 1.90578767287886e-04 2.66442131070075e-04 1.05285332255005e-09 -7.45773763441644e-06 3.51389247355011e-05 -1.81383429880598e-09 3.28401908599726e-05 5.93202912734019e-04 -4.17181661924754e-03 1.29532683028038e-03 2.03971773264595e-09 -9.52728409532482e-05 5.23951706071272e-05 8.30211002646125e-09 -1.89569613496565e-04 2.64584737777261e-04 3.19628439797691e-09 7.41827206533995e-06 3.51200059177630e-05 2.77836522800752e-09 3.25342170782004e-05
 -2.65049308833938e-02 4.22528775119653e-03 1.65900908726120e+00 -8.16219874263815e-02 2.75279016491932e-07 1.98687547590636e-05 -1.14260937545663e-02 -6.38095685824793e-08 -2.61191701648733e-05 2.72017777239110e-01 -3.05912417121770e-07 -2.85951363492715e-06 1.04429735856682e-01 4.04442408411181e-07 -3.53115853088844e-05 -1.37330895102992e-03 1.45657105279376e-07 -6.03916887960303e-03 -8.64304099104523e-07 1.01961586813520e-04 -7.25184653983448e-03 8.62335290626788e-09 1.67640438765345e-03 1.71970339121921e-05 4.05762992134934e-07 -7.28951500449304e-05 1.12818107627861e-03 -1.80608293490090e-07 1.51968069956450e-03 9.96881478735727e-08 -1.21644117622296e-01 4.16627833831276e-01 -1.50103840210299e-01 2.15001717463932e-07 -1.56169154448266e-02 1.72143248050183e-02 1.66796620824988e-07 -2.23591251530355e-02 3.46890685967665e-02 -3.07835829310938e-07 -7.54645221660110e-03 1.42269877553746e-03 2.50358233366625e-07 -2.73199032691267e-03 -1.21218224299795e-01 4.15895963988293e-01 -1.49828890206817e-01 -1.19371474426908e-07 1.55373690419877e-02 1.72042479573486e-02 -1.94144860372228e-07 2.23940983244575e-02 3.46893085833858e-02 -1.68994606860574e-07 7.48572118510845e-03 1.42309345391276e-03 -1.95442227966961e-07 -2.65140739647043e-03
 -8.35206913749994e-04 1.68020524384145e-03 -8.16219874263815e-02 6.43765360973441e-02 -3.76617542564709e-08 -3.85723360684090e-05 -1.16535006587702e-02 9.74756775663385e-08 9.37036915809319e-04 2.72232852772738e-01 -2.70651815195322e-08 -8.36603921296267e-05 -1.02710284351194e-02 -5.12010347984502e-08 -9.15723776123960e-06 -1.93716992349356e-03 2.34060620417679e-08 1.71474989720256e-03 1.98479769975825e-07 -4.47358504165590e-05 -5.00001277590457e-03 -1.64017798173473e-08 1.57572667395880e-03 -6.34589277809065e-06 -1.05487273323942e-07 1.13707054042133e-05 8.91762214562068e-05 -4.27890965371321e-09 -1.36145608639071e-03 -9.02558437550728e-09 3.44303994284729e-02 -1.86285895839765e-01 6.06232637430454e-02 -2.59454859056868e-08 5.16062604375393e-03 -6.38299442596515e-04 -4.52461974805235e-08 9.03092808803285e-03 3.93954575219842e-03 9.44662927246356e-08 6.95250732580304e-04 9.59696759750784e-04 -1.03842359732091e-07 1.39861585291284e-03 3.47933843475731e-02 -1.87806916392096e-01 6.10946496391610e-02 1.33745802153966e-08 -5.17334944529095e-03 -6.60001426312333e-04 6.61561042227592e-08 -9.01387895881874e-03 3.86300267108799e-03 9.66634213768623e-08 -6.91767839537581e-04 9.56260641192911e-04 9.18463649802339e-08 1.37881430761572e-03
 -1.20694739483040e-07 -7.04257826052567e-09 2.75279016491932e-07 -3.76617542564709e-08 2.55185152383795e-03 4.00648213152740e-08 2.17872432596360e-08 -6.69107927593596e-02 -7.26566823485034e-07 -6.37166472016049e-08 -5.11081271521199e-03 1.01055777350389e-07 1.02029099498171e-08 4.17007223603385e-07 2.20246974750808e-08 -1.13593871611086e-08 3.87047868555888e-04 1.13830255005471e-08 1.14700337522773e-06 -1.12110657859564e-08 1.02947925170329e-08 1.18583003327508e-03 -1.34688980524215e-09 2.46435022129037e-09 2.58523056902159e-07 4.35731308889969e-09 -5.93345045165605e-09 -1.17462389498167e-04 4.28078965986498e-10 2.71894525355468e-04 1.03714434124138e-07 -5.29599139099013e-07 1.54069797693580e-07 -8.03189414012766e-04 8.31519575224696e-09 -1.31125718353094e-08 -2.64202236050655e-03 -4.65317955666035e-09 -8.79736245077221e-09 3.34695589792227e-04 -1.89192436364046e-09 -4.27162061324065e-09 -2.34873419058034e-04 3.40307201857172e-09 -1.62668954053183e-07 7.98870158386103e-07 -2.44644051359268e-07 -8.03315661267823e-04 2.80639963660549e-08 2.63716051533725e-08 -2.64289954734251e-03 5.60854850816207e-09 1.30034802008023e-08 -3.35348120588635e-04 2.03151556737890e-09 1.07565568019173e-09 -2.33472395101145e-04 -1.48391167487828e-09
 -2.17504367723662e-05 -6.67809413585648e-07 1.98687547590636e-05 -3.85723360684090e-05 4.00648213152740e-08 2.93474273021856e-03 4.18952359934697e-06 -1.05723267796901e-07 -5.82401779119212e-02 4.28125865383142e-05 7.94632404627927e-09 7.77419897219340e-03 1.73472956267692e-05 -4.44045384853621e-09 9.86563732587266e-04 -9.05714487702962e-07 7.25343204342330e-09 5.68919632116388e-07 5.13973931459643e-09 1.03748195421704e-03 8.58561383717464e-07 -3.05361494898140e-08 2.46858135067031e-06 2.25885329246942e-04 -2.82171427520430e-09 1.06615814757223e-05 -1.19878527952955e-06 4.27400424353842e-09 2.72827146428228e-07 -1.91242340802191e-08 6.87486937243306e-03 -4.72244628955380e-02 1.36148628239442e-02 -6.83423193842325e-09 5.79131033520219e-04 -9.98419633467186e-04 -1.84117984199355e-08 1.03505950322819e-03 -1.53118553169760e-03 2.68036043330115e-08 3.20737077909528e-04 -1.67009550052844e-04 -1.90098190569675e-08 1.58133095439594e-04 -6.81883222175667e-03 4.71793390925556e-02 -1.35955801542307e-02 4.61616552504015e-10 5.75113416322932e-04 9.99758234326738e-04 -1.52673311829918e-08 1.05746204382627e-03 1.55309746742949e-03 -2.78157354252628e-08 3.23340660069606e-04 1.66508427716560e-04 -1.63344516961289e-08 -1.54191983583887e-04
 8.51995079515572e-03 -3.84702660627246e-04 -1.14260937545663e-02 -1.16535006587702e-02 2.17872432596360e-08 4.18952359934697e-06 2.58222820270389e-03 -5.24446137721284e-07 -1.25679821276484e-04 -5.96490920632458e-02 -2.82447229493917e-08 8.48927320381502e-06 3.36971933052394e-04 1.85553466761790e-09 1.42293202952132e-06 4.15159285585363e-04 -4.20379241573690e-09 -2.47556806959020e-04 -2.43760627858768e-08 6.23210762660371e-06 1.12975736339347e-03 1.19786426220126e-08 -3.40323593366930e-04 7.79226206091253e-07 1.40878342604135e-08 -1.15352444141790e-06 -3.86694649688733e-05 3.30386952399650e-09 2.44974493670342e-04 1.87752718783619e-09 -4.92485572305098e-03 3.07282350425172e-02 -9.75667848690635e-03 -4.65091383755495e-09 -7.85548984900654e-04 -1.56633814213446e-04 -1.41216830937734e-08 -1.45304516016218e-03 -1.37783990772792e-03 -1.11724119694575e-08 -1.20814444404845e-05 -2.18788438584421e-04 1.48134399070336e-08 -2.36936841454246e-04 -4.99055197942972e-03 3.09452876718110e-02 -9.82695798973055e-03 -6.73970548221156e-09 7.88138091860464e-04 -1.54273923784969e-04 -2.98771076999126e-08 1.44667352303705e-03 -1.36573743861820e-03 -1.92229617995884e-08 1.16784369941632e-05 -2.18431321159564e-04 -1.69230640819611e-08 -2.33898626679919e-04
 1.03964738283445e-07 1.76278364084723e-07 -6.38095685824793e-08 9.74756775663385e-08 -6.69107927593596e-02 -1.05723267796901e-07 -5.24446137721284e-07 1.75443365209204e+00 3.01933045014278e-07 3.57667883630301e-07 1.34008004503071e-01 -1.47399446505050e-07 2.26207037051442e-07 -1.09341317632581e-05 -2.60114470070719e-07 3.09114230921898e-07 -1.01485840683738e-02 -3.35814238577548e-07 -3.00749923570174e-05 6.28579469066773e-07 -2.52621804626277e-07 -3.10930424065351e-02 2.63360396676335e-08 8.18016565272862e-09 -6.77859901676577e-06 -1.11176385274904e-07 1.59398583671678e-07 3.07992119860861e-03 8.47729686499200e-09 -7.12920719980542e-03 -1.27978376916160e-06 1.93204493475392e-06 -7.68836270560908e-07 2.10600185529612e-02 -1.35893303403621e-07 9.37467925075653e-08 6.92751161281499e-02 2.89962131753608e-07 -1.62558673960965e-07 -8.77588175686736e-03 1.16783247153231e-07 5.57141094986334e-08 6.15849570919825e-03 -6.12317276738055e-08 1.29699745340333e-06 -2.51300111081826e-06 9.26690976638709e-07 2.10633288182389e-02 -4.46742582780678e-07 -2.98408131525339e-07 6.92981163936044e-02 3.58332744684639e-07 2.58960002993590e-07 8.79299142897867e-03 8.65513179702388e-08 2.28460083730710e-08 6.12176017436129e-03 -3.31263477695905e-08
 1.17934123035372e-05 1.87581227525184e-05 -2.61191701648733e-05 9.37036915809319e-04 -7.26566823485034e-07 -5.82401779119212e-02 -1.25679821276484e-04 3.01933045014278e-07 1.15578122799331e+00 1.06907769231890e-04 -2.95099652761511e-07 -1.54279503960396e-01 -3.38108679251672e-04 8.82112252420160e-08 -1.95784352098120e-02 1.13700966007410e-05 -1.33428190152126e-07 -8.05955300179489e-06 -1.01732616576590e-07 -2.05889679472122e-02 -3.52603164079247e-05 6.37789998820893e-07 -4.37570008593553e-05 -4.48271703299430e-03 5.58474425117910e-08 -2.11567626057669e-04 2.45784394787511e-05 -8.80677216421281e-08 -8.86503298518125e-06 3.86847961641516e-07 -1.36369703876744e-01 9.36742828396105e-01 -2.70053352765435e-01 1.14071899970693e-07 -1.14823539580380e-02 1.98179895455511e-02 2.94396387260366e-07 -2.05207852007274e-02 3.04117630290518e-02 -5.22764864145562e-07 -6.36579054835234e-03 3.31790209455326e-03 3.70724367637483e-07 -3.13480393079004e-03 1.35383566550350e-01 -9.36708851318421e-01 2.69940386061279e-01 -3.07328328370452e-08 -1.14237325309327e-02 -1.98359883986597e-02 2.32147841243336e-07 -2.10053060883160e-02 -3.07961764122891e-02 5.43240950164233e-07 -6.41596482563101e-03 -3.30078571613909e-03 3.18098292113277e-07 3.06326345370692e-03
 -7.71396120128172e-03 9.64955096746534e-03 2.72017777239110e-01 2.72232852772738e-01 -6.37166472016049e-08 4.28125865383142e-05 -5.96490920632458e-02 3.57667883630301e-07 1.06907769231890e-04 1.39612089442070e+00 -2.54425555567259e-07 1.79195815328097e-04 -7.15063234583454e-03 -8.35899916872721e-08 1.58245259399212e-05 -9.71137576259315e-03 1.69549162924839e-07 5.71592666477300e-03 5.97684523535909e-07 -9.43089698262883e-05 -2.65402416280642e-02 -7.53711690878306e-08 8.12725919885319e-03 -6.43597114305568e-06 -3.38734500384363e-07 2.56137840373443e-05 8.68120461777959e-04 -9.14668379959754e-08 -5.84347355415153e-03 -4.58230484271898e-09 1.15166318871627e-01 -7.19679290967925e-01 2.28312350885472e-01 -3.90001936314442e-08 1.82629429029707e-02 3.73834692813594e-03 -1.52502746859184e-07 3.39376750080931e-02 3.22931304768837e-02 3.27422133566590e-07 3.21005741859216e-04 5.09257912488211e-03 -3.93885963028909e-07 5.54603644170243e-03 1.16037943450163e-01 -7.20170010526335e-01 2.28635248972202e-01 1.51389204058761e-08 -1.82692163397352e-02 3.77973994866503e-03 2.32275221392335e-07 -3.36880737430476e-02 3.21596186008501e-02 3.87930004153021e-07 -2.80899370426791e-04 5.10122366911788e-03 3.55705119818545e-07 5.46120266958035e-03
 -4.18946122650525e-08 1.09689133552572e-08 -3.05912417121770e-07 -2.70651815195322e-08 -5.11081271521199e-03 7.94632404627927e-09 -2.82447229493917e-08 1.34008004503071e-01 -2.95099652761511e-07 -2.54425555567259e-07 1.02358645764709e-02 3.11789567044039e-08 2.46965222779601e-09 -8.35176230314137e-07 -1.44765659353352e-08 2.54866532742250e-08 -7.75174084207049e-04 -2.56884915975304e-08 -2.29720264430451e-06 5.36802914667705e-08 -1.35854101926547e-08 -2.37496388771957e-03 3.22981088509400e-10 1.85701556951359e-09 -5.17766263324859e-07 -8.42643778611643e-09 1.18577409383270e-08 2.35252039013069e-04 1.45543062284683e-09 -5.44546571826530e-04 -6.13624692175816e-08 -5.04779977233650e-08 -5.89323784682045e-10 1.60861657983989e-03 -7.93746242141649e-09 -1.59704181940483e-09 5.29140561277801e-03 2.54004572678053e-08 -3.16675281512718e-08 -6.70323668471669e-04 1.17611898561821e-08 2.25484907504110e-09 4.70401214444486e-04 -4.34990191704922e-09 6.04389122791535e-08 1.25894025429573e-07 -1.98209844644237e-08 1.60886942621242e-03 -3.02467010018227e-08 -2.06408114267968e-08 5.29316243024174e-03 3.55007647792897e-08 1.74006440904252e-08 6.71630547711139e-04 7.29094775138559e-09 1.56443413254930e-09 4.67595262907432e-04 -3.90737471076440e-09
 -5.82581631015694e-06 -1.24394405755164e-06 -2.85951363492715e-06 -8.36603921296267e-05 1.01055777350389e-07 7.77419897219340e-03 8.48927320381502e-06 -1.47399446505050e-07 -1.54279503960396e-01 1.79195815328097e-04 3.11789567044039e-08 2.05940338501530e-02 4.12308939404353e-05 -1.17965018205991e-08 2.61343170964032e-03 -2.87779737058897e-06 1.84508520572341e-08 2.06522635661779e-06 1.36907441084611e-08 2.74830312266928e-03 1.08784271317451e-06 -8.32474657861675e-08 6.96133087727148e-06 5.98374313815036e-04 -7.51405475789103e-09 2.82468352227005e-05 -3.18605483053678e-06 1.15592708128236e-08 3.03066109961201e-07 -5.12062404741860e-08 1.82232280518462e-02 -1.25156171409168e-01 3.60850638937422e-02 -1.65245037623058e-08 1.53578119852793e-03 -2.64534094691860e-03 -4.35546530921530e-08 2.74471627788445e-03 -4.05582032086049e-03 7.03727090006554e-08 8.49990143494690e-04 -4.42196014418032e-04 -4.99257264549070e-08 4.19322488604144e-04 -1.80516582589216e-02 1.24921577437539e-01 -3.59959907985025e-02 2.82140353795066e-09 1.52184031330591e-03 2.64787870015735e-03 -3.51818813569985e-08 2.79843126549710e-03 4.11450559106189e-03 -7.29910962041370e-08 8.56190614608209e-04 4.41301105531016e-04 -4.27787475603056e-08 -4.08041316272125e-04
 2.89673760597013e-03 1.20103763108463e-04 1.04429735856682e-01 -1.02710284351194e-02 1.02029099498171e-08 1.73472956267692e-05 3.36971933052394e-04 2.26207037051442e-07 -3.38108679251672e-04 -7.15063234583454e-03 2.46965222779601e-09 4.12308939404353e-05 7.01977535131976e-03 2.71555146840889e-08 3.08349361219623e-06 8.40222644919543e-05 5.25772038733333e-09 -5.01947571577184e-04 -6.69668326657394e-08 1.43872874687076e-05 -3.31985029996233e-06 -2.57176815324504e-09 -3.17000093354142e-05 2.56372359087260e-06 3.25621602802264e-08 -5.24149800842926e-06 5.78082968732728e-05 -9.65133876740447e-09 2.02330364274861e-04 5.37897941862470e-09 -1.00448916219324e-02 4.01124053306826e-02 -1.39166102059821e-02 1.75567815523242e-08 -1.35597916603054e-03 1.06314127790242e-03 2.27092951424793e-08 -2.07779052783988e-03 1.69782266022155e-03 -2.70549749983049e-08 -5.00131326801870e-04 8.19054660670813e-07 2.41691282420583e-08 -2.78631376390887e-04 -1.01111316010932e-02 4.06150680975672e-02 -1.40605194660021e-02 -5.26704943519269e-09 1.35744085479876e-03 1.07319575878436e-03 -7.55785272490513e-09 2.08759787191210e-03 1.71793889328422e-03 -1.70780576335898e-08 4.99096975763927e-04 2.62335337209960e-06 -1.84678429140958e-08 -2.73563427210346e-04
 -4.34360148132997e-07 -1.38949005248684e-09 4.04442408411181e-07 -5.12010347984502e-08 4.17007223603385e-07 -4.44045384853621e-09 1.85553466761790e-09 -1.09341317632581e-05 8.82112252420160e-08 -8.35899916872721e-08 -8.35176230314137e-07 -1.17965018205991e-08 2.71555146840889e-08 6.83586432337935e-11 -1.50672328892391e-09 7.06947312017256e-10 6.32488808219159e-08 -2.08535430697169e-09 1.87069591085673e-10 -1.54010353892109e-09 1.24787635520493e-09 1.93780792784578e-07 -8.26290114114242e-10 -3.38728142176918e-10 4.24172047690645e-11 -3.36400924162099e-11 2.88664110825474e-10 -1.91950083787383e-08 1.30753157873345e-09 4.44313308652862e-08 -5.49861022856805e-08 2.59932694474789e-07 -8.49117584637578e-08 -1.31251971179276e-07 -6.77665487125631e-09 5.44254353768931e-09 -4.31742203699490e-07 -1.11023866489589e-08 7.74446323098751e-09 5.46936317320978e-08 -2.59827744477791e-09 1.08530326145477e-10 -3.83813550728640e-08 -1.57781115504486e-09 -3.42411090213679e-08 1.16812080405212e-07 -4.36670380560990e-08 -1.31272719533877e-07 5.01513801817071e-09 2.41186835145720e-09 -4.31885728460719e-07 7.91272076844533e-09 3.08509308370061e-09 -5.48004798749760e-08 1.60196591575532e-09 -3.99117194421437e-10 -3.81526307429519e-08 -1.07699064855058e-09
 1.30129303426138e-05 -2.10792164208829e-07 -3.53115853088844e-05 -9.15723776123960e-06 2.20246974750808e-08 9.86563732587266e-04 1.42293202952132e-06 -2.60114470070719e-07 -1.95784352098120e-02 1.58245259399212e-05 -1.44765659353352e-08 2.61343170964032e-03 3.08349361219623e-06 -1.50672328892391e-09 3.31651503201362e-04 -3.27658432661907e-07 3.73481501426070e-09 3.79439124760538e-07 1.76111387466487e-09 3.48764195813210e-04 3.06742309617793e-07 -6.28633416847690e-09 8.52309429055903e-07 7.59348201473309e-05 -9.61516451473456e-10 3.58597750989279e-06 -4.31409891074296e-07 1.04744411925439e-09 3.72116477938950e-09 -5.51987367219537e-09 2.31501319532018e-03 -1.58906844743791e-02 4.58220990721557e-03 -4.99967821250719e-09 1.95198351174668e-04 -3.36058416655840e-04 -1.50636535242954e-08 3.48746345485270e-04 -5.15444752156669e-04 1.01445985624992e-08 1.08026425343184e-04 -5.61514287424359e-05 -7.18836414937441e-09 5.32655613150185e-05 -2.28836577173770e-03 1.58447916214771e-02 -4.56505313631962e-03 -2.53773783779276e-09 1.92822642313466e-04 3.35663869881046e-04 -1.39958922852789e-08 3.54691207229945e-04 5.21389103104709e-04 -1.04694807591931e-08 1.08493169744926e-04 5.59664926355120e-05 -6.26711462930328e-09 -5.17304005106675e-05
 8.93468022199050e-05 -6.62183976617485e-05 -1.37330895102992e-03 -1.93716992349356e-03 -1.13593871611086e-08 -9.05714487702962e-07 4.15159285585363e-04 3.09114230921898e-07 1.13700966007410e-05 -9.71137576259315e-03 2.54866532742250e-08 -2.87779737058897e-06 8.40222644919543e-05 7.06947312017256e-10 -3.27658432661907e-07 6.77207484217839e-05 -2.94674003544129e-09 -4.20839250164772e-05 -4.47399922765450e-09 4.78987569127872e-07 1.83919622456853e-04 -4.98566164033118e-09 -5.64665890439637e-05 3.85950929649759e-09 2.50567656651569e-09 -2.05934615066021e-07 -5.73758116451958e-06 1.13142067217455e-09 4.14789334603194e-05 -1.19985820992013e-09 -8.49078205775691e-04 5.19584995046374e-03 -1.65386731906030e-03 4.08413027609359e-09 -1.33373848621909e-04 -2.04530506244928e-05 1.34299812289520e-08 -2.45653373776856e-04 -2.15128369572402e-04 -3.96056274927263e-09 -4.74776231914169e-06 -3.52548273695786e-05 3.94214047005729e-09 -3.98418419267274e-05 -8.52206728422091e-04 5.17939683794333e-03 -1.65037773816550e-03 3.59652465570575e-09 1.33151432095249e-04 -2.11631046596760e-05 1.06200224191292e-08 2.43476657496586e-04 -2.14833606236875e-04 -1.20988859439041e-09 4.31239685639491e-06 -3.53846558070443e-05 -1.46842835261117e-09 -3.91550502060799e-05
 1.31120402013749e-08 3.82387491447719e-10 1.45657105279376e-07 2.34060620417679e-08 3.87047868555888e-04 7.25343204342330e-09 -4.20379241573690e-09 -1.01485840683738e-02 -1.33428190152126e-07 1.69549162924839e-07 -7.75174084207049e-04 1.84508520572341e-08 5.25772038733333e-09 6.32488808219159e-08 3.73481501426070e-09 -2.94674003544129e-09 5.87048467448625e-05 2.14304090495422e-09 1.73969885819189e-07 -1.29325299387324e-09 -1.95013185085462e-09 1.79858813290752e-04 8.72035615962359e-10 4.64007729150842e-10 3.92110318818199e-08 6.64790982488983e-10 -7.54727827795861e-10 -1.78159140938345e-05 -5.91300050317460e-10 4.12391534182658e-05 2.70625818290998e-08 -1.67582377618731e-07 4.97202772150245e-08 -1.21822428859696e-04 2.99586309411723e-09 -1.18638706803326e-09 -4.00724381400325e-04 2.81197704430574e-09 3.42590533463679e-09 5.07644012688125e-05 -4.36855492527307e-10 -4.61280934515247e-11 -3.56240382672175e-05 1.12797006433366e-09 -1.86819333269796e-08 7.14892438511978e-08 -2.15606845677727e-08 -1.21841577207685e-04 2.97800523284476e-09 5.60405955466528e-09 -4.00857427231109e-04 -1.80089509318305e-09 7.94712186690038e-09 -5.08633727345126e-05 7.17148580433733e-10 8.99181384783038e-10 -3.54115401974060e-05 2.55612819994041e-10
 -5.21699256327153e-04 2.70582973687055e-05 -6.03916887960303e-03 1.71474989720256e-03 1.13830255005471e-08 5.68919632116388e-07 -2.47556806959020e-04 -3.35814238577548e-07 -8.05955300179489e-06 5.71592666477300e-03 -2.56884915975304e-08 2.06522635661779e-06 -5.01947571577184e-04 -2.08535430697169e-09 3.79439124760538e-07 -4.20839250164772e-05 2.14304090495422e-09 5.54408636853999e-05 6.72915675373664e-09 -7.69231520968133e-07 -9.91041791795830e-05 5.58545191192804e-09 3.23544995850334e-05 -7.71294003598048e-08 -3.45491021827995e-09 4.58622427729068e-07 -5.93018764545205e-07 -2.63976545056584e-10 -3.53952033662556e-05 9.29647402725176e-10 1.11433385757188e-03 -5.43438146144478e-03 1.80392194818370e-03 -5.19148991572850e-09 1.60563774687201e-04 -5.85005731602924e-05 -1.48041557849275e-08 2.68257104143147e-04 5.39084342877721e-06 4.67056496283936e-09 3.51121143886968e-05 1.89746188121492e-05 -4.24145479379559e-09 3.96991043157407e-05 1.11471576125220e-03 -5.41943387373972e-03 1.80022652936906e-03 -3.45167963542327e-09 -1.60062964822860e-04 -5.79498002104824e-05 -1.13454530284039e-08 -2.66857369188183e-04 5.18973415291558e-06 9.80848297008229e-10 -3.45448431717779e-05 1.90631835775769e-05 1.44555996830267e-09 3.88688091235207e-05
 3.18412769753397e-07 3.71494367569054e-09 -8.64304099104523e-07 1.98479769975825e-07 1.14700337522773e-06 5.13973931459643e-09 -2.43760627858768e-08 -3.00749923570174e-05 -1.01732616576590e-07 5.97684523535909e-07 -2.29720264430451e-06 1.36907441084611e-08 -6.69668326657394e-08 1.87069591085673e-10 1.76111387466487e-09 -4.47399922765450e-09 1.73969885819189e-07 6.72915675373664e-09 5.16464834408020e-10 1.68999931785351e-09 -1.02307817374592e-08 5.33005522774369e-07 3.68401350255458e-09 3.81884632521841e-10 1.15746218928315e-10 7.63825493964066e-11 -2.82250066388027e-10 -5.27967917234013e-08 -4.31183282651539e-09 1.22210753735129e-07 1.49285285601175e-07 -7.30320552922390e-07 2.40126853516543e-07 -3.61016901700766e-07 2.03877715693586e-08 -1.00965045490456e-08 -1.18753365521350e-06 3.39612796145523e-08 -6.13237952694003e-09 1.50439043532016e-07 5.41365926025803e-09 1.58996408448083e-09 -1.05571066240830e-07 4.98550792023349e-09 1.25521249307288e-07 -5.65056488532374e-07 1.92546296117740e-07 -3.61073391193980e-07 -1.83176582965619e-08 -6.56915167738669e-09 -1.18792746820149e-06 -3.02016844880081e-08 -8.22260038914862e-10 -1.50731652203650e-07 -4.23305477595626e-09 2.17923119245020e-09 -1.04940635516520e-07 4.34539295963236e-09
 5.91043016251751e-06 -7.73444509528870e-07 1.01961586813520e-04 -4.47358504165590e-05 -1.12110657859564e-08 1.03748195421704e-03 6.23210762660371e-06 6.28579469066773e-07 -2.05889679472122e-02 -9.43089698262883e-05 5.36802914667705e-08 2.74830312266928e-03 1.43872874687076e-05 -1.54010353892109e-09 3.48764195813210e-04 4.78987569127872e-07 -1.29325299387324e-09 -7.69231520968133e-07 1.68999931785351e-09 3.66784793835099e-04 2.22632939305136e-06 -2.25909302049504e-08 2.54767155396054e-07 7.98564475994594e-05 -9.40186558369521e-10 3.76128582870356e-06 -4.25479244045950e-07 2.67602061783181e-09 7.37903415161890e-07 -9.46005511723155e-09 2.41093020516905e-03 -1.65979552221575e-02 4.78110399095932e-03 5.59724176056546e-09 2.01906043363550e-04 -3.52053310949788e-04 1.98135226258586e-08 3.61151502850392e-04 -5.41774673606410e-04 6.09208869015880e-09 1.12813789333740e-04 -5.94105994145193e-05 -4.32837480935646e-09 5.51924260771362e-05 -2.43009077154204e-03 1.67754882276013e-02 -4.83828953460583e-03 8.14895489069965e-09 2.06134940109892e-04 3.54334099932898e-04 2.08734926451299e-08 3.78572049187153e-04 5.48587479277514e-04 -6.54363411571525e-09 1.14871196292352e-04 5.84933261663162e-05 -3.49751092564286e-09 -5.52063647194494e-05
 -7.74492427107767e-04 -1.89652693755883e-04 -7.25184653983448e-03 -5.00001277590457e-03 1.02947925170329e-08 8.58561383717464e-07 1.12975736339347e-03 -2.52621804626277e-07 -3.52603164079247e-05 -2.65402416280642e-02 -1.35854101926547e-08 1.08784271317451e-06 -3.31985029996233e-06 1.24787635520493e-09 3.06742309617793e-07 1.83919622456853e-04 -1.95013185085462e-09 -9.91041791795830e-05 -1.02307817374592e-08 2.22632939305136e-06 5.07682877287771e-04 5.76707725945602e-09 -1.55420794408076e-04 2.23795885424474e-07 5.87844752701591e-09 -3.71551301597792e-07 -1.75491390244621e-05 1.48544704667693e-09 1.08223852190947e-04 9.86984246538703e-10 -1.99857506476766e-03 1.29314459874724e-02 -4.07955079796269e-03 -2.47737773193373e-09 -3.21522680026900e-04 -9.33633360087589e-05 -7.01557991638086e-09 -6.06831855170762e-04 -6.51746688723867e-04 -4.52760360677302e-09 3.71902435869698e-06 -9.73568384860444e-05 6.21648470561244e-09 -1.00417941511603e-04 -2.02330202090283e-03 1.29955746283572e-02 -4.10152517708603e-03 -3.08530783989333e-09 3.22411252331366e-04 -9.29817508278657e-05 -1.38526810095829e-08 6.03307307059232e-04 -6.47477570673450e-04 -8.30495892668700e-09 -4.02211951297308e-06 -9.73327189912270e-05 -7.29997516614220e-09 -9.91155623601589e-05
 -5.05264742149229e-08 -3.72293963915853e-09 8.62335290626788e-09 -1.64017798173473e-08 1.18583003327508e-03 -3.05361494898140e-08 1.19786426220126e-08 -3.10930424065351e-02 6.37789998820893e-07 -7.53711690878306e-08 -2.37496388771957e-03 -8.32474657861675e-08 -2.57176815324504e-09 1.93780792784578e-07 -6.28633416847690e-09 -4.98566164033118e-09 1.79858813290752e-04 5.58545191192804e-09 5.33005522774369e-07 -2.25909302049504e-08 5.76707725945602e-09 5.51048075017384e-04 -9.33113798124027e-10 -2.63906231985682e-09 1.20134133170464e-07 1.85074320335671e-09 -2.83163788245898e-09 -5.45840650105462e-05 1.98538399129822e-10 1.26347748693361e-04 -6.07773626056500e-08 5.29844949584208e-07 -1.50448342366236e-07 -3.73237283182402e-04 -5.11068448749739e-09 9.37798607373270e-09 -1.22773187838786e-03 -1.86056731986306e-08 1.85669939163800e-08 1.55531024354737e-04 -5.73851208329009e-09 6.17917415668853e-10 -1.09144262943848e-04 -9.84368000745698e-10 4.47358154625405e-08 -4.33863054182147e-07 1.19974281807262e-07 -3.73295949621646e-04 2.68984231723037e-09 -5.74005115829102e-09 -1.22813950186234e-03 -1.60035994428356e-08 -2.29561502546168e-08 -1.55834251449551e-04 -4.98039926267179e-09 -2.48325761180184e-09 -1.08493215577348e-04 1.97167528980823e-09
 1.63081829986096e-03 6.18940511730844e-05 1.67640438765345e-03 1.57572667395880e-03 -1.34688980524215e-09 2.46858135067031e-06 -3.40323593366930e-04 2.63360396676335e-08 -4.37570008593553e-05 8.12725919885319e-03 3.22981088509400e-10 6.96133087727148e-06 -3.17000093354142e-05 -8.26290114114242e-10 8.52309429055903e-07 -5.64665890439637e-05 8.72035615962359e-10 3.23544995850334e-05 3.68401350255458e-09 2.54767155396054e-07 -1.55420794408076e-04 -9.33113798124027e-10 4.87301204652099e-05 1.42326024642739e-07 -2.03652618922599e-09 1.38016152516955e-07 4.76148400184327e-06 -4.34401969444367e-10 -3.48885910700526e-05 -2.07789807003687e-10 6.67093714176237e-04 -4.19113078876329e-03 1.32683348434730e-03 2.75992653711316e-11 1.04800197623258e-04 2.26002373635125e-05 -3.72530747582914e-11 1.96330090629391e-04 1.88791879911431e-04 1.83651486088147e-09 2.06068976928237e-06 2.93560399751339e-05 -2.24995905128125e-09 3.22164274187594e-05 6.61745959469430e-04 -4.12212145829643e-03 1.30800707367849e-03 3.80025837130354e-10 -1.03975997042153e-04 2.43576719477412e-05 2.33111173126426e-09 -1.93295136931386e-04 1.90362481947568e-04 2.34279752516405e-09 -1.34460351425972e-06 2.96671871301541e-05 2.15168220190949e-09 3.15007277264703e-05
 7.55493723819427e-06 -6.15425375963423e-08 1.71970339121921e-05 -6.34589277809065e-06 2.46435022129037e-09 2.25885329246942e-04 7.79226206091253e-07 8.18016565272862e-09 -4.48271703299430e-03 -6.43597114305568e-06 1.85701556951359e-09 5.98374313815036e-04 2.56372359087260e-06 -3.38728142176918e-10 7.59348201473309e-05 3.85950929649759e-09 4.64007729150842e-10 -7.71294003598048e-08 3.81884632521841e-10 7.98564475994594e-05 2.23795885424474e-07 -2.63906231985682e-09 1.42326024642739e-07 1.73865585249466e-05 -2.10233888805307e-10 8.19503130295304e-07 -8.97854871316517e-08 3.56824123803887e-10 8.50203492256191e-08 -1.53758742167589e-09 5.26775326516661e-04 -3.62372397816627e-03 1.04420171293660e-03 -3.27653437990240e-10 4.42336429816142e-05 -7.66899586398898e-05 -7.70072958934926e-10 7.91126542199679e-05 -1.17767223653679e-04 1.97537082701914e-09 2.46036966248007e-05 -1.28864789580412e-05 -1.39982452824334e-09 1.20912453949862e-05 -5.27224951349575e-04 3.64248316470699e-03 -1.05017157852005e-03 2.30076220171836e-10 4.46070504468309e-05 7.71082227513279e-05 -5.34429767793252e-10 8.19456706270961e-05 1.19629608246340e-04 -2.06455148740343e-09 2.49695744108747e-05 1.27841876677618e-05 -1.20554346316992e-09 -1.19465386711510e-05
 -1.12035881832763e-07 -2.00705349898085e-09 4.05762992134934e-07 -1.05487273323942e-07 2.58523056902159e-07 -2.82171427520430e-09 1.40878342604135e-08 -6.77859901676577e-06 5.58474425117910e-08 -3.38734500384363e-07 -5.17766263324859e-07 -7.51405475789103e-09 3.25621602802264e-08 4.24172047690645e-11 -9.61516451473456e-10 2.50567656651569e-09 3.92110318818199e-08 -3.45491021827995e-09 1.15746218928315e-10 -9.40186558369521e-10 5.87844752701591e-09 1.20134133170464e-07 -2.03652618922599e-09 -2.10233888805307e-10 2.64196137750523e-11 -3.79598562502653e-11 9.36838333456471e-11 -1.18999140972817e-08 2.26336499869827e-09 2.75451458966399e-08 -7.68415942899813e-08 3.83343468131445e-07 -1.25524235446829e-07 -8.13694336621612e-08 -1.05647709686010e-08 4.85263667165822e-09 -2.67657897801357e-07 -1.77161324235320e-08 1.95673845677798e-09 3.39071250746789e-08 -2.64592616900217e-09 -9.37049087055395e-10 -2.37943448581221e-08 -2.61890365818049e-09 -6.38468962040541e-08 2.92703023913978e-07 -9.94361420643904e-08 -8.13823482593971e-08 9.43880667835877e-09 2.92161113783049e-09 -2.67746997850921e-07 1.56417833130656e-08 -9.64281393285323e-10 -3.39735884913859e-08 1.99747241998342e-09 -1.25987834781312e-09 -2.36527726735364e-08 -2.27085969558470e-09
 -1.64044712807135e-05 1.79339575795901e-09 -7.28951500449304e-05 1.13707054042133e-05 4.35731308889969e-09 1.06615814757223e-05 -1.15352444141790e-06 -1.11176385274904e-07 -2.11567626057669e-04 2.56137840373443e-05 -8.42643778611643e-09 2.82468352227005e-05 -5.24149800842926e-06 -3.36400924162099e-11 3.58597750989279e-06 -2.05934615066021e-07 6.64790982488983e-10 4.58622427729068e-07 7.63825493964066e-11 3.76128582870356e-06 -3.71551301597792e-07 1.85074320335671e-09 1.38016152516955e-07 8.19503130295304e-07 -3.79598562502653e-11 4.31296817653675e-08 -3.14636463414535e-08 -1.73399986341202e-10 -2.23904761182495e-07 3.76585947629232e-10 3.40683401425528e-05 -2.11719428527662e-04 6.30786015531532e-05 -1.36596428567859e-09 3.37606576379795e-06 -4.36547186462465e-06 -4.45331148939439e-09 5.78829876035411e-06 -6.35485012413184e-06 6.75081600622569e-10 1.53619543248058e-06 -5.32788081360182e-07 -4.80579565695940e-10 8.60259521968197e-07 -1.56739235210137e-05 1.31247962002117e-04 -3.57746188239004e-05 -1.32248109748041e-09 8.20846533298642e-07 2.89509058902578e-06 -4.41673910590946e-09 1.81863868647292e-06 4.84590180703110e-06 -6.37425889233566e-10 8.07676962313799e-07 6.78948436821489e-07 -4.26887712429763e-10 -2.80706603305300e-07
 -4.31566337730807e-04 6.02932234868418e-06 1.12818107627861e-03 8.91762214562068e-05 -5.93345045165605e-09 -1.19878527952955e-06 -3.86694649688733e-05 1.59398583671678e-07 2.45784394787511e-05 8.68120461777959e-04 1.18577409383270e-08 -3.18605483053678e-06 5.78082968732728e-05 2.88664110825474e-10 -4.31409891074296e-07 -5.73758116451958e-06 -7.54727827795861e-10 -5.93018764545205e-07 -2.82250066388027e-10 -4.25479244045950e-07 -1.75491390244621e-05 -2.83163788245898e-09 4.76148400184327e-06 -8.97854871316517e-08 9.36838333456471e-11 -3.14636463414535e-08 1.19814434432924e-06 1.08513145620793e-10 -1.79439726029608e-06 -5.63654568880037e-10 -1.72684163621142e-05 -9.56038015146041e-05 2.03664783002095e-05 2.03381972700251e-09 -1.30677608950138e-07 1.24315245076848e-05 6.34337457753911e-09 3.45093162328516e-06 3.76027297191144e-05 -8.39107453127829e-10 -4.57453238148856e-06 3.54002421568784e-06 5.28807112296362e-10 1.09760308868944e-06 -1.08029336295935e-05 -1.36059601810202e-04 3.21555821267225e-05 1.84606387148010e-09 -4.02850231094481e-07 1.16057100489875e-05 6.28602276533462e-09 -4.18271578558090e-06 3.62367310687958e-05 9.05357439952692e-10 4.28817792136496e-06 3.40243581493714e-06 6.19654848157247e-10 1.23186420936341e-06
 7.62606216456442e-08 -3.22560395580772e-10 -1.80608293490090e-07 -4.27890965371321e-09 -1.17462389498167e-04 4.27400424353842e-09 3.30386952399650e-09 3.07992119860861e-03 -8.80677216421281e-08 -9.14668379959754e-08 2.35252039013069e-04 1.15592708128236e-08 -9.65133876740447e-09 -1.91950083787383e-08 1.04744411925439e-09 1.13142067217455e-09 -1.78159140938345e-05 -2.63976545056584e-10 -5.27967917234013e-08 2.67602061783181e-09 1.48544704667693e-09 -5.45840650105462e-05 -4.34401969444367e-10 3.56824123803887e-10 -1.18999140972817e-08 -1.73399986341202e-10 1.08513145620793e-10 5.40682438145378e-06 8.72517915320871e-11 -1.25153757926243e-05 1.51842150371369e-08 -7.72154630156753e-08 2.39283615730131e-08 3.69710176579760e-05 1.34103946751581e-09 -3.24169594294592e-09 1.21612976576203e-04 2.76098891636398e-09 -7.60656882357793e-09 -1.54061250050903e-05 1.45885498770725e-09 -5.44139559670424e-10 1.08112845407061e-05 1.54257835444764e-10 -1.20677105364330e-09 5.86846390877876e-08 -1.45300194656586e-08 3.69768288977417e-05 -6.00292091196935e-10 -8.91595441102364e-10 1.21653353741707e-04 1.54465690819950e-09 -2.16876155027249e-09 1.54361611763521e-05 -1.18014071850142e-10 -9.46343608055574e-11 1.07467950563006e-05 -2.75287196220246e-10
 -1.22800738656971e-03 -4.05664453722174e-05 1.51968069956450e-03 -1.36145608639071e-03 4.28078965986498e-10 2.72827146428228e-07 2.44974493670342e-04 8.47729686499200e-09 -8.86503298518125e-06 -5.84347355415153e-03 1.45543062284683e-09 3.03066109961201e-07 2.02330364274861e-04 1.30753157873345e-09 3.72116477938950e-09 4.14789334603194e-05 -5.91300050317460e-10 -3.53952033662556e-05 -4.31183282651539e-09 7.37903415161890e-07 1.08223852190947e-04 1.98538399129822e-10 -3.48885910700526e-05 8.50203492256191e-08 2.26336499869827e-09 -2.23904761182495e-07 -1.79439726029608e-06 8.72517915320871e-11 2.96033933182853e-05 1.94805331952153e-10 -7.19361283032055e-04 3.92560968680765e-03 -1.27474243144323e-03 6.86139945328817e-10 -1.07480271300042e-04 1.10280545398923e-05 1.44257677617748e-09 -1.89600950413118e-04 -8.86191842875289e-05 -2.07153218297975e-09 -1.41735923188991e-05 -2.04905665225710e-05 2.25723856992863e-09 -2.95235847278962e-05 -7.24544727744977e-04 3.94015002231831e-03 -1.27965025793015e-03 -1.47808144552692e-10 1.07552521131111e-04 1.11145489375356e-05 -9.98546888683878e-10 1.88841762280620e-04 -8.75724899100736e-05 -1.97977564776977e-09 1.39875416682601e-05 -2.04860456987862e-05 -1.91104663183014e-09 -2.90601342013048e-05
 -8.92139003268703e-08 -8.76398306774651e-10 9.96881478735727e-08 -9.02558437550728e-09 2.71894525355468e-04 -1.91242340802191e-08 1.87752718783619e-09 -7.12920719980542e-03 3.86847961641516e-07 -4.58230484271898e-09 -5.44546571826530e-04 -5.12062404741860e-08 5.37897941862470e-09 4.44313308652862e-08 -5.51987367219537e-09 -1.19985820992013e-09 4.12391534182658e-05 9.29647402725176e-10 1.22210753735129e-07 -9.46005511723155e-09 9.86984246538703e-10 1.26347748693361e-04 -2.07789807003687e-10 -1.53758742167589e-09 2.75451458966399e-08 3.76585947629232e-10 -5.63654568880037e-10 -1.25153757926243e-05 1.94805331952153e-10 2.89698020118414e-05 -4.98141598945381e-08 3.42893799834291e-07 -1.00121652170598e-07 -8.55781782473814e-05 -4.49524539107361e-09 7.25838818819301e-09 -2.81502042485490e-04 -9.93252101267596e-09 1.25508115375753e-08 3.56611257297539e-05 -3.10694235899525e-09 9.12661852829010e-10 -2.50252790341832e-05 -1.05548620499510e-09 3.09760208184896e-08 -2.68131713387622e-07 7.43145562063371e-08 -8.55916297078868e-05 -8.32520520436557e-10 -4.46370271621990e-09 -2.81595504986911e-04 -6.64592439402205e-09 -9.71177247737312e-09 -3.57306515623597e-05 -2.01520437302376e-09 -1.17659436966078e-09 -2.48760028651991e-05 9.17134907273171e-10
 1.33525701888883e-03 5.82561626738880e-04 -1.21644117622296e-01 3.44303994284729e-02 1.03714434124138e-07 6.87486937243306e-03 -4.92485572305098e-03 -1.27978376916160e-06 -1.36369703876744e-01 1.15166318871627e-01 -6.13624692175816e-08 1.82232280518462e-02 -1.00448916219324e-02 -5.49861022856805e-08 2.31501319532018e-03 -8.49078205775691e-04 2.70625818290998e-08 1.11433385757188e-03 1.49285285601175e-07 2.41093020516905e-03 -1.99857506476766e-03 -6.07773626056500e-08 6.67093714176237e-04 5.26775326516661e-04 -7.68415942899813e-08 3.40683401425528e-05 -1.72684163621142e-05 1.51842150371369e-08 -7.19361283032055e-04 -4.98141598945381e-08 3.85197382072721e-02 -2.19868985616772e-01 6.81603320231229e-02 -5.20747492905681e-08 4.58210831983606e-03 -3.50931699295496e-03 -1.15697878898186e-07 7.82062313765594e-03 -3.47223870792852e-03 1.28462949900782e-07 1.46025288876050e-03 -9.97092397776825e-06 -1.10093373348560e-07 1.16950455030755e-03 6.50165759036466e-03 1.21581041983719e-03 4.44842627123540e-03 4.13756202551415e-10 -1.87266735026209e-03 1.17491465823444e-03 -3.75405965372043e-08 -2.89870533617098e-03 3.73695791205770e-03 -1.65987295212791e-08 5.74595244326581e-05 7.71865172295925e-04 1.10724939745977e-08 4.22416523817571e-04
 -2.18095715023282e-03 -4.13806161060513e-03 4.16627833831276e-01 -1.86285895839765e-01 -5.29599139099013e-07 -4.72244628955380e-02 3.07282350425172e-02 1.93204493475392e-06 9.36742828396105e-01 -7.19679290967925e-01 -5.04779977233650e-08 -1.25156171409168e-01 4.01124053306826e-02 2.59932694474789e-07 -1.58906844743791e-02 5.19584995046374e-03 -1.67582377618731e-07 -5.43438146144478e-03 -7.30320552922390e-07 -1.65979552221575e-02 1.29314459874724e-02 5.29844949584208e-07 -4.19113078876329e-03 -3.62372397816627e-03 3.83343468131445e-07 -2.11719428527662e-04 -9.56038015146041e-05 -7.72154630156753e-08 3.92560968680765e-03 3.42893799834291e-07 -2.19868985616772e-01 1.32339353737808e+00 -4.04072232086789e-01 2.12710081860694e-07 -2.53726973527651e-02 1.98536036264503e-02 4.60956972396818e-07 -4.41759447407515e-02 1.78487661471655e-02 -7.30904625497087e-07 -7.96311750893151e-03 2.12836600545127e-04 6.23642016464260e-07 -6.72211569220046e-03 3.90530868549128e-05 -1.95093510429587e-01 3.35247844454838e-02 -5.20937264802329e-08 6.78230716548097e-03 -1.23154205883573e-02 6.12278903701132e-08 1.03836893758349e-02 -3.16851747489916e-02 1.65127436178154e-07 -2.44153847270666e-03 -5.15681020489711e-03 -1.06228560385108e-08 -1.62086979563381e-03
 1.51853213754604e-04 1.28427573983375e-03 -1.50103840210299e-01 6.06232637430454e-02 1.54069797693580e-07 1.36148628239442e-02 -9.75667848690635e-03 -7.68836270560908e-07 -2.70053352765435e-01 2.28312350885472e-01 -5.89323784682045e-10 3.60850638937422e-02 -1.39166102059821e-02 -8.49117584637578e-08 4.58220990721557e-03 -1.65386731906030e-03 4.97202772150245e-08 1.80392194818370e-03 2.40126853516543e-07 4.78110399095932e-03 -4.07955079796269e-03 -1.50448342366236e-07 1.32683348434730e-03 1.04420171293660e-03 -1.25524235446829e-07 6.30786015531532e-05 2.03664783002095e-05 2.39283615730131e-08 -1.27474243144323e-03 -1.00121652170598e-07 6.81603320231229e-02 -4.04072232086789e-01 1.24024681826475e-01 -6.92414696949325e-08 7.99432021503514e-03 -6.01775546599463e-03 -1.47962693231033e-07 1.38565127412350e-02 -5.26604092636341e-03 2.24552310097460e-07 2.46162594994441e-03 5.60908361684386e-06 -1.93352190111657e-07 2.10152048139004e-03 4.77007009726108e-03 3.37023973715715e-02 -2.13094673680401e-03 1.51929589385191e-08 -2.63327524876379e-03 3.25733838115761e-03 -1.78222602785617e-08 -4.11043794265111e-03 9.01167633503903e-03 -3.77316653794949e-08 5.40012568168924e-04 1.55379079682264e-03 1.32037601565551e-08 6.27538855729548e-04
 -5.57471165599412e-08 1.96691150214325e-09 2.15001717463932e-07 -2.59454859056868e-08 -8.03189414012766e-04 -6.83423193842325e-09 -4.65091383755495e-09 2.10600185529612e-02 1.14071899970693e-07 -3.90001936314442e-08 1.60861657983989e-03 -1.65245037623058e-08 1.75567815523242e-08 -1.31251971179276e-07 -4.99967821250719e-09 4.08413027609359e-09 -1.21822428859696e-04 -5.19148991572850e-09 -3.61016901700766e-07 5.59724176056546e-09 -2.47737773193373e-09 -3.73237283182402e-04 2.75992653711316e-11 -3.27653437990240e-10 -8.13694336621612e-08 -1.36596428567859e-09 2.03381972700251e-09 3.69710176579760e-05 6.86139945328817e-10 -8.55781782473814e-05 -5.20747492905681e-08 2.12710081860694e-07 -6.92414696949325e-08 2.52802025884838e-04 -5.94493473998296e-09 5.18421112538917e-09 8.31570478193705e-04 -3.56669286693716e-09 3.90732538723658e-09 -1.05344669259698e-04 -2.91160826574868e-10 8.94006058297917e-10 7.39258699841656e-05 -1.73989300201641e-09 4.83674408370161e-09 -1.97651959087656e-08 2.73746852480156e-09 2.52841761860874e-04 -3.24836526591726e-09 -3.31653707054140e-09 8.31846570635268e-04 7.37084826518153e-09 3.12550449105465e-09 1.05550051676051e-04 1.49974051013097e-09 -1.33748503167788e-10 7.34849007615049e-05 -7.94321226796764e-10
 -8.07415907541081e-04 9.47002996702050e-05 -1.56169154448266e-02 5.16062604375393e-03 8.31519575224696e-09 5.79131033520219e-04 -7.85548984900654e-04 -1.35893303403621e-07 -1.14823539580380e-02 1.82629429029707e-02 -7.93746242141649e-09 1.53578119852793e-03 -1.35597916603054e-03 -6.77665487125631e-09 1.95198351174668e-04 -1.33373848621909e-04 2.99586309411723e-09 1.60563774687201e-04 2.03877715693586e-08 2.01906043363550e-04 -3.21522680026900e-04 -5.11068448749739e-09 1.04800197623258e-04 4.42336429816142e-05 -1.05647709686010e-08 3.37606576379795e-06 -1.30677608950138e-07 1.34103946751581e-09 -1.07480271300042e-04 -4.49524539107361e-09 4.58210831983606e-03 -2.53726973527651e-02 7.99432021503514e-03 -5.94493473998296e-09 5.82467024086827e-04 -3.45243119691867e-04 -1.26969699058410e-08 9.93998987563753e-04 -2.18983578400745e-04 1.45791535276111e-08 1.58071315444196e-04 2.86251640597577e-05 -1.32024581786145e-08 1.49204917099005e-04 1.89020375335933e-03 -6.75612355847211e-03 2.63040596762609e-03 2.89315171082973e-10 -3.54001169664428e-04 4.95360724295270e-05 -1.93230184890065e-09 -5.77943474899940e-04 3.87145658847798e-04 1.90106417469669e-09 -2.97209838643978e-05 9.45155700823820e-05 4.15376245763765e-09 8.53427969307737e-05
 4.89660646907863e-04 5.27759542974219e-05 1.72143248050183e-02 -6.38299442596515e-04 -1.31125718353094e-08 -9.98419633467186e-04 -1.56633814213446e-04 9.37467925075653e-08 1.98179895455511e-02 3.73834692813594e-03 -1.59704181940483e-09 -2.64534094691860e-03 1.06314127790242e-03 5.44254353768931e-09 -3.36058416655840e-04 -2.04530506244928e-05 -1.18638706803326e-09 -5.85005731602924e-05 -1.00965045490456e-08 -3.52053310949788e-04 -9.33633360087589e-05 9.37798607373270e-09 2.26002373635125e-05 -7.66899586398898e-05 4.85263667165822e-09 -4.36547186462465e-06 1.24315245076848e-05 -3.24169594294592e-09 1.10280545398923e-05 7.25838818819301e-09 -3.50931699295496e-03 1.98536036264503e-02 -6.01775546599463e-03 5.18421112538917e-09 -3.45243119691867e-04 5.19358609323591e-04 1.01213457186752e-08 -5.58609523314954e-04 8.99564006196733e-04 -1.23233055233369e-08 -1.86229250218123e-04 7.48551929953559e-05 8.95145878208054e-09 -7.80335694191518e-05 1.15539776526061e-03 -1.22783381420344e-02 3.24456704975782e-03 -6.70946096437969e-10 -4.83549852774918e-05 -1.60666054658017e-04 5.67903685312502e-09 -1.52916062890486e-04 -1.50058335185987e-04 8.28743768487379e-09 -3.35377961895789e-05 -3.86224803400209e-05 4.01000722029403e-09 2.90193912572843e-05
 -1.26418451132188e-07 5.68055467808138e-09 1.66796620824988e-07 -4.52461974805235e-08 -2.64202236050655e-03 -1.84117984199355e-08 -1.41216830937734e-08 6.92751161281499e-02 2.94396387260366e-07 -1.52502746859184e-07 5.29140561277801e-03 -4.35546530921530e-08 2.27092951424793e-08 -4.31742203699490e-07 -1.50636535242954e-08 1.34299812289520e-08 -4.00724381400325e-04 -1.48041557849275e-08 -1.18753365521350e-06 1.98135226258586e-08 -7.01557991638086e-09 -1.22773187838786e-03 -3.72530747582914e-11 -7.70072958934926e-10 -2.67657897801357e-07 -4.45331148939439e-09 6.34337457753911e-09 1.21612976576203e-04 1.44257677617748e-09 -2.81502042485490e-04 -1.15697878898186e-07 4.60956972396818e-07 -1.47962693231033e-07 8.31570478193705e-04 -1.26969699058410e-08 1.01213457186752e-08 2.73537942518438e-03 -1.23123973563944e-09 7.02598447793233e-10 -3.46522211022717e-04 2.03132366504690e-09 2.47136955254318e-09 2.43172778429365e-04 -4.32744147920227e-09 5.23977816231721e-08 -1.72482232576099e-07 5.09572641282125e-08 8.31701186388261e-04 -1.59154894658789e-08 -1.50621408912031e-08 2.73628760762537e-03 1.66493294514261e-08 2.40582009197659e-09 3.47197798975142e-04 2.86032959335911e-09 -4.45886045940193e-10 2.41722248363244e-04 -1.68123962270687e-09
 -1.45284003104327e-04 1.90578767287886e-04 -2.23591251530355e-02 9.03092808803285e-03 -4.65317955666035e-09 1.03505950322819e-03 -1.45304516016218e-03 2.89962131753608e-07 -2.05207852007274e-02 3.39376750080931e-02 2.54004572678053e-08 2.74471627788445e-03 -2.07779052783988e-03 -1.11023866489589e-08 3.48746345485270e-04 -2.45653373776856e-04 2.81197704430574e-09 2.68257104143147e-04 3.39612796145523e-08 3.61151502850392e-04 -6.06831855170762e-04 -1.86056731986306e-08 1.96330090629391e-04 7.91126542199679e-05 -1.77161324235320e-08 5.78829876035411e-06 3.45093162328516e-06 2.76098891636398e-09 -1.89600950413118e-04 -9.93252101267596e-09 7.82062313765594e-03 -4.41759447407515e-02 1.38565127412350e-02 -3.56669286693716e-09 9.93998987563753e-04 -5.58609523314954e-04 -1.23123973563944e-09 1.71215517912467e-03 -2.67368029598817e-04 2.25122907786209e-08 2.58017978538318e-04 5.71611242925523e-05 -2.10504046954663e-08 2.59262037479588e-04 3.01142987574205e-03 -1.09078479268574e-02 4.27138644788605e-03 6.53117702181075e-09 -5.85971395834175e-04 1.46896046159719e-04 1.70588386863692e-08 -9.68422561165250e-04 8.15837228277618e-04 5.62090102069386e-09 -2.88284724553072e-05 1.74926789432883e-04 8.76035544793817e-09 1.45380713327693e-04
 -2.30151657239922e-04 2.66442131070075e-04 3.46890685967665e-02 3.93954575219842e-03 -8.79736245077221e-09 -1.53118553169760e-03 -1.37783990772792e-03 -1.62558673960965e-07 3.04117630290518e-02 3.22931304768837e-02 -3.16675281512718e-08 -4.05582032086049e-03 1.69782266022155e-03 7.74446323098751e-09 -5.15444752156669e-04 -2.15128369572402e-04 3.42590533463679e-09 5.39084342877721e-06 -6.13237952694003e-09 -5.41774673606410e-04 -6.51746688723867e-04 1.85669939163800e-08 1.88791879911431e-04 -1.17767223653679e-04 1.95673845677798e-09 -6.35485012413184e-06 3.76027297191144e-05 -7.60656882357793e-09 -8.86191842875289e-05 1.25508115375753e-08 -3.47223870792852e-03 1.78487661471655e-02 -5.26604092636341e-03 3.90732538723658e-09 -2.18983578400745e-04 8.99564006196733e-04 7.02598447793233e-10 -2.67368029598817e-04 2.04927860269640e-03 -1.18583395595537e-08 -2.94524271954168e-04 2.12650884419174e-04 5.79805139643838e-09 -2.16174849975095e-05 3.70263319728602e-03 -3.14668127567278e-02 8.95312385396454e-03 -4.73794233635071e-09 -3.85238988979780e-04 -1.43148777637764e-04 2.88903726202151e-10 -8.19709226278780e-04 4.36192804023693e-04 1.80562299153269e-08 -4.20659070913864e-05 3.86832314746354e-05 1.13051139858563e-08 1.41219342404820e-04
 6.68097661721474e-08 1.05285332255005e-09 -3.07835829310938e-07 9.44662927246356e-08 3.34695589792227e-04 2.68036043330115e-08 -1.11724119694575e-08 -8.77588175686736e-03 -5.22764864145562e-07 3.27422133566590e-07 -6.70323668471669e-04 7.03727090006554e-08 -2.70549749983049e-08 5.46936317320978e-08 1.01445985624992e-08 -3.96056274927263e-09 5.07644012688125e-05 4.67056496283936e-09 1.50439043532016e-07 6.09208869015880e-09 -4.52760360677302e-09 1.55531024354737e-04 1.83651486088147e-09 1.97537082701914e-09 3.39071250746789e-08 6.75081600622569e-10 -8.39107453127829e-10 -1.54061250050903e-05 -2.07153218297975e-09 3.56611257297539e-05 1.28462949900782e-07 -7.30904625497087e-07 2.24552310097460e-07 -1.05344669259698e-04 1.45791535276111e-08 -1.23233055233369e-08 -3.46522211022717e-04 2.25122907786209e-08 -1.18583395595537e-08 4.38979845275564e-05 4.14132894619656e-09 -6.80989410639153e-10 -3.08055141737649e-05 3.91319392724483e-09 -6.84886604496737e-09 1.36341409785877e-07 -2.74541022867060e-08 -1.05361227432719e-04 -1.31729498901243e-09 7.53716523058257e-09 -3.46637260807585e-04 -6.96408177401927e-09 1.36020031147588e-08 -4.39835687987887e-05 6.31699508769564e-10 2.47123321704674e-09 -3.06217584034472e-05 9.34976863931960e-10
 5.77278187702477e-04 -7.45773763441644e-06 -7.54645221660110e-03 6.95250732580304e-04 -1.89192436364046e-09 3.20737077909528e-04 -1.20814444404845e-05 1.16783247153231e-07 -6.36579054835234e-03 3.21005741859216e-04 1.17611898561821e-08 8.49990143494690e-04 -5.00131326801870e-04 -2.59827744477791e-09 1.08026425343184e-04 -4.74776231914169e-06 -4.36855492527307e-10 3.51121143886968e-05 5.41365926025803e-09 1.12813789333740e-04 3.71902435869698e-06 -5.73851208329009e-09 2.06068976928237e-06 2.46036966248007e-05 -2.64592616900217e-09 1.53619543248058e-06 -4.57453238148856e-06 1.45885498770725e-09 -1.41735923188991e-05 -3.10694235899525e-09 1.46025288876050e-03 -7.96311750893151e-03 2.46162594994441e-03 -2.91160826574868e-10 1.58071315444196e-04 -1.86229250218123e-04 2.03132366504690e-09 2.58017978538318e-04 -2.94524271954168e-04 4.14132894619656e-09 7.12945260988464e-05 -1.91928396240280e-05 -3.28210609062703e-09 3.66165380502104e-05 -3.75760143171562e-05 2.35873917839814e-03 -5.13583209579803e-04 2.16752649663523e-09 -3.15389544744940e-05 3.22787908206999e-05 4.57116879828653e-09 -2.91734573683354e-05 4.24525873035562e-05 -1.15452723430502e-09 -5.59820091165125e-07 1.72728235122416e-05 1.57089465237262e-12 2.00084098213214e-06
 -2.56958253851450e-04 3.51389247355011e-05 1.42269877553746e-03 9.59696759750784e-04 -4.27162061324065e-09 -1.67009550052844e-04 -2.18788438584421e-04 5.57141094986334e-08 3.31790209455326e-03 5.09257912488211e-03 2.25484907504110e-09 -4.42196014418032e-04 8.19054660670813e-07 1.08530326145477e-10 -5.61514287424359e-05 -3.52548273695786e-05 -4.61280934515247e-11 1.89746188121492e-05 1.58996408448083e-09 -5.94105994145193e-05 -9.73568384860444e-05 6.17917415668853e-10 2.93560399751339e-05 -1.28864789580412e-05 -9.37049087055395e-10 -5.32788081360182e-07 3.54002421568784e-06 -5.44139559670424e-10 -2.04905665225710e-05 9.12661852829010e-10 -9.97092397776825e-06 2.12836600545127e-04 5.60908361684386e-06 8.94006058297917e-10 2.86251640597577e-05 7.48551929953559e-05 2.47136955254318e-09 5.71611242925523e-05 2.12650884419174e-04 -6.80989410639153e-10 -1.91928396240280e-05 2.82387020135721e-05 -9.05675371024706e-11 1.02044111084680e-05 7.73310872308887e-04 -5.16662758376771e-03 1.55682587090506e-03 5.76615763785888e-10 -9.44162028503624e-05 -3.88197888622439e-05 3.55997925824441e-09 -1.75448259230915e-04 3.64817532087352e-05 3.17749061680843e-09 -1.73671215291570e-05 9.27087825516074e-06 2.32328597854237e-09 2.77104044219502e-05
 -5.82862657734272e-08 -1.81383429880598e-09 2.50358233366625e-07 -1.03842359732091e-07 -2.34873419058034e-04 -1.90098190569675e-08 1.48134399070336e-08 6.15849570919825e-03 3.70724367637483e-07 -3.93885963028909e-07 4.70401214444486e-04 -4.99257264549070e-08 2.41691282420583e-08 -3.83813550728640e-08 -7.18836414937441e-09 3.94214047005729e-09 -3.56240382672175e-05 -4.24145479379559e-09 -1.05571066240830e-07 -4.32837480935646e-09 6.21648470561244e-09 -1.09144262943848e-04 -2.24995905128125e-09 -1.39982452824334e-09 -2.37943448581221e-08 -4.80579565695940e-10 5.28807112296362e-10 1.08112845407061e-05 2.25723856992863e-09 -2.50252790341832e-05 -1.10093373348560e-07 6.23642016464260e-07 -1.93352190111657e-07 7.39258699841656e-05 -1.32024581786145e-08 8.95145878208054e-09 2.43172778429365e-04 -2.10504046954663e-08 5.79805139643838e-09 -3.08055141737649e-05 -3.28210609062703e-09 -9.05675371024706e-11 2.16178422470574e-05 -3.56621258769113e-09 -1.43158342875261e-08 8.78044001927123e-09 -1.47191638214152e-08 7.39374896996745e-05 3.81647377877724e-09 -5.12462828183094e-09 2.43253514822635e-04 9.96991533635344e-09 -1.22578690164463e-08 3.08655730280308e-05 -1.17885140907155e-10 -2.32602370424852e-09 2.14888910888854e-05 -1.44148354154931e-09
 6.59444510755291e-05 3.28401908599726e-05 -2.73199032691267e-03 1.39861585291284e-03 3.40307201857172e-09 1.58133095439594e-04 -2.36936841454246e-04 -6.12317276738055e-08 -3.13480393079004e-03 5.54603644170243e-03 -4.34990191704922e-09 4.19322488604144e-04 -2.78631376390887e-04 -1.57781115504486e-09 5.32655613150185e-05 -3.98418419267274e-05 1.12797006433366e-09 3.96991043157407e-05 4.98550792023349e-09 5.51924260771362e-05 -1.00417941511603e-04 -9.84368000745698e-10 3.22164274187594e-05 1.20912453949862e-05 -2.61890365818049e-09 8.60259521968197e-07 1.09760308868944e-06 1.54257835444764e-10 -2.95235847278962e-05 -1.05548620499510e-09 1.16950455030755e-03 -6.72211569220046e-03 2.10152048139004e-03 -1.73989300201641e-09 1.49204917099005e-04 -7.80335694191518e-05 -4.32744147920227e-09 2.59262037479588e-04 -2.16174849975095e-05 3.91319392724483e-09 3.66165380502104e-05 1.02044111084680e-05 -3.56621258769113e-09 3.95883055604939e-05 4.35161853477048e-04 -1.64035806895474e-03 6.37434720453685e-04 -3.12117856351797e-10 -8.69058342419704e-05 2.97449715095101e-05 -1.59258097208820e-09 -1.45588578498727e-04 1.43831256592683e-04 3.36539593702684e-10 -1.62092691327334e-06 2.81967793309114e-05 9.62361618698194e-10 2.22071989832464e-05
 1.32621511432298e-03 5.93202912734019e-04 -1.21218224299795e-01 3.47933843475731e-02 -1.62668954053183e-07 -6.81883222175667e-03 -4.99055197942972e-03 1.29699745340333e-06 1.35383566550350e-01 1.16037943450163e-01 6.04389122791535e-08 -1.80516582589216e-02 -1.01111316010932e-02 -3.42411090213679e-08 -2.28836577173770e-03 -8.52206728422091e-04 -1.86819333269796e-08 1.11471576125220e-03 1.25521249307288e-07 -2.43009077154204e-03 -2.02330202090283e-03 4.47358154625405e-08 6.61745959469430e-04 -5.27224951349575e-04 -6.38468962040541e-08 -1.56739235210137e-05 -1.08029336295935e-05 -1.20677105364330e-09 -7.24544727744977e-04 3.09760208184896e-08 6.50165759036466e-03 3.90530868549128e-05 4.77007009726108e-03 4.83674408370161e-09 1.89020375335933e-03 1.15539776526061e-03 5.23977816231721e-08 3.01142987574205e-03 3.70263319728602e-03 -6.84886604496737e-09 -3.75760143171562e-05 7.73310872308887e-04 -1.43158342875261e-08 4.35161853477048e-04 3.83801715395730e-02 -2.19372127055040e-01 6.80244943077791e-02 2.32581126390879e-08 -4.56657619141031e-03 -3.48399528075677e-03 1.16112243080906e-07 -7.85319066962131e-03 -3.47977157964908e-03 1.23883115370729e-07 -1.45001056324402e-03 -1.06785965091741e-06 9.47797837259677e-08 1.14535993365964e-03
 -2.22176614753261e-03 -4.17181661924754e-03 4.15895963988293e-01 -1.87806916392096e-01 7.98870158386103e-07 4.71793390925556e-02 3.09452876718110e-02 -2.51300111081826e-06 -9.36708851318421e-01 -7.20170010526335e-01 1.25894025429573e-07 1.24921577437539e-01 4.06150680975672e-02 1.16812080405212e-07 1.58447916214771e-02 5.17939683794333e-03 7.14892438511978e-08 -5.41943387373972e-03 -5.65056488532374e-07 1.67754882276013e-02 1.29955746283572e-02 -4.33863054182147e-07 -4.12212145829643e-03 3.64248316470699e-03 2.92703023913978e-07 1.31247962002117e-04 -1.36059601810202e-04 5.86846390877876e-08 3.94015002231831e-03 -2.68131713387622e-07 1.21581041983719e-03 -1.95093510429587e-01 3.37023973715715e-02 -1.97651959087656e-08 -6.75612355847211e-03 -1.22783381420344e-02 -1.72482232576099e-07 -1.09078479268574e-02 -3.14668127567278e-02 1.36341409785877e-07 2.35873917839814e-03 -5.16662758376771e-03 8.78044001927123e-09 -1.64035806895474e-03 -2.19372127055040e-01 1.32317203864728e+00 -4.03998042544014e-01 -4.97171066427627e-08 2.52951547803672e-02 1.98293434701686e-02 -4.71259273491970e-07 4.44268320385332e-02 1.82136440920823e-02 -7.35238051429019e-07 7.95508092392981e-03 1.92217907997108e-04 -5.40007279488706e-07 -6.58582965822619e-03
 1.69893218347949e-04 1.29532683028038e-03 -1.49828890206817e-01 6.10946496391610e-02 -2.44644051359268e-07 -1.35955801542307e-02 -9.82695798973055e-03 9.26690976638709e-07 2.69940386061279e-01 2.28635248972202e-01 -1.98209844644237e-08 -3.59959907985025e-02 -1.40605194660021e-02 -4.36670380560990e-08 -4.56505313631962e-03 -1.65037773816550e-03 -2.15606845677727e-08 1.80022652936906e-03 1.92546296117740e-07 -4.83828953460583e-03 -4.10152517708603e-03 1.19974281807262e-07 1.30800707367849e-03 -1.05017157852005e-03 -9.94361420643904e-08 -3.57746188239004e-05 3.21555821267225e-05 -1.45300194656586e-08 -1.27965025793015e-03 7.43145562063371e-08 4.44842627123540e-03 3.35247844454838e-02 -2.13094673680401e-03 2.73746852480156e-09 2.63040596762609e-03 3.24456704975782e-03 5.09572641282125e-08 4.27138644788605e-03 8.95312385396454e-03 -2.74541022867060e-08 -5.13583209579803e-04 1.55682587090506e-03 -1.47191638214152e-08 6.37434720453685e-04 6.80244943077791e-02 -4.03998042544014e-01 1.24004543611547e-01 1.94813418756532e-08 -7.97134978888994e-03 -6.00710913197093e-03 1.52048180298466e-07 -1.39267123712269e-02 -5.36620493241042e-03 2.23907181767761e-07 -2.45655740850498e-03 1.26852840796522e-05 1.67277828211398e-07 2.05925614365898e-03
 1.06398337986849e-08 2.03971773264595e-09 -1.19371474426908e-07 1.33745802153966e-08 -8.03315661267823e-04 4.61616552504015e-10 -6.73970548221156e-09 2.10633288182389e-02 -3.07328328370452e-08 1.51389204058761e-08 1.60886942621242e-03 2.82140353795066e-09 -5.26704943519269e-09 -1.31272719533877e-07 -2.53773783779276e-09 3.59652465570575e-09 -1.21841577207685e-04 -3.45167963542327e-09 -3.61073391193980e-07 8.14895489069965e-09 -3.08530783989333e-09 -3.73295949621646e-04 3.80025837130354e-10 2.30076220171836e-10 -8.13823482593971e-08 -1.32248109748041e-09 1.84606387148010e-09 3.69768288977417e-05 -1.47808144552692e-10 -8.55916297078868e-05 4.13756202551415e-10 -5.20937264802329e-08 1.51929589385191e-08 2.52841761860874e-04 2.89315171082973e-10 -6.70946096437969e-10 8.31701186388261e-04 6.53117702181075e-09 -4.73794233635071e-09 -1.05361227432719e-04 2.16752649663523e-09 5.76615763785888e-10 7.39374896996745e-05 -3.12117856351797e-10 2.32581126390879e-08 -4.97171066427627e-08 1.94813418756532e-08 2.52881504178928e-04 -6.59752091601038e-09 -4.19846695740791e-09 8.31977322348587e-04 2.48961412247021e-09 2.13943850911397e-09 1.05566642290999e-04 6.59116826150572e-10 3.78981464923300e-10 7.34964513297784e-05 -1.66875089519528e-10
 7.91525622017939e-04 -9.52728409532482e-05 1.55373690419877e-02 -5.17334944529095e-03 2.80639963660549e-08 5.75113416322932e-04 7.88138091860464e-04 -4.46742582780678e-07 -1.14237325309327e-02 -1.82692163397352e-02 -3.02467010018227e-08 1.52184031330591e-03 1.35744085479876e-03 5.01513801817071e-09 1.92822642313466e-04 1.33151432095249e-04 2.97800523284476e-09 -1.60062964822860e-04 -1.83176582965619e-08 2.06134940109892e-04 3.22411252331366e-04 2.68984231723037e-09 -1.03975997042153e-04 4.46070504468309e-05 9.43880667835877e-09 8.20846533298642e-07 -4.02850231094481e-07 -6.00292091196935e-10 1.07552521131111e-04 -8.32520520436557e-10 -1.87266735026209e-03 6.78230716548097e-03 -2.63327524876379e-03 -3.24836526591726e-09 -3.54001169664428e-04 -4.83549852774918e-05 -1.59154894658789e-08 -5.85971395834175e-04 -3.85238988979780e-04 -1.31729498901243e-09 -3.15389544744940e-05 -9.44162028503624e-05 3.81647377877724e-09 -8.69058342419704e-05 -4.56657619141031e-03 2.52951547803672e-02 -7.97134978888994e-03 -6.59752091601038e-09 5.79508339169127e-04 3.42757180367705e-04 -2.54351874531060e-08 9.92909331184552e-04 2.21693077245948e-04 -1.55465921023246e-08 1.56509781615155e-04 -2.91328106724288e-05 -1.24584288786801e-08 -1.45886035859797e-04
 4.83366717160516e-04 5.23951706071272e-05 1.72042479573486e-02 -6.60001426312333e-04 2.63716051533725e-08 9.99758234326738e-04 -1.54273923784969e-04 -2.98408131525339e-07 -1.98359883986597e-02 3.77973994866503e-03 -2.06408114267968e-08 2.64787870015735e-03 1.07319575878436e-03 2.41186835145720e-09 3.35663869881046e-04 -2.11631046596760e-05 5.60405955466528e-09 -5.79498002104824e-05 -6.56915167738669e-09 3.54334099932898e-04 -9.29817508278657e-05 -5.74005115829102e-09 2.43576719477412e-05 7.71082227513279e-05 2.92161113783049e-09 2.89509058902578e-06 1.16057100489875e-05 -8.91595441102364e-10 1.11145489375356e-05 -4.46370271621990e-09 1.17491465823444e-03 -1.23154205883573e-02 3.25733838115761e-03 -3.31653707054140e-09 4.95360724295270e-05 -1.60666054658017e-04 -1.50621408912031e-08 1.46896046159719e-04 -1.43148777637764e-04 7.53716523058257e-09 3.22787908206999e-05 -3.88197888622439e-05 -5.12462828183094e-09 2.97449715095101e-05 -3.48399528075677e-03 1.98293434701686e-02 -6.00710913197093e-03 -4.19846695740791e-09 3.42757180367705e-04 5.19808925290278e-04 -1.73565095277207e-08 5.66315496411149e-04 9.07222487172182e-04 -1.22487898317067e-08 1.86488698962951e-04 7.47849940871522e-05 -8.22130232711569e-09 -7.58570534756489e-05
 5.75864586958912e-08 8.30211002646125e-09 -1.94144860372228e-07 6.61561042227592e-08 -2.64289954734251e-03 -1.52673311829918e-08 -2.98771076999126e-08 6.92981163936044e-02 2.32147841243336e-07 2.32275221392335e-07 5.29316243024174e-03 -3.51818813569985e-08 -7.55785272490513e-09 -4.31885728460719e-07 -1.39958922852789e-08 1.06200224191292e-08 -4.00857427231109e-04 -1.13454530284039e-08 -1.18792746820149e-06 2.08734926451299e-08 -1.38526810095829e-08 -1.22813950186234e-03 2.33111173126426e-09 -5.34429767793252e-10 -2.67746997850921e-07 -4.41673910590946e-09 6.28602276533462e-09 1.21653353741707e-04 -9.98546888683878e-10 -2.81595504986911e-04 -3.75405965372043e-08 6.12278903701132e-08 -1.78222602785617e-08 8.31846570635268e-04 -1.93230184890065e-09 5.67903685312502e-09 2.73628760762537e-03 1.70588386863692e-08 2.88903726202151e-10 -3.46637260807585e-04 4.57116879828653e-09 3.55997925824441e-09 2.43253514822635e-04 -1.59258097208820e-09 1.16112243080906e-07 -4.71259273491970e-07 1.52048180298466e-07 8.31977322348587e-04 -2.54351874531060e-08 -1.73565095277207e-08 2.73719609183899e-03 6.77188838141769e-10 5.25232990177329e-09 3.47313073433084e-04 1.04127721201193e-09 1.00248587267237e-09 2.41802503538825e-04 6.71307621753209e-10
 1.29830280143923e-04 -1.89569613496565e-04 2.23940983244575e-02 -9.01387895881874e-03 5.60854850816207e-09 1.05746204382627e-03 1.44667352303705e-03 3.58332744684639e-07 -2.10053060883160e-02 -3.36880737430476e-02 3.55007647792897e-08 2.79843126549710e-03 2.08759787191210e-03 7.91272076844533e-09 3.54691207229945e-04 2.43476657496586e-04 -1.80089509318305e-09 -2.66857369188183e-04 -3.02016844880081e-08 3.78572049187153e-04 6.03307307059232e-04 -1.60035994428356e-08 -1.93295136931386e-04 8.19456706270961e-05 1.56417833130656e-08 1.81863868647292e-06 -4.18271578558090e-06 1.54465690819950e-09 1.88841762280620e-04 -6.64592439402205e-09 -2.89870533617098e-03 1.03836893758349e-02 -4.11043794265111e-03 7.37084826518153e-09 -5.77943474899940e-04 -1.52916062890486e-04 1.66493294514261e-08 -9.68422561165250e-04 -8.19709226278780e-04 -6.96408177401927e-09 -2.91734573683354e-05 -1.75448259230915e-04 9.96991533635344e-09 -1.45588578498727e-04 -7.85319066962131e-03 4.44268320385332e-02 -1.39267123712269e-02 2.48961412247021e-09 9.92909331184552e-04 5.66315496411149e-04 6.77188838141769e-10 1.71672811853658e-03 2.96203626385406e-04 -2.17630440662503e-08 2.59228134603198e-04 -5.54092929724008e-05 -1.78226948103224e-08 -2.54414286527001e-04
 -2.34956808446250e-04 2.64584737777261e-04 3.46893085833858e-02 3.86300267108799e-03 1.30034802008023e-08 1.55309746742949e-03 -1.36573743861820e-03 2.58960002993590e-07 -3.07961764122891e-02 3.21596186008501e-02 1.74006440904252e-08 4.11450559106189e-03 1.71793889328422e-03 3.08509308370061e-09 5.21389103104709e-04 -2.14833606236875e-04 7.94712186690038e-09 5.18973415291558e-06 -8.22260038914862e-10 5.48587479277514e-04 -6.47477570673450e-04 -2.29561502546168e-08 1.90362481947568e-04 1.19629608246340e-04 -9.64281393285323e-10 4.84590180703110e-06 3.62367310687958e-05 -2.16876155027249e-09 -8.75724899100736e-05 -9.71177247737312e-09 3.73695791205770e-03 -3.16851747489916e-02 9.01167633503903e-03 3.12550449105465e-09 3.87145658847798e-04 -1.50058335185987e-04 2.40582009197659e-09 8.15837228277618e-04 4.36192804023693e-04 1.36020031147588e-08 4.24525873035562e-05 3.64817532087352e-05 -1.22578690164463e-08 1.43831256592683e-04 -3.47977157964908e-03 1.82136440920823e-02 -5.36620493241042e-03 2.13943850911397e-09 2.21693077245948e-04 9.07222487172182e-04 5.25232990177329e-09 2.96203626385406e-04 2.06457321901947e-03 -8.55898512048829e-09 2.97849496380776e-04 2.13026122258370e-04 -4.05058650292867e-09 -2.15603486304651e-05
 -3.22383903193466e-10 3.19628439797691e-09 -1.68994606860574e-07 9.66634213768623e-08 -3.35348120588635e-04 -2.78157354252628e-08 -1.92229617995884e-08 8.79299142897867e-03 5.43240950164233e-07 3.87930004153021e-07 6.71630547711139e-04 -7.29910962041370e-08 -1.70780576335898e-08 -5.48004798749760e-08 -1.04694807591931e-08 -1.20988859439041e-09 -5.08633727345126e-05 9.80848297008229e-10 -1.50731652203650e-07 -6.54363411571525e-09 -8.30495892668700e-09 -1.55834251449551e-04 2.34279752516405e-09 -2.06455148740343e-09 -3.39735884913859e-08 -6.37425889233566e-10 9.05357439952692e-10 1.54361611763521e-05 -1.97977564776977e-09 -3.57306515623597e-05 -1.65987295212791e-08 1.65127436178154e-07 -3.77316653794949e-08 1.05550051676051e-04 1.90106417469669e-09 8.28743768487379e-09 3.47197798975142e-04 5.62090102069386e-09 1.80562299153269e-08 -4.39835687987887e-05 -1.15452723430502e-09 3.17749061680843e-09 3.08655730280308e-05 3.36539593702684e-10 1.23883115370729e-07 -7.35238051429019e-07 2.23907181767761e-07 1.05566642290999e-04 -1.55465921023246e-08 -1.22487898317067e-08 3.47313073433084e-04 -2.17630440662503e-08 -8.55898512048829e-09 4.40693205329690e-05 -3.79542711667670e-09 -8.67072330934185e-11 3.06814596164715e-05 3.34408418429571e-09
 -5.81528316942559e-04 7.41827206533995e-06 7.48572118510845e-03 -6.91767839537581e-04 2.03151556737890e-09 3.23340660069606e-04 1.16784369941632e-05 8.65513179702388e-08 -6.41596482563101e-03 -2.80899370426791e-04 7.29094775138559e-09 8.56190614608209e-04 4.99096975763927e-04 1.60196591575532e-09 1.08493169744926e-04 4.31239685639491e-06 7.17148580433733e-10 -3.45448431717779e-05 -4.23305477595626e-09 1.14871196292352e-04 -4.02211951297308e-06 -4.98039926267179e-09 -1.34460351425972e-06 2.49695744108747e-05 1.99747241998342e-09 8.07676962313799e-07 4.28817792136496e-06 -1.18014071850142e-10 1.39875416682601e-05 -2.01520437302376e-09 5.74595244326581e-05 -2.44153847270666e-03 5.40012568168924e-04 1.49974051013097e-09 -2.97209838643978e-05 -3.35377961895789e-05 2.86032959335911e-09 -2.88284724553072e-05 -4.20659070913864e-05 6.31699508769564e-10 -5.59820091165125e-07 -1.73671215291570e-05 -1.17885140907155e-10 -1.62092691327334e-06 -1.45001056324402e-03 7.95508092392981e-03 -2.45655740850498e-03 6.59116826150572e-10 1.56509781615155e-04 1.86488698962951e-04 1.04127721201193e-09 2.59228134603198e-04 2.97849496380776e-04 -3.79542711667670e-09 7.11824270543873e-05 1.93634371844232e-05 -2.77648806515032e-09 -3.55562442403760e-05
 -2.49006941889783e-04 3.51200059177630e-05 1.42309345391276e-03 9.56260641192911e-04 1.07565568019173e-09 1.66508427716560e-04 -2.18431321159564e-04 2.28460083730710e-08 -3.30078571613909e-03 5.10122366911788e-03 1.56443413254930e-09 4.41301105531016e-04 2.62335337209960e-06 -3.99117194421437e-10 5.59664926355120e-05 -3.53846558070443e-05 8.99181384783038e-10 1.90631835775769e-05 2.17923119245020e-09 5.84933261663162e-05 -9.73327189912270e-05 -2.48325761180184e-09 2.96671871301541e-05 1.27841876677618e-05 -1.25987834781312e-09 6.78948436821489e-07 3.40243581493714e-06 -9.46343608055574e-11 -2.04860456987862e-05 -1.17659436966078e-09 7.71865172295925e-04 -5.15681020489711e-03 1.55379079682264e-03 -1.33748503167788e-10 9.45155700823820e-05 -3.86224803400209e-05 -4.45886045940193e-10 1.74926789432883e-04 3.86832314746354e-05 2.47123321704674e-09 1.72728235122416e-05 9.27087825516074e-06 -2.32602370424852e-09 2.81967793309114e-05 -1.06785965091741e-06 1.92217907997108e-04 1.26852840796522e-05 3.78981464923300e-10 -2.91328106724288e-05 7.47849940871522e-05 1.00248587267237e-09 -5.54092929724008e-05 2.13026122258370e-04 -8.67072330934185e-11 1.93634371844232e-05 2.82056761248981e-05 3.95733797400477e-10 1.02083576911454e-05
 3.08457820815009e-08 2.77836522800752e-09 -1.95442227966961e-07 9.18463649802339e-08 -2.33472395101145e-04 -1.63344516961289e-08 -1.69230640819611e-08 6.12176017436129e-03 3.18098292113277e-07 3.55705119818545e-07 4.67595262907432e-04 -4.27787475603056e-08 -1.84678429140958e-08 -3.81526307429519e-08 -6.26711462930328e-09 -1.46842835261117e-09 -3.54115401974060e-05 1.44555996830267e-09 -1.04940635516520e-07 -3.49751092564286e-09 -7.29997516614220e-09 -1.08493215577348e-04 2.15168220190949e-09 -1.20554346316992e-09 -2.36527726735364e-08 -4.26887712429763e-10 6.19654848157247e-10 1.07467950563006e-05 -1.91104663183014e-09 -2.48760028651991e-05 1.10724939745977e-08 -1.06228560385108e-08 1.32037601565551e-08 7.34849007615049e-05 4.15376245763765e-09 4.01000722029403e-09 2.41722248363244e-04 8.76035544793817e-09 1.13051139858563e-08 -3.06217584034472e-05 1.57089465237262e-12 2.32328597854237e-09 2.14888910888854e-05 9.62361618698194e-10 9.47797837259677e-08 -5.40007279488706e-07 1.67277828211398e-07 7.34964513297784e-05 -1.24584288786801e-08 -8.22130232711569e-09 2.41802503538825e-04 -1.78226948103224e-08 -4.05058650292867e-09 3.06814596164715e-05 -2.77648806515032e-09 3.95733797400477e-10 2.13607097510629e-05 2.72310900158673e-09
 7.74431798248864e-05 3.25342170782004e-05 -2.65140739647043e-03 1.37881430761572e-03 -1.48391167487828e-09 -1.54191983583887e-04 -2.33898626679919e-04 -3.31263477695905e-08 3.06326345370692e-03 5.46120266958035e-03 -3.90737471076440e-09 -4.08041316272125e-04 -2.73563427210346e-04 -1.07699064855058e-09 -5.17304005106675e-05 -3.91550502060799e-05 2.55612819994041e-10 3.88688091235207e-05 4.34539295963236e-09 -5.52063647194494e-05 -9.91155623601589e-05 1.97167528980823e-09 3.15007277264703e-05 -1.19465386711510e-05 -2.27085969558470e-09 -2.80706603305300e-07 1.23186420936341e-06 -2.75287196220246e-10 -2.90601342013048e-05 9.17134907273171e-10 4.22416523817571e-04 -1.62086979563381e-03 6.27538855729548e-04 -7.94321226796764e-10 8.53427969307737e-05 2.90193912572843e-05 -1.68123962270687e-09 1.45380713327693e-04 1.41219342404820e-04 9.34976863931960e-10 2.00084098213214e-06 2.77104044219502e-05 -1.44148354154931e-09 2.22071989832464e-05 1.14535993365964e-03 -6.58582965822619e-03 2.05925614365898e-03 -1.66875089519528e-10 -1.45886035859797e-04 -7.58570534756489e-05 6.71307621753209e-10 -2.54414286527001e-04 -2.15603486304651e-05 3.34408418429571e-09 -3.55562442403760e-05 1.02083576911454e-05 2.72310900158673e-09 3.80754561266928e-05
