Paoks:
 1.99386379159177e+00 9.72088966553392e-03 -2.24232127799791e-02 1.32683483682895e-02 -4.39154226708026e-06 -8.28221883661198e-07 -1.43118716721304e-03 5.18479579901294e-06 1.37472807383745e-06 -2.24421716908247e-02 -1.96098493069993e-06 2.03646906112472e-08 6.61141236718456e-03 -2.62078440437882e-07 -4.38938087866956e-07 -4.92198512121523e-04 1.33436816724350e-06 -2.37267006950921e-07 -3.72855990909141e-08 2.85415489021408e-07 -2.49294502486835e-03 -4.20273019927603e-06 -2.87941885372432e-07 -1.28037201636699e-08 -7.13764727017552e-07 2.62230475432738e-07 -1.67208841270504e-03 -4.89190700431802e-06 -1.56517342615761e-06 -2.73640745919563e-09 1.76746931308297e-03 3.15967524122533e-04 -3.12738326888771e-02 4.52622128965294e-03 3.76028728185286e-06 2.30685420227520e-07 -4.87061015784943e-04 5.23652134895101e-06 1.46620761152632e-06 4.07856173193705e-02 2.79667940760099e-06 -1.41194918475847e-07 -4.21870990931654e-03 -1.43296688217060e-07 5.63611827697866e-08 -3.35422428281238e-04 -2.61626486178426e-07 -6.97325267899530e-08 6.23605242468865e-07 -2.79158810245432e-07 -3.25727802480138e-03 -3.26217698750322e-06 7.69026960772306e-07 -5.64438211458895e-09 -7.12377612335201e-07 2.87861181092210e-07 -3.35289363516244e-04 3.72558906416305e-07 -9.97649246982226e-07 1.42942500796974e-09
 9.72088966553392e-03 2.44272295801306e-04 -6.08178569917959e-03 -5.23597630066815e-03 2.37581732202506e-07 6.10934037031371e-08 -1.82092511933641e-03 -1.90262970075282e-06 -1.04770589717471e-06 1.27988844583004e-02 3.23934050992877e-07 1.76068255852315e-07 -3.37241479559081e-03 -2.18208373547626e-08 -4.91805221598068e-08 3.60836474349038e-04 -8.87413426654573e-08 -5.65430996554499e-08 -4.42088108550272e-08 -8.82083044131640e-08 7.59234530982283e-05 -6.63857183404268e-08 2.22521051294297e-08 1.33742843949257e-10 -4.57251692181304e-08 -2.53715447406386e-08 1.19311480465008e-05 -4.19857708007437e-09 -3.29449374629111e-08 2.27985049124540e-10 2.63560145338310e-04 -1.84155386154983e-05 -6.00249150792182e-03 -6.87290873021910e-04 4.14212910449011e-08 4.77604041501368e-08 5.59178034654844e-04 -2.91756331246825e-06 -1.69165460855544e-06 -1.37494652782326e-02 7.49724487311354e-08 9.35164010359803e-08 6.75287025477966e-04 -9.18991940938654e-09 2.08409937067117e-08 1.93739400702036e-04 3.25302769171149e-08 -4.02558973455277e-09 2.35515578179385e-08 4.52275699318887e-08 2.66233941522283e-04 1.33236401446967e-07 1.15532228398384e-08 1.25160702378384e-09 1.10446262593774e-09 -5.20929956760562e-09 -8.97485753746303e-05 -3.37767010567092e-08 4.74949391767514e-09 -6.91441586610031e-10
 -2.24232127799791e-02 -6.08178569917959e-03 1.69310964538438e+00 3.06750061589316e-02 2.79880213264841e-07 -1.52801201947118e-06 6.96197652892827e-03 1.37895831254714e-05 4.60584157352826e-06 -3.99448531816057e-01 3.31706266789731e-06 -1.48629194956109e-06 -3.16546353196067e-02 5.16618231242465e-07 6.26042588683675e-07 6.15184801115947e-03 -3.97179134155023e-07 2.33402137233906e-06 1.78787822523711e-06 -9.12557423571674e-09 -1.01156927495178e-02 6.28540707337164e-06 -7.06738494595376e-07 -1.06642654616423e-08 1.69137322066359e-06 -2.86132428897365e-07 7.94434451961661e-03 3.85072920945706e-06 2.86580344343262e-06 -3.17296157986010e-08 -2.53451377540198e-02 -5.18588357554237e-03 -4.69722838059126e-02 -1.35991160520957e-01 -4.12158840723796e-06 -6.77150328819434e-07 2.58851340954698e-02 2.19460515192925e-05 5.51451565673700e-06 -4.53932335425571e-01 -7.36614896017329e-06 9.31222034417911e-07 9.02924153614350e-02 5.24765029952234e-07 -2.09989422914752e-07 7.75659681545973e-03 -6.15492215885155e-07 -5.39195829579409e-07 -1.90087624976107e-06 -1.79554252763596e-07 2.71932706504496e-02 3.25087370917784e-06 -6.46581601481858e-07 6.92585254233511e-08 -1.04664505626611e-06 -3.54668793314233e-07 -1.86995650127107e-03 2.35452215189126e-07 1.61915341935227e-07 -7.26567807782818e-09
 1.32683483682895e-02 -5.23597630066815e-03 3.06750061589316e-02 1.90448580687505e-01 -3.57397230584840e-06 1.01087970533384e-06 6.98420724002625e-02 -1.89036790848678e-07 -1.37362983631766e-06 -4.75860488913311e-01 -5.77470678302615e-07 2.80666291218708e-07 1.33098326596408e-01 5.87489352937658e-07 4.46037011714253e-08 -1.86703984712118e-02 3.71703556226629e-07 1.83192890702508e-06 1.16836808651593e-06 5.20865360443647e-07 -9.10101570731251e-03 -3.00908678908996e-06 -1.04569474276288e-06 -1.06347040653099e-08 7.63931473740666e-07 4.67059166242001e-07 -3.45091344888637e-03 -1.97583202755837e-06 1.27090501366488e-07 -6.47387786067554e-09 1.15712789206407e-03 -3.47166844188239e-04 -6.07915810648246e-02 5.53174434454791e-02 8.79872041595133e-07 -4.95939617307582e-07 -2.38856548759292e-02 -3.89936928864204e-06 -1.17804734211789e-06 4.97139400258950e-01 3.15330220070944e-06 -3.45618757823987e-07 -4.58506550174271e-02 1.87328839595109e-07 5.81722510519544e-09 -8.45797143421984e-03 1.95522221556656e-07 1.08217809331593e-07 -3.95069161190055e-07 4.38766894315966e-07 -1.22197006857022e-02 -2.07524959638708e-06 -1.01434930806943e-07 -5.24324860993152e-08 -3.08615903180040e-07 -2.72332093904624e-07 3.84240802816862e-03 3.49153513605499e-07 -5.82517230402499e-07 1.86317296593016e-08
 -4.39154226708026e-06 2.37581732202506e-07 2.79880213264841e-07 -3.57397230584840e-06 3.03570487580221e-03 7.07911044629262e-07 -1.64999067857979e-06 -3.98746493899882e-02 -4.81216447018241e-06 8.13954337682632e-06 6.66470473990357e-03 7.15347623151418e-07 -2.58445956643664e-06 1.00914463695512e-08 -1.44459321905832e-07 2.03498925361533e-07 -1.81837439362702e-03 4.01876491515946e-09 -1.24251546152801e-09 -3.31869859953636e-07 9.54662135835945e-08 -2.81649650888593e-03 -4.02956571338597e-08 -1.96463934798842e-07 -1.10925554879689e-09 -6.25706377785649e-08 4.02921838379996e-08 -6.89152500802464e-04 -1.22652583544513e-08 -1.28496800938352e-07 -8.82359829104138e-07 -1.71795914191167e-07 -2.95747433903952e-06 -4.76014791713687e-07 1.22164333215576e-03 7.66847565147409e-08 2.78540931462478e-07 -6.35539620041106e-02 -7.44647168764720e-06 -1.12536461569525e-05 3.34654268201294e-03 3.82441459196812e-07 3.46882998802527e-07 -3.15473992531836e-09 1.12090159738106e-07 1.63358376321141e-07 7.96116147179552e-04 -3.30050476076287e-08 -9.63948318803134e-09 2.17871201405054e-07 5.10393856714059e-07 1.87524780894281e-03 3.17129086805720e-08 2.48523004903014e-07 6.26079343118257e-09 -1.13829004581888e-07 -1.00267366978958e-07 -4.15549670989921e-04 -2.07687746511432e-08 -6.28859252055660e-07
 -8.28221883661198e-07 6.10934037031371e-08 -1.52801201947118e-06 1.01087970533384e-06 7.07911044629262e-07 3.03533876433871e-03 2.32472737939208e-07 -4.81603456583326e-06 -3.98717258488495e-02 -2.31407450207356e-06 7.16618860861846e-07 6.66480461882981e-03 6.55501093097624e-07 1.23450783714973e-09 -1.81828875953460e-03 -1.37437213189421e-07 -1.44923955549817e-07 -4.85031099579836e-09 -3.75500559132137e-08 -2.81572810340202e-03 -1.89759149270959e-07 -3.31953704758945e-07 -7.58188836367823e-10 6.04431956431688e-08 -9.37207717599342e-09 -6.89153152580834e-04 -8.00187017324507e-08 -6.24701930353547e-08 6.16693411617679e-10 -2.06226420152798e-07 3.50931946281214e-07 -5.21620650829524e-08 -1.45773615533678e-06 5.05164214446775e-07 7.94962794291852e-08 1.22159293005384e-03 -2.80547047142284e-07 -7.45765138120396e-06 -6.35503978574161e-02 2.62894301200607e-06 3.86655109595673e-07 3.34570522612883e-03 -3.48371826604320e-07 -3.49468553837891e-08 7.96029005013279e-04 -3.05106636289816e-08 1.12320767320181e-07 6.37624187141945e-09 3.26156668103964e-08 1.87532141666131e-03 -6.41879171539038e-08 2.16351991185120e-07 5.00530553499171e-09 6.91426496590251e-07 -1.43244805934265e-08 -4.15448719682676e-04 3.17342516945852e-08 -1.13599673165995e-07 1.20100186146556e-08 2.33976651766847e-07
 -1.43118716721304e-03 -1.82092511933641e-03 6.96197652892827e-03 6.98420724002625e-02 -1.64999067857979e-06 2.32472737939208e-07 2.60553351410953e-02 5.33239215496307e-06 1.67327097461976e-06 -1.78300033751556e-01 -1.08492267755176e-06 -2.63679257824045e-07 4.94422256988960e-02 2.05309515795463e-07 1.34774965646518e-07 -7.32237612590413e-03 3.81303920756950e-07 6.74109274872095e-07 4.01538076355572e-07 3.47981601247767e-07 -3.97614708369449e-03 -6.35676227513196e-07 -4.06003609360258e-07 -4.22431712219694e-09 2.22306744440323e-07 2.22909973161927e-07 -1.45749697606090e-03 -5.88724586712122e-07 -8.37219766468909e-10 -2.32742042957253e-09 1.68182698059360e-03 -2.70955462006625e-04 -4.88015215407001e-02 2.20250641022650e-02 7.19960029370389e-08 -2.55651951024684e-07 -8.88538305533066e-03 7.29695271585608e-06 3.05949739544065e-06 1.77638034263585e-01 5.92544240725652e-07 -3.23069470757779e-07 -1.80549377018564e-02 6.17213700447567e-08 -4.63555428795073e-08 -3.16942897037278e-03 -3.58743183448617e-08 3.31131749203733e-08 -1.28723813988500e-07 8.51255657313174e-08 -4.44209446038619e-03 -9.69310136495507e-07 -2.76933244918652e-08 -1.94105973268686e-08 -1.32567914816194e-07 -9.09504354038221e-08 1.45719480490737e-03 1.63463169890516e-07 -2.31118798689143e-07 6.27621861451583e-09
 5.18479579901294e-06 -1.90262970075282e-06 1.37895831254714e-05 -1.89036790848678e-07 -3.98746493899882e-02 -4.81603456583326e-06 5.33239215496307e-06 5.23762287500176e-01 4.32462833703344e-06 -3.62371882613835e-06 -8.75423619991200e-02 4.46573262684476e-07 1.31715699405397e-06 -1.32704182206984e-07 -7.87789584484307e-07 1.12336176387394e-06 2.38847474637597e-02 -5.31964438527974e-08 1.59538897209156e-08 2.00641171045949e-07 -4.71528849682775e-07 3.69953020774012e-02 5.29497013640245e-07 2.58068821752411e-06 1.42920314828742e-08 -1.95997125684166e-07 1.23118003867932e-07 9.05217040626954e-03 1.61063055237608e-07 1.68753025230098e-06 -9.55551508550817e-07 1.87624189166131e-06 -1.61895636956131e-06 -6.76007453305695e-06 -1.60465544389726e-02 7.96935203952701e-07 2.52253985558066e-06 8.34795266894187e-01 3.95696317214474e-06 4.27936676542250e-06 -4.39575752004407e-02 -8.22647503014788e-08 6.15597231775885e-06 4.13406971057236e-08 -2.96729327922896e-07 -1.99652091103383e-08 -1.04571606831661e-02 4.33490083495871e-07 1.26746760805585e-07 -9.22690490899852e-08 -2.96686830929063e-06 -2.46317915639215e-02 -4.16531627123925e-07 -3.26336880285710e-06 -8.22296675660537e-08 8.81640716444656e-07 4.26508742941136e-07 5.45833607488639e-03 2.72952119644489e-07 8.26054413497755e-06
 1.37472807383745e-06 -1.04770589717471e-06 4.60584157352826e-06 -1.37362983631766e-06 -4.81216447018241e-06 -3.98717258488495e-02 1.67327097461976e-06 4.32462833703344e-06 5.23748638719076e-01 7.80602779006124e-07 4.37530694568419e-07 -8.75478118166118e-02 6.08371070724805e-07 -1.61743090535139e-08 2.38847515996777e-02 2.30043378836902e-07 -7.83981279286312e-07 6.38186700459825e-08 4.93290889660648e-07 3.69869558441122e-02 1.56478938550428e-06 1.97310423866420e-07 9.82415835041667e-09 -7.94263376673022e-07 1.23105333895713e-07 9.05260609640807e-03 6.34070750201749e-07 -1.98139363578187e-07 -8.16330949670193e-09 2.70876739002773e-06 -9.16220387981149e-07 6.17944350114593e-07 -2.47576521932037e-06 -7.28303298253425e-07 7.61458928000692e-07 -1.60466502560048e-02 1.85263512265186e-06 4.02435891499065e-06 8.34787902362656e-01 -2.09531130813315e-06 -1.32403375785592e-07 -4.39486509221395e-02 2.16372719471720e-08 4.59054396942879e-07 -1.04565101735540e-02 -2.53090024089237e-07 -2.98684404928282e-07 -8.37992141668344e-08 -4.28448033494445e-07 -2.46339233382391e-02 -1.38132526438625e-07 -7.03218395917246e-08 -6.56985593272828e-08 -9.08210512993506e-06 1.88151462990567e-07 5.45726807824464e-03 -1.20168986040774e-07 8.78016299941351e-07 -1.57840434671527e-07 -3.07440875767406e-06
 -2.24421716908247e-02 1.27988844583004e-02 -3.99448531816057e-01 -4.75860488913311e-01 8.13954337682632e-06 -2.31407450207356e-06 -1.78300033751556e-01 -3.62371882613835e-06 7.80602779006124e-07 1.30198717646822e+00 5.71436770543753e-07 -7.63654118482049e-08 -3.27848225795991e-01 -1.43776911566552e-06 -5.16997925424531e-07 4.99169783167139e-02 -8.96571672701368e-07 -5.03961792944874e-06 -2.96679132221702e-06 -1.43361790833857e-06 3.18327266280586e-02 5.13165730604552e-06 2.98954367979205e-06 3.28163544091773e-08 -1.58319456074046e-06 -1.27753546996040e-06 8.94081412318684e-03 3.68399103479230e-06 -3.62895977570549e-07 2.27928178963562e-08 -7.72480239541555e-03 3.60356737423745e-03 4.56874162433363e-01 -1.25753033224017e-01 -3.99697513233496e-07 1.48740042489294e-06 5.45161439275654e-02 1.87147941447525e-06 -1.06113548690043e-06 -1.07266902827138e+00 -4.92149560352866e-06 9.32156711191855e-07 1.06953703237098e-01 -4.94497000512077e-07 1.16900834909757e-07 1.98749566277224e-02 -3.19980251269547e-07 -7.25544527993738e-08 1.19015593001612e-06 -1.25530258962770e-06 2.37548688646924e-02 4.02621949141787e-06 2.61043818476474e-07 1.15222896840425e-07 1.22950507025795e-06 8.76329641445851e-07 -9.57002196217023e-03 -7.00056051472353e-07 1.62523879336494e-06 -3.72972646449392e-08
 -1.96098493069993e-06 3.23934050992877e-07 3.31706266789731e-06 -5.77470678302615e-07 6.66470473990357e-03 7.16618860861846e-07 -1.08492267755176e-06 -8.75423619991200e-02 4.37530694568419e-07 5.71436770543753e-07 1.46319529721992e-02 -2.68604500923254e-07 -7.75330895650099e-07 2.21790209498857e-08 1.84591562314633e-07 -1.42478432014526e-07 -3.99213013734627e-03 8.89331879299483e-09 -2.66605328759913e-09 4.84051713597709e-08 1.27879705275976e-08 -6.18344654268446e-03 -8.85016745261688e-08 -4.31341633092893e-07 -2.39091256016405e-09 5.28132668778143e-08 2.47123957558757e-09 -1.51299240960947e-03 -2.69148476747251e-08 -2.82050256939709e-07 -1.62378865396734e-08 -3.46442055904055e-07 -2.32068347409805e-06 5.98769599946011e-07 2.68204354993130e-03 -1.68752539479681e-07 -2.50342591200277e-07 -1.39528849601212e-01 1.18807616407098e-06 -4.71873562214480e-06 7.34713061394634e-03 -8.36123919592920e-08 -6.50915496296624e-07 -6.90816242107658e-09 2.64286912136660e-08 5.67137281240524e-08 1.74782447406884e-03 -7.24573107032013e-08 -2.11895155596795e-08 -3.91526093372198e-08 6.45566535816283e-07 4.11699215404520e-03 6.96183654488824e-08 5.45424351058790e-07 1.37399280947361e-08 -1.35270096794199e-07 -8.77347845342577e-08 -9.12313934468901e-04 -4.56207186441521e-08 -1.38068588275585e-06
 2.03646906112472e-08 1.76068255852315e-07 -1.48629194956109e-06 2.80666291218708e-07 7.15347623151418e-07 6.66480461882981e-03 -2.63679257824045e-07 4.46573262684476e-07 -8.75478118166118e-02 -7.63654118482049e-08 -2.68604500923254e-07 1.46341561367930e-02 -4.81108240793627e-08 2.70337282320139e-09 -3.99248338820952e-03 -4.31303406507560e-08 1.84378099377366e-07 -1.06682861138453e-08 -8.24567466089759e-08 -6.18259754864893e-03 -2.54371423240086e-07 4.96172235464352e-08 -1.64083375517210e-09 1.32771782464384e-07 -2.05778201335265e-08 -1.51319888318643e-03 -1.09100768703957e-07 5.33288674253365e-08 1.36395593465797e-09 -4.52783378513391e-07 1.34102933740265e-07 -9.97897902467042e-08 6.56595708180075e-07 1.85898947527426e-07 -1.63108374016275e-07 2.68229645714096e-03 -3.28281748059371e-07 1.19124007811949e-06 -1.39539941076567e-01 7.68232092016504e-07 -7.60117069964874e-08 7.34628777257645e-03 -4.86408892075600e-08 -7.67337977148259e-08 1.74787009848458e-03 3.65649370561226e-08 2.65782757658761e-08 1.40088600410202e-08 7.16186417751174e-08 4.11771205752898e-03 6.07989267004230e-09 -4.32465100893520e-08 1.09812254593365e-08 1.51812249345260e-06 -3.14503752148144e-08 -9.12215979801444e-04 2.17423821094051e-08 -1.34578107390578e-07 2.63844181213730e-08 5.13924825386711e-07
 6.61141236718456e-03 -3.37241479559081e-03 -3.16546353196067e-02 1.33098326596408e-01 -2.58445956643664e-06 6.55501093097624e-07 4.94422256988960e-02 1.31715699405397e-06 6.08371070724805e-07 -3.27848225795991e-01 -7.75330895650099e-07 -4.81108240793627e-08 9.52685390141418e-02 3.85985715125238e-07 1.12888049131702e-07 -1.38690109064830e-02 3.57437325917434e-07 1.22427850672008e-06 7.38990925242787e-07 4.91116195387233e-07 -6.87345272156412e-03 -2.07171224056343e-06 -7.42525788900172e-07 -7.60783662471779e-09 4.19373748047763e-07 3.83027379689877e-07 -2.88292576247741e-03 -1.42695181799953e-06 -5.12990809199197e-08 -3.62161704643820e-09 2.07483010251180e-03 -2.69872102686929e-04 -7.28261413960075e-02 4.48309370139187e-02 5.85983810092111e-07 -3.89383350568297e-07 -1.76867895328705e-02 -2.97078348477874e-07 1.75702174270026e-06 3.57092345135071e-01 2.14817376235052e-06 -4.28877828265017e-07 -3.62885834503596e-02 1.08450846402828e-07 -2.97554512067495e-08 -6.24985331102613e-03 1.17551918523424e-07 8.36649744292416e-08 -2.03548836301754e-07 2.64394040897956e-07 -9.32668533877663e-03 -1.58993349468825e-06 -4.02468518849891e-08 -3.90213492861176e-08 -2.11701593299507e-07 -1.79354420047856e-07 2.81161074526046e-03 2.34215142064410e-07 -4.36882865323797e-07 1.25920647494992e-08
 -2.62078440437882e-07 -2.18208373547626e-08 5.16618231242465e-07 5.87489352937658e-07 1.00914463695512e-08 1.23450783714973e-09 2.05309515795463e-07 -1.32704182206984e-07 -1.61743090535139e-08 -1.43776911566552e-06 2.21790209498857e-08 2.70337282320139e-09 3.85985715125238e-07 2.23974540453765e-12 -7.37300743796793e-10 -4.45108465618245e-08 -6.05081963833055e-09 6.06641342927930e-12 4.56301435069353e-12 -1.14048310170203e-09 -1.37094527898773e-08 -9.38267645934984e-09 -2.86288383163814e-12 -6.52606115117342e-13 4.22073165668408e-12 -2.78447171275775e-10 -4.07836922628532e-09 -2.29881042970606e-09 2.38877695440091e-12 -5.36755504267637e-13 -2.78341863628938e-08 1.41686788743615e-09 4.56907135145133e-07 1.01398467241914e-07 4.06883200253415e-09 4.93672593515360e-10 -6.53762133104446e-08 -2.11522877612393e-07 -2.57766177705247e-08 1.54723991107960e-06 1.11478451884681e-08 1.35630967185615e-09 -9.29577049615165e-08 8.49234284926086e-13 3.22984418282331e-10 -2.28142300132770e-08 2.65006623110281e-09 3.00591250919654e-13 -2.11764914329872e-12 7.61269364817768e-10 -3.27137605190722e-08 6.23477191587842e-09 -7.28767981221270e-13 9.62969391828739e-13 -4.92689958015749e-13 -1.69336094825779e-10 1.03592356231687e-08 -1.38145872067726e-09 -1.17174179004944e-12 -1.92720877240324e-12
 -4.38938087866956e-07 -4.91805221598068e-08 6.26042588683675e-07 4.46037011714253e-08 -1.44459321905832e-07 -1.81828875953460e-03 1.34774965646518e-07 -7.87789584484307e-07 2.38847515996777e-02 -5.16997925424531e-07 1.84591562314633e-07 -3.99248338820952e-03 1.12888049131702e-07 -7.37300743796793e-10 1.08922738574177e-03 -1.83116000074003e-08 -8.06711905605256e-08 2.91234142086769e-09 2.24957594800044e-08 1.68673326809172e-03 3.46786699814777e-08 -6.05721166070422e-08 4.45246190182413e-10 -3.62260371484544e-08 5.61245753834967e-09 4.12830187256501e-04 2.14227997535066e-08 -2.60570262155862e-08 -3.73485204581809e-10 1.23525986270607e-07 1.20135317238786e-07 2.01552402431324e-08 -1.35020036774981e-06 2.60102297949778e-08 6.48979336408618e-08 -7.31782821746083e-04 7.59062840259826e-08 -1.38641986722424e-06 3.80692191171919e-02 -2.12745353292420e-07 7.66244167177985e-08 -2.00421067147815e-03 -4.64029658171033e-08 2.09343544323591e-08 -4.76853073354130e-04 -1.61720288396698e-08 6.04518731295129e-09 -3.82278855741263e-09 -1.95391481156635e-08 -1.12339220709711e-03 -1.04442365392161e-09 4.31191768625292e-08 -2.99521996089197e-09 -4.14169314915838e-07 8.57919458468686e-09 2.48870319682398e-04 -1.94649507913313e-09 2.97746428753961e-08 -7.19952228354666e-09 -1.40219242684501e-07
 -4.92198512121523e-04 3.60836474349038e-04 6.15184801115947e-03 -1.86703984712118e-02 2.03498925361533e-07 -1.37437213189421e-07 -7.32237612590413e-03 1.12336176387394e-06 2.30043378836902e-07 4.99169783167139e-02 -1.42478432014526e-07 -4.31303406507560e-08 -1.38690109064830e-02 -4.45108465618245e-08 -1.83116000074003e-08 2.37139470902201e-03 9.27957919022092e-09 -1.75664884642994e-07 -8.05831527864846e-08 -4.93307261719366e-08 1.57305904528584e-03 3.06590597544340e-07 1.26326848883279e-07 1.44125696938605e-09 -5.30109958541462e-09 -6.11180469076352e-08 5.74300280125846e-04 1.91008185110617e-07 5.14905730918193e-08 5.46360408912485e-10 -6.90974052657659e-04 1.80151641652458e-04 3.49099060633413e-02 -7.69944325513804e-03 -4.78939615477223e-08 5.11217996613648e-08 2.55543434705479e-03 2.02416090069102e-06 2.40998847328119e-07 -4.50364372915055e-02 -3.07456895651163e-07 4.44518437912223e-08 6.10858323799123e-03 -9.12256816811796e-09 2.45755170696556e-09 9.26323722887053e-04 -4.13605260257485e-08 -4.77718679780932e-09 1.44098913046176e-08 -7.58128046735711e-08 1.23788240305185e-03 1.20560586523275e-07 -4.33890587072702e-09 5.45587765191230e-09 5.09339922935444e-08 4.08770180167971e-08 -4.33837413808871e-04 -8.60005290887373e-10 7.96533546165645e-08 -1.15321737464407e-09
 1.33436816724350e-06 -8.87413426654573e-08 -3.97179134155023e-07 3.71703556226629e-07 -1.81837439362702e-03 -1.44923955549817e-07 3.81303920756950e-07 2.38847474637597e-02 -7.83981279286312e-07 -8.96571672701368e-07 -3.99213013734627e-03 1.84378099377366e-07 3.57437325917434e-07 -6.05081963833055e-09 -8.06711905605256e-08 9.27957919022092e-09 1.08919862511657e-03 -2.42384436781335e-09 7.27900328910217e-10 -6.01403449412750e-08 -3.40559680012534e-08 1.68706961600796e-03 2.41444342634564e-08 1.17686698777073e-07 6.51735766723764e-10 -2.58957907221797e-08 -7.11979961299725e-09 4.12799479546136e-04 7.34254847366273e-09 7.69501353082894e-08 -1.58562550405585e-07 8.80267692248843e-08 -1.41696381411007e-07 -1.08008780441977e-07 -7.31759248780147e-04 6.64033723825360e-08 4.87635695406264e-08 3.80685563042638e-02 -1.38344779179630e-06 1.54068077487891e-06 -2.00456505102699e-03 7.85804380116111e-08 1.28018153703716e-07 1.88437837927938e-09 6.05784818290937e-09 -2.34259193590146e-08 -4.76870228401456e-04 1.97688514732123e-08 5.78143166681194e-09 4.19422520829499e-08 -1.79625739634235e-07 -1.12326553407186e-03 -1.89940847872732e-08 -1.48800154294781e-07 -3.75052051231645e-09 2.99810318865500e-08 2.83113005912655e-08 2.48912496150252e-04 1.24457501269935e-08 3.76705341032108e-07
 -2.37267006950921e-07 -5.65430996554499e-08 2.33402137233906e-06 1.83192890702508e-06 4.01876491515946e-09 -4.85031099579836e-09 6.74109274872095e-07 -5.31964438527974e-08 6.38186700459825e-08 -5.03961792944874e-06 8.89331879299483e-09 -1.06682861138453e-08 1.22427850672008e-06 6.06641342927930e-12 2.91234142086769e-09 -1.75664884642994e-07 -2.42384436781335e-09 2.02540889933077e-11 1.28850762304967e-11 4.51230404065716e-09 -1.08017733761377e-07 -3.77723792499471e-09 -1.11083719385387e-11 -4.76366394532038e-13 8.50656062334803e-12 1.10745057461377e-09 -2.54307655536223e-08 -9.32278428673871e-10 4.19604640035731e-12 5.87415731341905e-14 3.77875521406355e-08 -1.18410244078938e-08 -1.03971666495198e-06 3.78708127197665e-07 1.63177179874562e-09 -1.96126733954537e-09 -1.94718519453766e-07 -8.48189663427227e-08 1.01726721326839e-07 4.04360310639378e-06 4.48437606738198e-09 -5.35807323406806e-09 -3.38504457271652e-07 2.37328535768235e-12 -1.27454107607993e-09 -7.10728617843506e-08 1.06350061466052e-09 1.94163361461010e-13 -5.97586203845862e-12 -2.99763332828561e-09 -8.03497891506373e-08 2.48802076040553e-09 -1.66655728519869e-12 -1.18456029507495e-12 -4.39804961784947e-12 6.61699801460126e-10 3.46820655746763e-08 -5.51225189809199e-10 -5.49566469069429e-12 -1.05739905917849e-12
 -3.72855990909141e-08 -4.42088108550272e-08 1.78787822523711e-06 1.16836808651593e-06 -1.24251546152801e-09 -3.75500559132137e-08 4.01538076355572e-07 1.59538897209156e-08 4.93290889660648e-07 -2.96679132221702e-06 -2.66605328759913e-09 -8.24567466089759e-08 7.38990925242787e-07 4.56301435069353e-12 2.24957594800044e-08 -8.05831527864846e-08 7.27900328910217e-10 1.28850762304967e-11 1.04594308131331e-11 3.48392682252311e-08 -2.63445699705456e-08 1.10915768247622e-09 -5.50437382071204e-12 -7.19583501977901e-13 9.49373101081210e-12 8.52798125545791e-09 -3.22449136155498e-09 2.65220618587774e-10 6.08674492259646e-12 2.53785632427682e-12 -4.81871371630924e-08 1.92897792518266e-09 1.09752076561565e-06 1.25254919116143e-07 -4.81697909762398e-10 -1.51167960397199e-08 -1.15787544307087e-07 2.53976627551822e-08 7.86245650753047e-07 2.88424015500770e-06 -1.31931760089432e-09 -4.13938225409872e-08 -1.32861511795712e-07 2.40198766827394e-12 -9.84839591606495e-09 -4.08176949823938e-08 -3.17798383307423e-10 5.34752111219855e-13 -5.35060413014408e-12 -2.32005383337586e-08 -5.32854668089737e-08 -7.61507348074406e-10 -1.91067802410636e-12 -8.90630483340457e-12 -1.26669612378716e-12 5.13877076436691e-09 1.90080904459268e-08 1.70331544020431e-10 -2.31014652341255e-12 -2.50287818729144e-12
 2.85415489021408e-07 -8.82083044131640e-08 -9.12557423571674e-09 5.20865360443647e-07 -3.31869859953636e-07 -2.81572810340202e-03 3.47981601247767e-07 2.00641171045949e-07 3.69869558441122e-02 -1.43361790833857e-06 4.84051713597709e-08 -6.18259754864893e-03 4.91116195387233e-07 -1.14048310170203e-09 1.68673326809172e-03 -4.93307261719366e-08 -6.01403449412750e-08 4.51230404065716e-09 3.48392682252311e-08 2.61200660512340e-03 7.90140780955481e-08 6.52314335742297e-09 6.90241843720532e-10 -5.60911688479001e-08 8.69533239653442e-09 6.39292053847858e-04 3.01882471756202e-08 -1.58107096965462e-08 -5.77236091805754e-10 1.91291907152027e-07 1.62514768631484e-07 4.37613482779847e-08 -5.26454065488286e-07 1.74268754773140e-07 5.69873720213096e-08 -1.13320914190197e-03 4.60826375139262e-08 1.17212139219493e-07 5.89524458940886e-02 1.56588240857371e-06 -5.46465013010985e-10 -3.10363921148435e-03 -1.78182233083110e-07 3.24186592571530e-08 -7.38435294134514e-04 -4.78470741643715e-08 -1.90005127642206e-08 -5.91755480445370e-09 -3.02575468947977e-08 -1.73963952688034e-03 -5.65106836604506e-08 -4.71729903776189e-11 -4.63955575804345e-09 -6.41374802387897e-07 1.32862711118193e-08 3.85390467871497e-04 4.83229495271307e-09 6.09144384486642e-08 -1.11488671544120e-08 -2.17115324772178e-07
 -2.49294502486835e-03 7.59234530982283e-05 -1.01156927495178e-02 -9.10101570731251e-03 9.54662135835945e-08 -1.89759149270959e-07 -3.97614708369449e-03 -4.71528849682775e-07 1.56478938550428e-06 3.18327266280586e-02 1.27879705275976e-08 -2.54371423240086e-07 -6.87345272156412e-03 -1.37094527898773e-08 3.46786699814777e-08 1.57305904528584e-03 -3.40559680012534e-08 -1.08017733761377e-07 -2.63445699705456e-08 7.90140780955481e-08 1.56291360476163e-03 -5.77796691659152e-08 9.27991582848118e-08 1.22689626159125e-09 4.73938810449855e-08 -1.61045665596930e-08 4.05476920380273e-04 1.01518429819643e-08 5.39721956849427e-08 5.88340220305030e-10 -7.51425281280192e-04 2.99925251587450e-04 4.64153380875507e-02 -4.11145631993593e-03 1.23860572371470e-07 -8.73262396853634e-09 1.06386681769688e-03 -7.58718669299698e-07 2.43402056400061e-06 -1.12255876378749e-02 1.13245914359904e-07 -1.00107869665850e-07 3.29848571192029e-03 -1.46741910300121e-09 -2.15185241069261e-08 4.27545747002524e-04 5.11893483202636e-09 1.09906769091558e-08 5.90923017289370e-09 -1.32811270056381e-07 2.62432669293568e-04 2.49545179434954e-08 -9.36828742830099e-09 1.94028226945310e-09 5.97779102380010e-08 5.24851832745335e-08 -2.34585771203506e-04 9.81899501077420e-09 5.95775809748157e-08 2.06307093826202e-10
 -4.20273019927603e-06 -6.63857183404268e-08 6.28540707337164e-06 -3.00908678908996e-06 -2.81649650888593e-03 -3.31953704758945e-07 -6.35676227513196e-07 3.69953020774012e-02 1.97310423866420e-07 5.13165730604552e-06 -6.18344654268446e-03 4.96172235464352e-08 -2.07171224056343e-06 -9.38267645934984e-09 -6.05721166070422e-08 3.06590597544340e-07 1.68706961600796e-03 -3.77723792499471e-09 1.10915768247622e-09 6.52314335742297e-09 -5.77796691659152e-08 2.61311755044220e-03 3.74102586393906e-08 1.82283962406475e-07 9.92469493050825e-10 -1.57202944096572e-08 5.80332334099888e-08 6.39388935841041e-04 1.13779978888612e-08 1.19196041783396e-07 -9.87944434920372e-07 8.22143661387617e-08 -4.91803389573476e-06 -1.55456941413907e-06 -1.13342860140182e-03 5.96091611764140e-08 6.40038235454566e-07 5.89647323895341e-02 1.07093157484714e-07 -1.06366394490783e-05 -3.10488911958579e-03 3.27452023272774e-09 1.27838661794100e-06 2.91788113042833e-09 -1.88011431933126e-08 1.52634119542905e-07 -7.38628630078635e-04 3.06140319402917e-08 8.95402621543694e-09 -1.43046712472156e-09 1.10434969062660e-07 -1.73983610070288e-03 -2.94213010987106e-08 -2.30501028895844e-07 -5.81044552601393e-09 6.11459971789023e-08 -2.90965343576397e-08 3.85542814721417e-04 1.92876678434505e-08 5.83473499654818e-07
 -2.87941885372432e-07 2.22521051294297e-08 -7.06738494595376e-07 -1.04569474276288e-06 -4.02956571338597e-08 -7.58188836367823e-10 -4.06003609360258e-07 5.29497013640245e-07 9.82415835041667e-09 2.98954367979205e-06 -8.85016745261688e-08 -1.64083375517210e-09 -7.42525788900172e-07 -2.86288383163814e-12 4.45246190182413e-10 1.26326848883279e-07 2.41444342634564e-08 -1.11083719385387e-11 -5.50437382071204e-12 6.90241843720532e-10 9.27991582848118e-08 3.74102586393906e-08 7.94807422790735e-12 2.68111151429552e-12 -1.23261366833923e-12 1.66139360918237e-10 2.68337299832409e-08 9.15918384339240e-09 1.42930387442921e-12 1.80648128221955e-12 -1.42028632336799e-07 1.25295484814874e-08 1.94353122900827e-06 -3.39282303252461e-07 -1.62213495691618e-08 -2.96538408811725e-10 1.24008129029745e-07 8.43948827582924e-07 1.56498175797699e-08 -2.19865825277398e-06 -4.44472327171964e-08 -8.21399456636121e-10 2.79737409807825e-07 -7.36769748571632e-13 -1.95902117987894e-10 4.60602300745041e-08 -1.05725530173822e-08 5.34742571735026e-13 1.99228225851174e-12 -4.65524892138291e-10 5.16708264793576e-08 -2.48938678269833e-08 -3.76713973248353e-13 -3.21065096150277e-12 3.45568737405377e-12 1.05536570204211e-10 -2.26115713244159e-08 5.51734291647231e-09 4.69551272102538e-12 8.23387709213078e-12
 -1.28037201636699e-08 1.33742843949257e-10 -1.06642654616423e-08 -1.06347040653099e-08 -1.96463934798842e-07 6.04431956431688e-08 -4.22431712219694e-09 2.58068821752411e-06 -7.94263376673022e-07 3.28163544091773e-08 -4.31341633092893e-07 1.32771782464384e-07 -7.60783662471779e-09 -6.52606115117342e-13 -3.62260371484544e-08 1.44125696938605e-09 1.17686698777073e-07 -4.76366394532038e-13 -7.19583501977901e-13 -5.60911688479001e-08 1.22689626159125e-09 1.82283962406475e-07 2.68111151429552e-12 1.39212894572218e-11 -1.06713819571381e-13 -1.37296258670537e-08 3.28499747572452e-10 4.46024642058495e-08 8.37932542823792e-13 4.20750536835509e-12 9.03798132667727e-10 2.17173129482471e-10 3.03730020482638e-08 -3.69377502216261e-09 -7.90661104928689e-08 2.43393180245143e-08 1.22544001793605e-09 4.11321833148129e-06 -1.26596808929375e-06 -1.88545453713161e-08 -2.16588713117150e-07 6.66494197491595e-08 3.05662461972834e-09 -4.98824189569705e-13 1.58562387515478e-08 4.65200619177303e-10 -5.15243383288568e-08 2.26835525707099e-12 1.28906899631808e-12 3.73577801176137e-08 4.16656245559953e-10 -1.21366216912813e-07 -1.95849560028806e-12 -2.30357497923382e-12 -6.39501179538754e-13 -8.27178187044136e-09 -2.34553068459575e-10 2.68931176756331e-08 1.64081864155818e-12 4.53636815704593e-11
 -7.13764727017552e-07 -4.57251692181304e-08 1.69137322066359e-06 7.63931473740666e-07 -1.10925554879689e-09 -9.37207717599342e-09 2.22306744440323e-07 1.42920314828742e-08 1.23105333895713e-07 -1.58319456074046e-06 -2.39091256016405e-09 -2.05778201335265e-08 4.19373748047763e-07 4.22073165668408e-12 5.61245753834967e-09 -5.30109958541462e-09 6.51735766723764e-10 8.50656062334803e-12 9.49373101081210e-12 8.69533239653442e-09 4.73938810449855e-08 9.92469493050825e-10 -1.23261366833923e-12 -1.06713819571381e-13 1.25177745606604e-11 2.12741736036844e-09 1.83985610719351e-08 2.39372494365050e-10 9.89353995113028e-12 6.38699718995026e-13 -1.33664386926191e-07 1.52536839814588e-08 3.38170575984591e-06 -9.88300931564741e-08 -4.27770735179894e-10 -3.77339365010088e-09 -6.24664127102366e-08 2.27506291953507e-08 1.96214575091142e-07 2.32419868681098e-06 -1.17798518537570e-09 -1.03291643121071e-08 4.22365471102242e-08 2.21504889140087e-12 -2.45730703649633e-09 -1.96682976378105e-08 -2.84702679348833e-10 1.06305219412069e-12 -5.46099359428245e-12 -5.79206754269319e-09 -3.58326902657276e-08 -6.82015466903052e-10 -2.71663329061720e-12 -2.37338589510693e-12 1.44738847016043e-12 1.28313891292372e-09 7.91015928712346e-09 1.53174610313928e-10 9.40214028600652e-13 -3.42718181383161e-13
 2.62230475432738e-07 -2.53715447406386e-08 -2.86132428897365e-07 4.67059166242001e-07 -6.25706377785649e-08 -6.89153152580834e-04 2.22909973161927e-07 -1.95997125684166e-07 9.05260609640807e-03 -1.27753546996040e-06 5.28132668778143e-08 -1.51319888318643e-03 3.83027379689877e-07 -2.78447171275775e-10 4.12830187256501e-04 -6.11180469076352e-08 -2.58957907221797e-08 1.10745057461377e-09 8.52798125545791e-09 6.39292053847858e-04 -1.61045665596930e-08 -1.57202944096572e-08 1.66139360918237e-10 -1.37296258670537e-08 2.12741736036844e-09 1.56467572665140e-04 -6.05953775011959e-09 -8.10939535515971e-09 -1.43240840442414e-10 4.68181485692197e-08 2.34870924064570e-07 6.90058871583056e-09 -1.06399707635226e-06 2.13391598263642e-07 2.14572117694998e-08 -2.77354429674975e-04 -3.81610075444353e-08 -3.61973571783744e-07 1.44286886840279e-02 1.18883692857355e-06 2.04405533897968e-08 -7.59619781149172e-04 -1.75717394938320e-07 7.93449439927507e-09 -1.80733009663216e-04 -2.99052585065229e-08 2.43692095971910e-10 -1.44851609893041e-09 -7.40548282056916e-09 -4.25779061147850e-04 -3.83890855018608e-08 1.15119390292133e-08 -1.13499507888694e-09 -1.56975907037208e-07 3.25071003569477e-09 9.43248227709305e-05 9.73054958410673e-09 1.23545552835940e-08 -2.73063777070638e-09 -5.31431127395486e-08
 -1.67208841270504e-03 1.19311480465008e-05 7.94434451961661e-03 -3.45091344888637e-03 4.02921838379996e-08 -8.00187017324507e-08 -1.45749697606090e-03 1.23118003867932e-07 6.34070750201749e-07 8.94081412318684e-03 2.47123957558757e-09 -1.09100768703957e-07 -2.88292576247741e-03 -4.07836922628532e-09 2.14227997535066e-08 5.74300280125846e-04 -7.11979961299725e-09 -2.54307655536223e-08 -3.22449136155498e-09 3.01882471756202e-08 4.05476920380273e-04 5.80332334099888e-08 2.68337299832409e-08 3.28499747572452e-10 1.83985610719351e-08 -6.05953775011959e-09 1.80284727101146e-04 4.50780629661959e-08 3.21780388926562e-08 -3.17446904500688e-12 -9.16232493777409e-04 4.53102896925038e-05 1.22513308624117e-02 -2.31139120240929e-03 -6.55359961639129e-09 -8.99612305179343e-09 5.99989847030060e-04 2.19481126481743e-07 9.76909149205865e-07 -9.13658112226404e-03 -5.28268423156784e-08 -3.36250505840177e-08 1.74249718933802e-03 1.86631125665834e-09 -1.07587090344844e-08 2.17223484271134e-04 -7.34356756650972e-09 -1.16226687531204e-09 -8.24730393477540e-09 -4.75257096963629e-08 3.24376741267434e-04 3.51615471123754e-08 -6.25855617319007e-09 1.29737047209618e-09 1.12856511053927e-08 1.51315068466644e-08 -9.86056981765986e-05 3.37081922580928e-09 2.09414357014418e-08 -1.12796399704249e-10
 -4.89190700431802e-06 -4.19857708007437e-09 3.85072920945706e-06 -1.97583202755837e-06 -6.89152500802464e-04 -6.24701930353547e-08 -5.88724586712122e-07 9.05217040626954e-03 -1.98139363578187e-07 3.68399103479230e-06 -1.51299240960947e-03 5.33288674253365e-08 -1.42695181799953e-06 -2.29881042970606e-09 -2.60570262155862e-08 1.91008185110617e-07 4.12799479546136e-04 -9.32278428673871e-10 2.65220618587774e-10 -1.58107096965462e-08 1.01518429819643e-08 6.39388935841041e-04 9.15918384339240e-09 4.46024642058495e-08 2.39372494365050e-10 -8.10939535515971e-09 4.50780629661959e-08 1.56448477557296e-04 2.78857640468039e-09 2.91641269029194e-08 -4.75171150733829e-07 7.26596004102637e-09 -1.84376470598242e-06 -9.01401886753378e-07 -2.77332231248809e-04 2.21372440482662e-08 3.50939343529741e-07 1.44277456022463e-02 -3.66562202350716e-07 -6.86406459401628e-06 -7.59717729766091e-04 2.14832141953038e-08 7.17358161637065e-07 7.13339438071771e-10 3.18949217242396e-10 1.03517140070731e-07 -1.80730847145751e-04 7.48915777088973e-09 2.19027457878256e-09 1.12389373874707e-08 1.57951682794129e-07 -4.25710589617959e-04 -7.20024161418418e-09 -5.63952513313835e-08 -1.42090106578229e-09 1.23939643198660e-08 -3.31135101557427e-08 9.43362783227550e-05 4.72468999437309e-09 1.42768103082304e-07
 -1.56517342615761e-06 -3.29449374629111e-08 2.86580344343262e-06 1.27090501366488e-07 -1.22652583544513e-08 6.16693411617679e-10 -8.37219766468909e-10 1.61063055237608e-07 -8.16330949670193e-09 -3.62895977570549e-07 -2.69148476747251e-08 1.36395593465797e-09 -5.12990809199197e-08 2.38877695440091e-12 -3.73485204581809e-10 5.14905730918193e-08 7.34254847366273e-09 4.19604640035731e-12 6.08674492259646e-12 -5.77236091805754e-10 5.39721956849427e-08 1.13779978888612e-08 1.42930387442921e-12 8.37932542823792e-13 9.89353995113028e-12 -1.43240840442414e-10 3.21780388926562e-08 2.78857640468039e-09 1.10573738567752e-11 4.30188149866303e-13 -2.30387080057368e-07 7.76902902976879e-09 2.84350117787480e-06 -3.56175051872812e-07 -4.93430488453928e-09 2.49853599278787e-10 3.77542815608851e-08 2.56698016470478e-07 -1.30157410215777e-08 9.44627846858412e-08 -1.35159936633589e-08 6.88197864681722e-10 2.42325061032764e-07 1.76768387119694e-12 1.63195154353986e-10 1.41613967398298e-08 -3.21596192496341e-09 2.48925387493993e-13 -5.27856805824035e-12 3.81549399838334e-10 3.08361250928380e-08 -7.57183000725424e-09 -2.98804409715294e-12 -7.73948766812378e-13 1.27743755969593e-12 -8.42895796824157e-11 -5.49821276193029e-09 1.68074245534177e-09 3.05035481698264e-12 2.65511234948958e-12
 -2.73640745919563e-09 2.27985049124540e-10 -3.17296157986010e-08 -6.47387786067554e-09 -1.28496800938352e-07 -2.06226420152798e-07 -2.32742042957253e-09 1.68753025230098e-06 2.70876739002773e-06 2.27928178963562e-08 -2.82050256939709e-07 -4.52783378513391e-07 -3.62161704643820e-09 -5.36755504267637e-13 1.23525986270607e-07 5.46360408912485e-10 7.69501353082894e-08 5.87415731341905e-14 2.53785632427682e-12 1.91291907152027e-07 5.88340220305030e-10 1.19196041783396e-07 1.80648128221955e-12 4.20750536835509e-12 6.38699718995026e-13 4.68181485692197e-08 -3.17446904500688e-12 2.91641269029194e-08 4.30188149866303e-13 1.94472036867729e-11 1.63110779600917e-09 1.46193907609803e-10 7.26153916793100e-09 5.13241229120606e-10 -5.16963493456118e-08 -8.29883979491264e-08 2.96104726965128e-10 2.68964486672027e-06 4.31741703247763e-06 -6.12386550151592e-09 -1.41627410790906e-07 -2.27296443925184e-07 -3.54025080431312e-11 2.49300378354715e-12 -5.40805356616689e-08 1.26733805304733e-10 -3.36934325553416e-08 9.71015608251731e-13 -1.76361614938878e-12 -1.27403460755469e-07 -1.42816270464988e-10 -7.93614584837350e-08 -1.66953657843294e-12 -5.74852525890065e-11 7.41859915517932e-13 2.82270719548957e-08 -9.00649397320569e-11 1.75907250335468e-08 8.26813022439089e-14 1.07138768997383e-11
 1.76746931308297e-03 2.63560145338310e-04 -2.53451377540198e-02 1.15712789206407e-03 -8.82359829104138e-07 3.50931946281214e-07 1.68182698059360e-03 -9.55551508550817e-07 -9.16220387981149e-07 -7.72480239541555e-03 -1.62378865396734e-08 1.34102933740265e-07 2.07483010251180e-03 -2.78341863628938e-08 1.20135317238786e-07 -6.90974052657659e-04 -1.58562550405585e-07 3.77875521406355e-08 -4.81871371630924e-08 1.62514768631484e-07 -7.51425281280192e-04 -9.87944434920372e-07 -1.42028632336799e-07 9.03798132667727e-10 -1.33664386926191e-07 2.34870924064570e-07 -9.16232493777409e-04 -4.75171150733829e-07 -2.30387080057368e-07 1.63110779600917e-09 1.99009482309277e+00 8.02483350466193e-03 -3.24787966072273e-02 1.17592780736559e-02 1.75418847630966e-06 -4.72387946916725e-07 4.54454661428967e-03 -2.50828002945931e-06 -1.51414750561002e-06 8.37182769263651e-03 5.97802252489696e-07 1.53420301895323e-07 -1.65653749537167e-03 -3.45491864021457e-07 1.24177858891167e-08 1.92995010777823e-04 1.42769262074950e-06 -3.17252895478400e-07 2.42842016241247e-07 3.08890459030755e-07 -1.59628854800514e-03 -1.38172269554940e-06 2.32922871257879e-07 -1.45875343709293e-08 -3.08174714690540e-09 -1.25952440837795e-07 2.65544611677963e-04 -4.05344539611826e-07 -3.20597071279359e-07 -8.15870734323429e-09
 3.15967524122533e-04 -1.84155386154983e-05 -5.18588357554237e-03 -3.47166844188239e-04 -1.71795914191167e-07 -5.21620650829524e-08 -2.70955462006625e-04 1.87624189166131e-06 6.17944350114593e-07 3.60356737423745e-03 -3.46442055904055e-07 -9.97897902467042e-08 -2.69872102686929e-04 1.41686788743615e-09 2.01552402431324e-08 1.80151641652458e-04 8.80267692248843e-08 -1.18410244078938e-08 1.92897792518266e-09 4.37613482779847e-08 2.99925251587450e-04 8.22143661387617e-08 1.25295484814874e-08 2.17173129482471e-10 1.52536839814588e-08 6.90058871583056e-09 4.53102896925038e-05 7.26596004102637e-09 7.76902902976879e-09 1.46193907609803e-10 8.02483350466193e-03 1.10824382337807e-04 1.05200518872508e-02 -1.55966548125250e-04 -7.49909257624784e-09 -1.58357149113896e-08 -7.14386780639172e-06 2.94790122849840e-06 9.83158205491374e-07 3.06542529920364e-03 -9.44784626455272e-08 -5.08910623848253e-08 1.74822919001780e-04 -8.73643179095107e-10 -9.99726711246073e-09 6.30747760975839e-06 -3.02919635916393e-08 3.33560077240026e-09 2.03076236534344e-09 -3.86771215005772e-08 -1.12977336086346e-04 -1.21980844515187e-07 -9.04271781757611e-10 -2.51956771189702e-10 1.28850838328924e-08 1.29252684425747e-08 -1.41972442019509e-05 2.49279807586559e-08 6.61527388368959e-09 2.44603598396298e-10
 -3.12738326888771e-02 -6.00249150792182e-03 -4.69722838059126e-02 -6.07915810648246e-02 -2.95747433903952e-06 -1.45773615533678e-06 -4.88015215407001e-02 -1.61895636956131e-06 -2.47576521932037e-06 4.56874162433363e-01 -2.32068347409805e-06 6.56595708180075e-07 -7.28261413960075e-02 4.56907135145133e-07 -1.35020036774981e-06 3.49099060633413e-02 -1.41696381411007e-07 -1.03971666495198e-06 1.09752076561565e-06 -5.26454065488286e-07 4.64153380875507e-02 -4.91803389573476e-06 1.94353122900827e-06 3.03730020482638e-08 3.38170575984591e-06 -1.06399707635226e-06 1.22513308624117e-02 -1.84376470598242e-06 2.84350117787480e-06 7.26153916793100e-09 -3.24787966072273e-02 1.05200518872508e-02 1.75326303314745e+00 -1.02968449105671e-01 5.21765915286302e-06 7.13422329096644e-07 1.00052493866957e-02 -8.57230717390461e-06 -5.12377229490377e-06 2.45058985110119e-01 6.93042851801792e-06 9.77447680832389e-07 7.68462749603852e-02 3.26281336528809e-07 3.85303749625059e-07 5.31410211397940e-03 9.37146829552251e-08 5.08154712365318e-07 -7.12931612690229e-07 -1.66769897411393e-06 -3.68120271876222e-03 -2.43167184846802e-06 -6.31927372987867e-07 9.32327833472771e-09 1.69985549852653e-06 9.52476722944921e-07 -3.73851109043228e-03 1.14617303441912e-06 1.47824789986654e-06 3.66721218972455e-08
 4.52622128965294e-03 -6.87290873021910e-04 -1.35991160520957e-01 5.53174434454791e-02 -4.76014791713687e-07 5.05164214446775e-07 2.20250641022650e-02 -6.76007453305695e-06 -7.28303298253425e-07 -1.25753033224017e-01 5.98769599946011e-07 1.85898947527426e-07 4.48309370139187e-02 1.01398467241914e-07 2.60102297949778e-08 -7.69944325513804e-03 -1.08008780441977e-07 3.78708127197665e-07 1.25254919116143e-07 1.74268754773140e-07 -4.11145631993593e-03 -1.55456941413907e-06 -3.39282303252461e-07 -3.69377502216261e-09 -9.88300931564741e-08 2.13391598263642e-07 -2.31139120240929e-03 -9.01401886753378e-07 -3.56175051872812e-07 5.13241229120606e-10 1.17592780736559e-02 -1.55966548125250e-04 -1.02968449105671e-01 3.30571904269133e-02 5.17880685966696e-07 -1.21010484455057e-07 -9.62745258112783e-03 -1.15025502807852e-05 -6.49585388503150e-07 1.70227158931627e-01 1.66208826173604e-06 -2.25215540655218e-07 -2.49855465082216e-02 -9.37119254469443e-09 1.29596816444254e-09 -3.38211902038500e-03 2.22258385801632e-07 5.10238858388211e-08 8.77496647441917e-08 2.31224737717070e-07 -5.69957481097998e-03 -4.94937172620959e-07 5.89936473331214e-08 -2.16210139633783e-08 -8.37011656459330e-08 -9.77162592095897e-08 1.46233363842324e-03 -3.85087344153750e-08 -2.57198816835320e-07 4.01041832503091e-09
 3.76028728185286e-06 4.14212910449011e-08 -4.12158840723796e-06 8.79872041595133e-07 1.22164333215576e-03 7.94962794291852e-08 7.19960029370389e-08 -1.60465544389726e-02 7.61458928000692e-07 -3.99697513233496e-07 2.68204354993130e-03 -1.63108374016275e-07 5.85983810092111e-07 4.06883200253415e-09 6.48979336408618e-08 -4.78939615477223e-08 -7.31759248780147e-04 1.63177179874562e-09 -4.81697909762398e-10 5.69873720213096e-08 1.23860572371470e-07 -1.13342860140182e-03 -1.62213495691618e-08 -7.90661104928689e-08 -4.27770735179894e-10 2.14572117694998e-08 -6.55359961639129e-09 -2.77332231248809e-04 -4.93430488453928e-09 -5.16963493456118e-08 1.75418847630966e-06 -7.49909257624784e-09 5.21765915286302e-06 5.17880685966696e-07 4.91619836831166e-04 -5.18046454249309e-08 -2.37305792348626e-07 -2.55757011189519e-02 1.30362075294823e-06 4.59126414157987e-06 1.34673242383045e-03 -7.24958699673632e-08 -4.18126129411018e-07 -1.26538451258682e-09 -8.75527880478845e-09 -4.90114985615761e-08 3.20377017503843e-04 -1.32780455240394e-08 -3.88287051973530e-09 -3.92229080912035e-08 -5.81459418565168e-08 7.54646478352502e-04 1.27617383231168e-08 9.99641860153211e-08 2.52402214522452e-09 -1.76933692991024e-08 1.09798001244215e-09 -1.67227548257573e-04 -8.36404365617487e-09 -2.53084079981341e-07
 2.30685420227520e-07 4.77604041501368e-08 -6.77150328819434e-07 -4.95939617307582e-07 7.66847565147409e-08 1.22159293005384e-03 -2.55651951024684e-07 7.96935203952701e-07 -1.60466502560048e-02 1.48740042489294e-06 -1.68752539479681e-07 2.68229645714096e-03 -3.89383350568297e-07 4.93672593515360e-10 -7.31782821746083e-04 5.11217996613648e-08 6.64033723825360e-08 -1.96126733954537e-09 -1.51167960397199e-08 -1.13320914190197e-03 -8.73262396853634e-09 5.96091611764140e-08 -2.96538408811725e-10 2.43393180245143e-08 -3.77339365010088e-09 -2.77354429674975e-04 -8.99612305179343e-09 2.21372440482662e-08 2.49853599278787e-10 -8.29883979491264e-08 -4.72387946916725e-07 -1.58357149113896e-08 7.13422329096644e-07 -1.21010484455057e-07 -5.18046454249309e-08 4.91638483192517e-04 2.56933563311053e-09 1.35808114959165e-06 -2.55762946592948e-02 -1.09539331220590e-06 -7.39523099377529e-08 1.34650207993395e-03 1.19703056388103e-07 -1.40649659774630e-08 3.20367346383125e-04 2.99202751516262e-08 -9.40625191494528e-09 2.56826467804752e-09 1.31284671573596e-08 7.54735997939888e-04 2.91343919414612e-08 -4.15515485131306e-08 2.01247967078776e-09 2.78252559561409e-07 -5.76330148925670e-09 -1.67200187954549e-04 -7.33032709933700e-09 -1.72152553168598e-08 4.83825674809075e-09 9.42085891251590e-08
 -4.87061015784943e-04 5.59178034654844e-04 2.58851340954698e-02 -2.38856548759292e-02 2.78540931462478e-07 -2.80547047142284e-07 -8.88538305533066e-03 2.52253985558066e-06 1.85263512265186e-06 5.45161439275654e-02 -2.50342591200277e-07 -3.28281748059371e-07 -1.76867895328705e-02 -6.53762133104446e-08 7.59062840259826e-08 2.55543434705479e-03 4.87635695406264e-08 -1.94718519453766e-07 -1.15787544307087e-07 4.60826375139262e-08 1.06386681769688e-03 6.40038235454566e-07 1.24008129029745e-07 1.22544001793605e-09 -6.24664127102366e-08 -3.81610075444353e-08 5.99989847030060e-04 3.50939343529741e-07 3.77542815608851e-08 2.96104726965128e-10 4.54454661428967e-03 -7.14386780639172e-06 1.00052493866957e-02 -9.62745258112783e-03 -2.37305792348626e-07 2.56933563311053e-09 3.53960906381383e-03 4.46369658844790e-06 2.78841874771446e-06 -7.10524963771107e-02 -7.06113979197870e-07 -7.16692629488523e-08 7.58815544711617e-03 -1.50716881176033e-08 -3.56537246931455e-08 1.22781135980321e-03 -7.72256935687572e-08 -2.33353322208345e-08 1.66815833228558e-08 -1.37004577135156e-07 2.02910532315493e-03 2.05895578845822e-07 1.61206208168006e-09 7.85741775152348e-09 2.33843583768915e-08 4.68424167565338e-08 -5.30394091285244e-04 -1.56039245264536e-08 7.83070436715059e-08 -2.43651917433918e-09
 5.23652134895101e-06 -2.91756331246825e-06 2.19460515192925e-05 -3.89936928864204e-06 -6.35539620041106e-02 -7.45765138120396e-06 7.29695271585608e-06 8.34795266894187e-01 4.02435891499065e-06 1.87147941447525e-06 -1.39528849601212e-01 1.19124007811949e-06 -2.97078348477874e-07 -2.11522877612393e-07 -1.38641986722424e-06 2.02416090069102e-06 3.80685563042638e-02 -8.48189663427227e-08 2.53976627551822e-08 1.17212139219493e-07 -7.58718669299698e-07 5.89647323895341e-02 8.43948827582924e-07 4.11321833148129e-06 2.27506291953507e-08 -3.61973571783744e-07 2.19481126481743e-07 1.44277456022463e-02 2.56698016470478e-07 2.68964486672027e-06 -2.50828002945931e-06 2.94790122849840e-06 -8.57230717390461e-06 -1.15025502807852e-05 -2.55757011189519e-02 1.35808114959165e-06 4.46369658844790e-06 1.33053324823522e+00 1.73486926431828e-06 -4.36628673194642e-06 -7.00615081478941e-02 1.09583519913360e-07 1.04420481568974e-05 6.58834754355105e-08 -4.15673947488069e-07 1.18487760197329e-07 -1.66670805700643e-02 6.90911812125081e-07 2.02026376721664e-07 -1.21493902073707e-08 -4.45617615059429e-06 -3.92592278467794e-02 -6.63882693114909e-07 -5.20124929700961e-06 -1.31062287465978e-07 1.37531039120623e-06 6.17845140602357e-07 8.69973501422279e-03 4.35051160587113e-07 1.31660332442123e-05
 1.46620761152632e-06 -1.69165460855544e-06 5.51451565673700e-06 -1.17804734211789e-06 -7.44647168764720e-06 -6.35503978574161e-02 3.05949739544065e-06 3.95696317214474e-06 8.34787902362656e-01 -1.06113548690043e-06 1.18807616407098e-06 -1.39539941076567e-01 1.75702174270026e-06 -2.57766177705247e-08 3.80692191171919e-02 2.40998847328119e-07 -1.38344779179630e-06 1.01726721326839e-07 7.86245650753047e-07 5.89524458940886e-02 2.43402056400061e-06 1.07093157484714e-07 1.56498175797699e-08 -1.26596808929375e-06 1.96214575091142e-07 1.44286886840279e-02 9.76909149205865e-07 -3.66562202350716e-07 -1.30157410215777e-08 4.31741703247763e-06 -1.51414750561002e-06 9.83158205491374e-07 -5.12377229490377e-06 -6.49585388503150e-07 1.30362075294823e-06 -2.55762946592948e-02 2.78841874771446e-06 1.73486926431828e-06 1.33054444522942e+00 -2.75891213162482e-07 3.53885563890042e-08 -7.00484915967357e-02 -3.58181891591370e-07 7.31673662020033e-07 -1.66663310374289e-02 -4.60718164340791e-07 -4.17445716661692e-07 -1.33566584030827e-07 -6.82891461660907e-07 -3.92633024107728e-02 -3.14860151171197e-07 2.59758092861989e-08 -1.04712484506136e-07 -1.44756884146768e-05 2.99888672773247e-07 8.69818273810683e-03 -1.66589951443729e-07 1.36884941538782e-06 -2.51582522136636e-07 -4.90025797328328e-06
 4.07856173193705e-02 -1.37494652782326e-02 -4.53932335425571e-01 4.97139400258950e-01 -1.12536461569525e-05 2.62894301200607e-06 1.77638034263585e-01 4.27936676542250e-06 -2.09531130813315e-06 -1.07266902827138e+00 -4.71873562214480e-06 7.68232092016504e-07 3.57092345135071e-01 1.54723991107960e-06 -2.12745353292420e-07 -4.50364372915055e-02 1.54068077487891e-06 4.04360310639378e-06 2.88424015500770e-06 1.56588240857371e-06 -1.12255876378749e-02 -1.06366394490783e-05 -2.19865825277398e-06 -1.88545453713161e-08 2.32419868681098e-06 1.18883692857355e-06 -9.13658112226404e-03 -6.86406459401628e-06 9.44627846858412e-08 -6.12386550151592e-09 8.37182769263651e-03 3.06542529920364e-03 2.45058985110119e-01 1.70227158931627e-01 4.59126414157987e-06 -1.09539331220590e-06 -7.10524963771107e-02 -4.36628673194642e-06 -2.75891213162482e-07 1.55531312673533e+00 1.16927312604739e-05 -1.31944087213827e-06 -1.36020251543457e-01 4.21228834430346e-07 9.57047629767089e-08 -2.43241017601087e-02 5.61232050769752e-07 5.77624731434110e-07 -6.47156380944413e-07 7.05856388992936e-07 -4.26995294824724e-02 -7.68778369968967e-06 -2.16576704573232e-07 -1.62892057637323e-07 -1.34558425500170e-07 -3.79820547498089e-07 1.02355606894721e-02 1.23847364265336e-06 -1.31073766865121e-06 6.15829421706171e-08
 2.79667940760099e-06 7.49724487311354e-08 -7.36614896017329e-06 3.15330220070944e-06 3.34654268201294e-03 3.86655109595673e-07 5.92544240725652e-07 -4.39575752004407e-02 -1.32403375785592e-07 -4.92149560352866e-06 7.34713061394634e-03 -7.60117069964874e-08 2.14817376235052e-06 1.11478451884681e-08 7.66244167177985e-08 -3.07456895651163e-07 -2.00456505102699e-03 4.48437606738198e-09 -1.31931760089432e-09 -5.46465013010985e-10 1.13245914359904e-07 -3.10488911958579e-03 -4.44472327171964e-08 -2.16588713117150e-07 -1.17798518537570e-09 2.04405533897968e-08 -5.28268423156784e-08 -7.59717729766091e-04 -1.35159936633589e-08 -1.41627410790906e-07 5.97802252489696e-07 -9.44784626455272e-08 6.93042851801792e-06 1.66208826173604e-06 1.34673242383045e-03 -7.39523099377529e-08 -7.06113979197870e-07 -7.00615081478941e-02 3.53885563890042e-08 1.16927312604739e-05 3.68920887377330e-03 -1.24516292132982e-08 -1.37391133242472e-06 -3.46681796979996e-09 2.03023213671472e-08 -1.60728876675617e-07 8.77633691440663e-04 -3.63752407643660e-08 -1.06397077662517e-08 -3.10116986834041e-09 -1.02431804606253e-07 2.06726184655858e-03 3.49570968193794e-08 2.73878166345613e-07 6.90615482254084e-09 -7.15893280358690e-08 2.50806171975190e-08 -4.58099443032219e-04 -2.29143919204300e-08 -6.93280000539459e-07
 -1.41194918475847e-07 9.35164010359803e-08 9.31222034417911e-07 -3.45618757823987e-07 3.82441459196812e-07 3.34570522612883e-03 -3.23069470757779e-07 -8.22647503014788e-08 -4.39486509221395e-02 9.32156711191855e-07 -8.36123919592920e-08 7.34628777257645e-03 -4.28877828265017e-07 1.35630967185615e-09 -2.00421067147815e-03 4.44518437912223e-08 7.85804380116111e-08 -5.35807323406806e-09 -4.13938225409872e-08 -3.10363921148435e-03 -1.00107869665850e-07 3.27452023272774e-09 -8.21399456636121e-10 6.66494197491595e-08 -1.03291643121071e-08 -7.59619781149172e-04 -3.36250505840177e-08 2.14832141953038e-08 6.88197864681722e-10 -2.27296443925184e-07 1.53420301895323e-07 -5.08910623848253e-08 9.77447680832389e-07 -2.25215540655218e-07 -7.24958699673632e-08 1.34650207993395e-03 -7.16692629488523e-08 1.09583519913360e-07 -7.00484915967357e-02 -1.31944087213827e-06 -1.24516292132982e-08 3.68780704422741e-03 2.14043625874949e-07 -3.85199407891096e-08 8.77423789757983e-04 5.03178576968887e-08 1.94597169590611e-08 7.03142849190641e-09 3.59510131809022e-08 2.06707496081566e-03 6.24819520007035e-08 -7.28919535722492e-09 5.51215232939950e-09 7.62093533684099e-07 -1.57876492331295e-08 -4.57928768588120e-04 -2.23811527797216e-09 -7.07517392448528e-08 1.32468853065271e-08 2.57983325128112e-07
 -4.21870990931654e-03 6.75287025477966e-04 9.02924153614350e-02 -4.58506550174271e-02 3.46882998802527e-07 -3.48371826604320e-07 -1.80549377018564e-02 6.15597231775885e-06 2.16372719471720e-08 1.06953703237098e-01 -6.50915496296624e-07 -4.86408892075600e-08 -3.62885834503596e-02 -9.29577049615165e-08 -4.64029658171033e-08 6.10858323799123e-03 1.28018153703716e-07 -3.38504457271652e-07 -1.32861511795712e-07 -1.78182233083110e-07 3.29848571192029e-03 1.27838661794100e-06 2.79737409807825e-07 3.05662461972834e-09 4.22365471102242e-08 -1.75717394938320e-07 1.74249718933802e-03 7.17358161637065e-07 2.42325061032764e-07 -3.54025080431312e-11 -1.65653749537167e-03 1.74822919001780e-04 7.68462749603852e-02 -2.49855465082216e-02 -4.18126129411018e-07 1.19703056388103e-07 7.58815544711617e-03 1.04420481568974e-05 -3.58181891591370e-07 -1.36020251543457e-01 -1.37391133242472e-06 2.14043625874949e-07 1.90823645934703e-02 -2.06033322424262e-09 1.03260635889461e-08 2.66902691415740e-03 -1.85488887173714e-07 -3.88193908138607e-08 -4.32833710966440e-08 -1.54318601352235e-07 4.36917393024497e-03 3.39946044785186e-07 -3.65576934423559e-08 1.68729699697932e-08 7.47951981256404e-08 7.45821485657299e-08 -1.16477629261486e-03 2.90190300577303e-08 2.02389184718450e-07 -3.42242818835065e-09
 -1.43296688217060e-07 -9.18991940938654e-09 5.24765029952234e-07 1.87328839595109e-07 -3.15473992531836e-09 -3.49468553837891e-08 6.17213700447567e-08 4.13406971057236e-08 4.59054396942879e-07 -4.94497000512077e-07 -6.90816242107658e-09 -7.67337977148259e-08 1.08450846402828e-07 8.49234284926086e-13 2.09343544323591e-08 -9.12256816811796e-09 1.88437837927938e-09 2.37328535768235e-12 2.40198766827394e-12 3.24186592571530e-08 -1.46741910300121e-09 2.91788113042833e-09 -7.36769748571632e-13 -4.98824189569705e-13 2.21504889140087e-12 7.93449439927507e-09 1.86631125665834e-09 7.13339438071771e-10 1.76768387119694e-12 2.49300378354715e-12 -3.45491864021457e-07 -8.73643179095107e-10 3.26281336528809e-07 -9.37119254469443e-09 -1.26538451258682e-09 -1.40649659774630e-08 -1.50716881176033e-08 6.58834754355105e-08 7.31673662020033e-07 4.21228834430346e-07 -3.46681796979996e-09 -3.85199407891096e-08 -2.06033322424262e-09 8.91233080691358e-13 -9.16490865009958e-09 -5.10674944558667e-09 -8.25688013896983e-10 8.38811712899654e-14 -1.57105950009931e-12 -2.15911339480750e-08 -4.71412986711600e-09 -1.94515233003782e-09 -6.19597192591107e-13 -8.24565329168276e-12 -2.89599655990584e-14 4.78308346332999e-09 2.48497416211084e-09 4.32245544636071e-10 -2.02603712007454e-13 -2.01650481090213e-12
 5.63611827697866e-08 2.08409937067117e-08 -2.09989422914752e-07 5.81722510519544e-09 1.12090159738106e-07 7.96029005013279e-04 -4.63555428795073e-08 -2.96729327922896e-07 -1.04565101735540e-02 1.16900834909757e-07 2.64286912136660e-08 1.74787009848458e-03 -2.97554512067495e-08 3.22984418282331e-10 -4.76853073354130e-04 2.45755170696556e-09 6.05784818290937e-09 -1.27454107607993e-09 -9.84839591606495e-09 -7.38435294134514e-04 -2.15185241069261e-08 -1.88011431933126e-08 -1.95902117987894e-10 1.58562387515478e-08 -2.45730703649633e-09 -1.80733009663216e-04 -1.07587090344844e-08 3.18949217242396e-10 1.63195154353986e-10 -5.40805356616689e-08 1.24177858891167e-08 -9.99726711246073e-09 3.85303749625059e-07 1.29596816444254e-09 -8.75527880478845e-09 3.20367346383125e-04 -3.56537246931455e-08 -4.15673947488069e-07 -1.66663310374289e-02 9.57047629767089e-08 2.03023213671472e-08 8.77423789757983e-04 1.03260635889461e-08 -9.16490865009958e-09 2.08761602437664e-04 5.94294647124287e-09 1.01636950251806e-08 1.67297835594475e-09 8.55383748344698e-09 4.91810098858510e-04 7.66933966281501e-10 1.12975038820003e-08 1.31178266838785e-09 1.81323260772344e-07 -3.75599389843892e-09 -1.08952988159960e-04 1.61796606984521e-09 -1.97217127330274e-08 3.15138686915849e-09 6.13764879763438e-08
 -3.35422428281238e-04 1.93739400702036e-04 7.75659681545973e-03 -8.45797143421984e-03 1.63358376321141e-07 -3.05106636289816e-08 -3.16942897037278e-03 -1.99652091103383e-08 -2.53090024089237e-07 1.98749566277224e-02 5.67137281240524e-08 3.65649370561226e-08 -6.24985331102613e-03 -2.28142300132770e-08 -1.61720288396698e-08 9.26323722887053e-04 -2.34259193590146e-08 -7.10728617843506e-08 -4.08176949823938e-08 -4.78470741643715e-08 4.27545747002524e-04 1.52634119542905e-07 4.60602300745041e-08 4.65200619177303e-10 -1.96682976378105e-08 -2.99052585065229e-08 2.17223484271134e-04 1.03517140070731e-07 1.41613967398298e-08 1.26733805304733e-10 1.92995010777823e-04 6.30747760975839e-06 5.31410211397940e-03 -3.38211902038500e-03 -4.90114985615761e-08 2.99202751516262e-08 1.22781135980321e-03 1.18487760197329e-07 -4.60718164340791e-07 -2.43241017601087e-02 -1.60728876675617e-07 5.03178576968887e-08 2.66902691415740e-03 -5.10674944558667e-09 5.94294647124287e-09 4.29643754611852e-04 -9.66609872200940e-09 -7.03698590041531e-09 6.36882703607559e-09 -7.55033987735602e-09 6.88216177815807e-04 1.10443550820423e-07 2.08781674870981e-10 2.74239556961324e-09 1.07419486895015e-08 8.35577902645382e-09 -1.88370751184572e-04 -1.35530711019972e-08 2.90948612839239e-08 -8.15204318768294e-10
 -2.61626486178426e-07 3.25302769171149e-08 -6.15492215885155e-07 1.95522221556656e-07 7.96116147179552e-04 1.12320767320181e-07 -3.58743183448617e-08 -1.04571606831661e-02 -2.98684404928282e-07 -3.19980251269547e-07 1.74782447406884e-03 2.65782757658761e-08 1.17551918523424e-07 2.65006623110281e-09 6.04518731295129e-09 -4.13605260257485e-08 -4.76870228401456e-04 1.06350061466052e-09 -3.17798383307423e-10 -1.90005127642206e-08 5.11893483202636e-09 -7.38628630078635e-04 -1.05725530173822e-08 -5.15243383288568e-08 -2.84702679348833e-10 2.43692095971910e-10 -7.34356756650972e-09 -1.80730847145751e-04 -3.21596192496341e-09 -3.36934325553416e-08 1.42769262074950e-06 -3.02919635916393e-08 9.37146829552251e-08 2.22258385801632e-07 3.20377017503843e-04 -9.40625191494528e-09 -7.72256935687572e-08 -1.66670805700643e-02 -4.17445716661692e-07 5.61232050769752e-07 8.77633691440663e-04 1.94597169590611e-08 -1.85488887173714e-07 -8.25688013896983e-10 1.01636950251806e-08 -9.66609872200940e-09 2.08782138163314e-04 -8.65474983255160e-09 -2.53034907479770e-09 1.18298799240419e-08 3.93930785478899e-08 4.91785312412846e-04 8.31635075874107e-09 6.51582972464450e-08 1.64175992137966e-09 -1.98151101632307e-08 -4.09903183011926e-09 -1.08978249988737e-04 -5.45023218543933e-09 -1.64924388235517e-07
 -6.97325267899530e-08 -4.02558973455277e-09 -5.39195829579409e-07 1.08217809331593e-07 -3.30050476076287e-08 6.37624187141945e-09 3.31131749203733e-08 4.33490083495871e-07 -8.37992141668344e-08 -7.25544527993738e-08 -7.24573107032013e-08 1.40088600410202e-08 8.36649744292416e-08 3.00591250919654e-13 -3.82278855741263e-09 -4.77718679780932e-09 1.97688514732123e-08 1.94163361461010e-13 5.34752111219855e-13 -5.91755480445370e-09 1.09906769091558e-08 3.06140319402917e-08 5.34742571735026e-13 2.26835525707099e-12 1.06305219412069e-12 -1.44851609893041e-09 -1.16226687531204e-09 7.48915777088973e-09 2.48925387493993e-13 9.71015608251731e-13 -3.17252895478400e-07 3.33560077240026e-09 5.08154712365318e-07 5.10238858388211e-08 -1.32780455240394e-08 2.56826467804752e-09 -2.33353322208345e-08 6.90911812125081e-07 -1.33566584030827e-07 5.77624731434110e-07 -3.63752407643660e-08 7.03142849190641e-09 -3.88193908138607e-08 8.38811712899654e-14 1.67297835594475e-09 -7.03698590041531e-09 -8.65474983255160e-09 8.32838068486271e-13 2.30087184544293e-13 3.94117702294309e-09 -1.84119751982184e-08 -2.03896293053974e-08 -4.54378562590382e-13 -1.30284207233280e-12 5.62684580402111e-13 -8.72215451792784e-10 2.22011442529738e-09 4.51806569288032e-09 3.14977019511420e-13 7.35694381811988e-12
 6.23605242468865e-07 2.35515578179385e-08 -1.90087624976107e-06 -3.95069161190055e-07 -9.63948318803134e-09 3.26156668103964e-08 -1.28723813988500e-07 1.26746760805585e-07 -4.28448033494445e-07 1.19015593001612e-06 -2.11895155596795e-08 7.16186417751174e-08 -2.03548836301754e-07 -2.11764914329872e-12 -1.95391481156635e-08 1.44098913046176e-08 5.78143166681194e-09 -5.97586203845862e-12 -5.35060413014408e-12 -3.02575468947977e-08 5.90923017289370e-09 8.95402621543694e-09 1.99228225851174e-12 1.28906899631808e-12 -5.46099359428245e-12 -7.40548282056916e-09 -8.24730393477540e-09 2.19027457878256e-09 -5.27856805824035e-12 -1.76361614938878e-12 2.42842016241247e-07 2.03076236534344e-09 -7.12931612690229e-07 8.77496647441917e-08 -3.88287051973530e-09 1.31284671573596e-08 1.66815833228558e-08 2.02026376721664e-07 -6.82891461660907e-07 -6.47156380944413e-07 -1.06397077662517e-08 3.59510131809022e-08 -4.32833710966440e-08 -1.57105950009931e-12 8.55383748344698e-09 6.36882703607559e-09 -2.53034907479770e-09 2.30087184544293e-13 3.85379416290712e-12 2.01516299457966e-08 -3.62983729898474e-09 -5.96056888047034e-09 1.44638225018360e-12 6.66520582800404e-12 5.42782845259162e-13 -4.46350919060972e-09 -4.15189138728219e-09 1.31884191819908e-09 1.51682451408987e-13 4.46468088629391e-12
 -2.79158810245432e-07 4.52275699318887e-08 -1.79554252763596e-07 4.38766894315966e-07 2.17871201405054e-07 1.87532141666131e-03 8.51255657313174e-08 -9.22690490899852e-08 -2.46339233382391e-02 -1.25530258962770e-06 -3.91526093372198e-08 4.11771205752898e-03 2.64394040897956e-07 7.61269364817768e-10 -1.12339220709711e-03 -7.58128046735711e-08 4.19422520829499e-08 -2.99763332828561e-09 -2.32005383337586e-08 -1.73963952688034e-03 -1.32811270056381e-07 -1.43046712472156e-09 -4.65524892138291e-10 3.73577801176137e-08 -5.79206754269319e-09 -4.25779061147850e-04 -4.75257096963629e-08 1.12389373874707e-08 3.81549399838334e-10 -1.27403460755469e-07 3.08890459030755e-07 -3.86771215005772e-08 -1.66769897411393e-06 2.31224737717070e-07 -3.92229080912035e-08 7.54735997939888e-04 -1.37004577135156e-07 -1.21493902073707e-08 -3.92633024107728e-02 7.05856388992936e-07 -3.10116986834041e-09 2.06707496081566e-03 -1.54318601352235e-07 -2.15911339480750e-08 4.91810098858510e-04 -7.55033987735602e-09 1.18298799240419e-08 3.94117702294309e-09 2.01516299457966e-08 1.15862865397962e-03 -1.11038620356875e-08 -1.91998289432089e-09 3.09035297666080e-09 4.27165724053541e-07 -8.85152545031841e-09 -2.56676417238474e-04 1.58110756532276e-08 -4.01389418370578e-08 7.42160027554887e-09 1.44603077621932e-07
 -3.25727802480138e-03 2.66233941522283e-04 2.71932706504496e-02 -1.22197006857022e-02 5.10393856714059e-07 -6.41879171539038e-08 -4.44209446038619e-03 -2.96686830929063e-06 -1.38132526438625e-07 2.37548688646924e-02 6.45566535816283e-07 6.07989267004230e-09 -9.32668533877663e-03 -3.27137605190722e-08 -1.04442365392161e-09 1.23788240305185e-03 -1.79625739634235e-07 -8.03497891506373e-08 -5.32854668089737e-08 -5.65106836604506e-08 2.62432669293568e-04 1.10434969062660e-07 5.16708264793576e-08 4.16656245559953e-10 -3.58326902657276e-08 -3.83890855018608e-08 3.24376741267434e-04 1.57951682794129e-07 3.08361250928380e-08 -1.42816270464988e-10 -1.59628854800514e-03 -1.12977336086346e-04 -3.68120271876222e-03 -5.69957481097998e-03 -5.81459418565168e-08 2.91343919414612e-08 2.02910532315493e-03 -4.45617615059429e-06 -3.14860151171197e-07 -4.26995294824724e-02 -1.02431804606253e-07 6.24819520007035e-08 4.36917393024497e-03 -4.71412986711600e-09 7.66933966281501e-10 6.88216177815807e-04 3.93930785478899e-08 -1.84119751982184e-08 -3.62983729898474e-09 -1.11038620356875e-08 1.31850681560905e-03 3.62601038011398e-07 -2.58277890989869e-09 4.76393119025302e-09 -3.03731476178004e-09 5.06517887921918e-09 -2.78634612592883e-04 -5.80531385292570e-08 3.77497658813849e-08 -1.58748296186799e-09
 -3.26217698750322e-06 1.33236401446967e-07 3.25087370917784e-06 -2.07524959638708e-06 1.87524780894281e-03 2.16351991185120e-07 -9.69310136495507e-07 -2.46317915639215e-02 -7.03218395917246e-08 4.02621949141787e-06 4.11699215404520e-03 -4.32465100893520e-08 -1.58993349468825e-06 6.23477191587842e-09 4.31191768625292e-08 1.20560586523275e-07 -1.12326553407186e-03 2.48802076040553e-09 -7.61507348074406e-10 -4.71729903776189e-11 2.49545179434954e-08 -1.73983610070288e-03 -2.48938678269833e-08 -1.21366216912813e-07 -6.82015466903052e-10 1.15119390292133e-08 3.51615471123754e-08 -4.25710589617959e-04 -7.57183000725424e-09 -7.93614584837350e-08 -1.38172269554940e-06 -1.21980844515187e-07 -2.43167184846802e-06 -4.94937172620959e-07 7.54646478352502e-04 -4.15515485131306e-08 2.05895578845822e-07 -3.92592278467794e-02 2.59758092861989e-08 -7.68778369968967e-06 2.06726184655858e-03 -7.28919535722492e-09 3.39946044785186e-07 -1.94515233003782e-09 1.12975038820003e-08 1.10443550820423e-07 4.91785312412846e-04 -2.03896293053974e-08 -5.96056888047034e-09 -1.91998289432089e-09 3.62601038011398e-07 1.15839798548961e-03 1.95883694995011e-08 1.53470052163145e-07 3.86622808913092e-09 -4.00758923734086e-08 -6.29231614167634e-08 -2.56697747876840e-04 -1.28303351890798e-08 -3.88482662593215e-07
 7.69026960772306e-07 1.15532228398384e-08 -6.46581601481858e-07 -1.01434930806943e-07 3.17129086805720e-08 5.00530553499171e-09 -2.76933244918652e-08 -4.16531627123925e-07 -6.56985593272828e-08 2.61043818476474e-07 6.96183654488824e-08 1.09812254593365e-08 -4.02468518849891e-08 -7.28767981221270e-13 -2.99521996089197e-09 -4.33890587072702e-09 -1.89940847872732e-08 -1.66655728519869e-12 -1.91067802410636e-12 -4.63955575804345e-09 -9.36828742830099e-09 -2.94213010987106e-08 -3.76713973248353e-13 -1.95849560028806e-12 -2.71663329061720e-12 -1.13499507888694e-09 -6.25855617319007e-09 -7.20024161418418e-09 -2.98804409715294e-12 -1.66953657843294e-12 2.32922871257879e-07 -9.04271781757611e-10 -6.31927372987867e-07 5.89936473331214e-08 1.27617383231168e-08 2.01247967078776e-09 1.61206208168006e-09 -6.63882693114909e-07 -1.04712484506136e-07 -2.16576704573232e-07 3.49570968193794e-08 5.51215232939950e-09 -3.65576934423559e-08 -6.19597192591107e-13 1.31178266838785e-09 2.08781674870981e-10 8.31635075874107e-09 -4.54378562590382e-13 1.44638225018360e-12 3.09035297666080e-09 -2.58277890989869e-09 1.95883694995011e-08 1.20355905146074e-12 3.73382302148188e-12 -2.96448194656344e-13 -6.85192342163689e-10 -3.54753561924353e-10 -4.34156648607574e-09 -8.74995830170440e-13 -6.20690748020054e-12
 -5.64438211458895e-09 1.25160702378384e-09 6.92585254233511e-08 -5.24324860993152e-08 2.48523004903014e-07 6.91426496590251e-07 -1.94105973268686e-08 -3.26336880285710e-06 -9.08210512993506e-06 1.15222896840425e-07 5.45424351058790e-07 1.51812249345260e-06 -3.90213492861176e-08 9.62969391828739e-13 -4.14169314915838e-07 5.45587765191230e-09 -1.48800154294781e-07 -1.18456029507495e-12 -8.90630483340457e-12 -6.41374802387897e-07 1.94028226945310e-09 -2.30501028895844e-07 -3.21065096150277e-12 -2.30357497923382e-12 -2.37338589510693e-12 -1.56975907037208e-07 1.29737047209618e-09 -5.63952513313835e-08 -7.73948766812378e-13 -5.74852525890065e-11 -1.45875343709293e-08 -2.51956771189702e-10 9.32327833472771e-09 -2.16210139633783e-08 9.99641860153211e-08 2.78252559561409e-07 7.85741775152348e-09 -5.20124929700961e-06 -1.44756884146768e-05 -1.62892057637323e-07 2.73878166345613e-07 7.62093533684099e-07 1.68729699697932e-08 -8.24565329168276e-12 1.81323260772344e-07 2.74239556961324e-09 6.51582972464450e-08 -1.30284207233280e-12 6.66520582800404e-12 4.27165724053541e-07 4.76393119025302e-09 1.53470052163145e-07 3.73382302148188e-12 1.77839026231158e-10 -2.71633242525269e-12 -9.46373535625823e-08 -1.16594599946660e-09 -3.40234109661269e-08 1.20667955898074e-12 1.83896129771797e-12
 -7.12377612335201e-07 1.10446262593774e-09 -1.04664505626611e-06 -3.08615903180040e-07 6.26079343118257e-09 -1.43244805934265e-08 -1.32567914816194e-07 -8.22296675660537e-08 1.88151462990567e-07 1.22950507025795e-06 1.37399280947361e-08 -3.14503752148144e-08 -2.11701593299507e-07 -4.92689958015749e-13 8.57919458468686e-09 5.09339922935444e-08 -3.75052051231645e-09 -4.39804961784947e-12 -1.26669612378716e-12 1.32862711118193e-08 5.97779102380010e-08 -5.81044552601393e-09 3.45568737405377e-12 -6.39501179538754e-13 1.44738847016043e-12 3.25071003569477e-09 1.12856511053927e-08 -1.42090106578229e-09 1.27743755969593e-12 7.41859915517932e-13 -3.08174714690540e-09 1.28850838328924e-08 1.69985549852653e-06 -8.37011656459330e-08 2.52402214522452e-09 -5.76330148925670e-09 2.33843583768915e-08 -1.31062287465978e-07 2.99888672773247e-07 -1.34558425500170e-07 6.90615482254084e-09 -1.57876492331295e-08 7.47951981256404e-08 -2.89599655990584e-14 -3.75599389843892e-09 1.07419486895015e-08 1.64175992137966e-09 5.62684580402111e-13 5.42782845259162e-13 -8.85152545031841e-09 -3.03731476178004e-09 3.86622808913092e-09 -2.96448194656344e-13 -2.71633242525269e-12 2.84107250805533e-12 1.96167498042037e-09 -6.86278758476295e-09 -8.56186075494737e-10 2.19272204321694e-12 -2.38698908767950e-12
 2.87861181092210e-07 -5.20929956760562e-09 -3.54668793314233e-07 -2.72332093904624e-07 -1.13829004581888e-07 -4.15448719682676e-04 -9.09504354038221e-08 8.81640716444656e-07 5.45726807824464e-03 8.76329641445851e-07 -1.35270096794199e-07 -9.12215979801444e-04 -1.79354420047856e-07 -1.69336094825779e-10 2.48870319682398e-04 4.08770180167971e-08 2.99810318865500e-08 6.61699801460126e-10 5.13877076436691e-09 3.85390467871497e-04 5.24851832745335e-08 6.11459971789023e-08 1.05536570204211e-10 -8.27178187044136e-09 1.28313891292372e-09 9.43248227709305e-05 1.51315068466644e-08 1.23939643198660e-08 -8.42895796824157e-11 2.82270719548957e-08 -1.25952440837795e-07 1.29252684425747e-08 9.52476722944921e-07 -9.77162592095897e-08 -1.76933692991024e-08 -1.67200187954549e-04 4.68424167565338e-08 1.37531039120623e-06 8.69818273810683e-03 -3.79820547498089e-07 -7.15893280358690e-08 -4.57928768588120e-04 7.45821485657299e-08 4.78308346332999e-09 -1.08952988159960e-04 8.35577902645382e-09 -1.98151101632307e-08 -8.72215451792784e-10 -4.46350919060972e-09 -2.56676417238474e-04 5.06517887921918e-09 -4.00758923734086e-08 -6.85192342163689e-10 -9.46373535625823e-08 1.96167498042037e-09 5.68627273932314e-05 -7.35057993618859e-09 1.78671752790923e-08 -1.64292935787119e-09 -3.20210144754780e-08
 -3.35289363516244e-04 -8.97485753746303e-05 -1.86995650127107e-03 3.84240802816862e-03 -1.00267366978958e-07 3.17342516945852e-08 1.45719480490737e-03 4.26508742941136e-07 -1.20168986040774e-07 -9.57002196217023e-03 -8.77347845342577e-08 2.17423821094051e-08 2.81161074526046e-03 1.03592356231687e-08 -1.94649507913313e-09 -4.33837413808871e-04 2.83113005912655e-08 3.46820655746763e-08 1.90080904459268e-08 4.83229495271307e-09 -2.34585771203506e-04 -2.90965343576397e-08 -2.26115713244159e-08 -2.34553068459575e-10 7.91015928712346e-09 9.73054958410673e-09 -9.86056981765986e-05 -3.31135101557427e-08 -5.49821276193029e-09 -9.00649397320569e-11 2.65544611677963e-04 -1.41972442019509e-05 -3.73851109043228e-03 1.46233363842324e-03 1.09798001244215e-09 -7.33032709933700e-09 -5.30394091285244e-04 6.17845140602357e-07 -1.66589951443729e-07 1.02355606894721e-02 2.50806171975190e-08 -2.23811527797216e-09 -1.16477629261486e-03 2.48497416211084e-09 1.61796606984521e-09 -1.88370751184572e-04 -4.09903183011926e-09 2.22011442529738e-09 -4.15189138728219e-09 1.58110756532276e-08 -2.78634612592883e-04 -6.29231614167634e-08 -3.54753561924353e-10 -1.16594599946660e-09 -6.86278758476295e-09 -7.35057993618859e-09 8.52382116105878e-05 9.45033560910145e-09 -1.37560709144311e-08 3.35056388971924e-10
 3.72558906416305e-07 -3.37767010567092e-08 2.35452215189126e-07 3.49153513605499e-07 -4.15549670989921e-04 -1.13599673165995e-07 1.63463169890516e-07 5.45833607488639e-03 8.78016299941351e-07 -7.00056051472353e-07 -9.12313934468901e-04 -1.34578107390578e-07 2.34215142064410e-07 -1.38145872067726e-09 2.97746428753961e-08 -8.60005290887373e-10 2.48912496150252e-04 -5.51225189809199e-10 1.70331544020431e-10 6.09144384486642e-08 9.81899501077420e-09 3.85542814721417e-04 5.51734291647231e-09 2.68931176756331e-08 1.53174610313928e-10 1.23545552835940e-08 3.37081922580928e-09 9.43362783227550e-05 1.68074245534177e-09 1.75907250335468e-08 -4.05344539611826e-07 2.49279807586559e-08 1.14617303441912e-06 -3.85087344153750e-08 -1.67227548257573e-04 -1.72152553168598e-08 -1.56039245264536e-08 8.69973501422279e-03 1.36884941538782e-06 1.23847364265336e-06 -4.58099443032219e-04 -7.07517392448528e-08 2.90190300577303e-08 4.32245544636071e-10 -1.97217127330274e-08 -1.35530711019972e-08 -1.08978249988737e-04 4.51806569288032e-09 1.31884191819908e-09 -4.01389418370578e-08 -5.80531385292570e-08 -2.56697747876840e-04 -4.34156648607574e-09 -3.40234109661269e-08 -8.56186075494737e-10 1.78671752790923e-08 9.45033560910145e-09 5.68835042259017e-05 2.84408566234609e-09 8.60816083930313e-08
 -9.97649246982226e-07 4.74949391767514e-09 1.61915341935227e-07 -5.82517230402499e-07 -2.07687746511432e-08 1.20100186146556e-08 -2.31118798689143e-07 2.72952119644489e-07 -1.57840434671527e-07 1.62523879336494e-06 -4.56207186441521e-08 2.63844181213730e-08 -4.36882865323797e-07 -1.17174179004944e-12 -7.19952228354666e-09 7.96533546165645e-08 1.24457501269935e-08 -5.49566469069429e-12 -2.31014652341255e-12 -1.11488671544120e-08 5.95775809748157e-08 1.92876678434505e-08 4.69551272102538e-12 1.64081864155818e-12 9.40214028600652e-13 -2.73063777070638e-09 2.09414357014418e-08 4.72468999437309e-09 3.05035481698264e-12 8.26813022439089e-14 -3.20597071279359e-07 6.61527388368959e-09 1.47824789986654e-06 -2.57198816835320e-07 -8.36404365617487e-09 4.83825674809075e-09 7.83070436715059e-08 4.35051160587113e-07 -2.51582522136636e-07 -1.31073766865121e-06 -2.29143919204300e-08 1.32468853065271e-08 2.02389184718450e-07 -2.02603712007454e-13 3.15138686915849e-09 2.90948612839239e-08 -5.45023218543933e-09 3.14977019511420e-13 1.51682451408987e-13 7.42160027554887e-09 3.77497658813849e-08 -1.28303351890798e-08 -8.74995830170440e-13 1.20667955898074e-12 2.19272204321694e-12 -1.64292935787119e-09 -1.37560709144311e-08 2.84408566234609e-09 3.46082833759647e-12 5.20546721883299e-12
 1.42942500796974e-09 -6.91441586610031e-10 -7.26567807782818e-09 1.86317296593016e-08 -6.28859252055660e-07 2.33976651766847e-07 6.27621861451583e-09 8.26054413497755e-06 -3.07440875767406e-06 -3.72972646449392e-08 -1.38068588275585e-06 5.13924825386711e-07 1.25920647494992e-08 -1.92720877240324e-12 -1.40219242684501e-07 -1.15321737464407e-09 3.76705341032108e-07 -1.05739905917849e-12 -2.50287818729144e-12 -2.17115324772178e-07 2.06307093826202e-10 5.83473499654818e-07 8.23387709213078e-12 4.53636815704593e-11 -3.42718181383161e-13 -5.31431127395486e-08 -1.12796399704249e-10 1.42768103082304e-07 2.65511234948958e-12 1.07138768997383e-11 -8.15870734323429e-09 2.44603598396298e-10 3.66721218972455e-08 4.01041832503091e-09 -2.53084079981341e-07 9.42085891251590e-08 -2.43651917433918e-09 1.31660332442123e-05 -4.90025797328328e-06 6.15829421706171e-08 -6.93280000539459e-07 2.57983325128112e-07 -3.42242818835065e-09 -2.01650481090213e-12 6.13764879763438e-08 -8.15204318768294e-10 -1.64924388235517e-07 7.35694381811988e-12 4.46468088629391e-12 1.44603077621932e-07 -1.58748296186799e-09 -3.88482662593215e-07 -6.20690748020054e-12 1.83896129771797e-12 -2.38698908767950e-12 -3.20210144754780e-08 3.35056388971924e-10 8.60816083930313e-08 5.20546721883299e-12 1.48332159354611e-10
