Paoks:
 1.98850007851637e+00 7.47416069412324e-03 -2.99990825504178e-02 1.15279930185377e-02 -1.84600789663178e-06 -7.42390749811246e-07 4.47166683797602e-03 7.53628788663355e-06 1.61870617935241e-06 -7.39359608994689e-03 -1.93146704816986e-07 2.38061951057319e-07 2.72026959434002e-05 4.56095994754748e-07 3.48479106844696e-07 1.40603217522876e-03 1.88931661712589e-07 -3.94039998242894e-07 -2.12551805684361e-07 -1.63111528511843e-07 -1.27345748487455e-03 1.30808902425913e-07 2.29364141451989e-07 1.29912607580248e-07 -8.55734240899290e-07 -3.04519731414433e-07 -5.32358084171905e-05 -1.24209755007285e-06 -2.65956891721314e-07 -1.49095416987054e-07 -1.12739699037075e-03 5.48655774745743e-04 -1.82424384152713e-02 -3.00433131082364e-03 -4.07526525534123e-07 -2.51131087786829e-07 -2.16862638804182e-03 2.36757574259588e-06 5.85346606046537e-07 8.36417772178256e-03 -7.11948512173223e-07 -2.20079801337559e-07 -2.80509737597074e-03 -5.54183878998610e-08 1.20736349797915e-07 1.22901586135943e-03 6.85840264372405e-07 -2.89933792530572e-09 2.89102645868687e-08 -8.72011065363137e-08 -4.23271104870273e-04 3.06190487617056e-08 -4.75103571589790e-08 -4.86947146667585e-09 -8.56728973263599e-08 9.76948778860845e-08 5.89730268063728e-04 5.49807715611326e-07 -6.41695383821328e-08 6.77143350394912e-09
 7.47416069412324e-03 2.65657118007103e-04 1.54363409494581e-02 5.37618296951995e-04 -1.89798353997817e-08 1.02685655914696e-09 -1.03332759244391e-04 -5.75648769614790e-06 -1.42228930401740e-06 1.09043356046255e-02 9.55881286980082e-08 2.45762222413534e-08 -2.29884102276381e-04 -3.86475050614078e-09 3.94343224047785e-09 -5.27643744397925e-05 1.32503495966600e-08 -8.38067985671241e-09 -2.78656595420986e-08 2.39930812673029e-08 -2.27749295888066e-04 1.24955692353054e-07 2.92487588783496e-08 -8.20584530293966e-10 -6.93931544445242e-09 4.03912789032032e-11 -1.69070429905607e-05 -1.57907089409258e-08 -8.13073290681037e-09 -6.91835733051885e-10 1.57747376661442e-03 -1.02438020605688e-04 -1.09681785655992e-02 7.31183325469104e-04 4.11254659717727e-07 1.05244260983107e-07 8.52914158634231e-04 -1.95706762391574e-06 -4.89899946758489e-07 6.72271628455947e-04 4.99225766363482e-07 1.28578503839792e-07 1.11634506261855e-03 -2.25090189712458e-08 -4.44891395106736e-08 9.49758560919559e-05 -1.44426693165324e-07 -5.81157862937499e-09 3.98588460133516e-08 -3.90820012786759e-08 5.65037464052803e-04 -1.87682857931946e-07 4.06411228437242e-08 2.06065807530729e-10 1.56063249939393e-08 -2.64507655801718e-08 8.83434883091510e-06 -1.04146040888677e-07 4.78841168855629e-09 -1.08923032402587e-09
 -2.99990825504178e-02 1.54363409494581e-02 1.83749553580217e+00 -6.26618186590958e-02 -7.38835134164277e-06 -1.62035707223879e-06 -7.22746526240258e-03 2.41312660054025e-05 3.82874709948236e-06 1.37179106272812e-01 -7.31105106622661e-07 3.00313388333203e-07 5.00096629851567e-02 -3.75093869627924e-07 -2.66856162813556e-07 2.13006348992197e-03 -4.92422627343605e-07 -8.80246235395912e-07 -1.85129411568033e-06 -1.40338012126763e-07 5.05790312104626e-04 3.70126071128463e-07 3.49044025109207e-06 -1.74622092985535e-07 1.01574537877787e-06 3.94461247472972e-07 -2.67755060118536e-03 5.63662319693453e-07 -1.51989226605668e-07 -7.46874581771107e-08 -3.42549894726099e-02 5.48451109696269e-04 -1.03428261210881e-01 -7.34947599543819e-02 -7.83882817035164e-07 1.29319004930241e-07 -6.45105945735138e-02 5.58214399083830e-06 2.99981039307944e-07 3.91208827263991e-01 -2.03817731682698e-06 -1.84056805033417e-07 -8.96908224053518e-02 2.89965760270615e-07 -2.37858503273480e-07 5.53407408194905e-02 1.49635114531672e-06 1.80040392406454e-07 1.91189953763822e-07 1.24011690965238e-07 3.74453186651107e-02 -7.75144193308310e-07 2.15820697558289e-07 -2.26895136198506e-08 1.17852917110505e-06 4.15349268687239e-08 1.40010068912311e-02 1.08304409004830e-06 3.78795026198383e-07 -9.63571075582410e-08
 1.15279930185377e-02 5.37618296951995e-04 -6.26618186590958e-02 1.95074109425811e-02 5.73199862348158e-07 1.01608088401110e-07 -1.05904729158558e-03 -3.29706548291518e-05 -1.76429242871542e-06 1.63545547287286e-01 6.96038373003666e-07 6.32391020748816e-08 -1.36567642669173e-02 -2.11315356876126e-08 1.88438021395238e-08 -1.21173967558276e-03 6.82511712152110e-08 3.12698444672837e-08 1.62630780439731e-08 -6.41047316978064e-09 -3.31217364992763e-03 6.30222822843745e-07 -2.09998213476328e-08 1.20116609014288e-08 -8.96501643063681e-08 -2.35403755179559e-09 6.60238413140141e-04 -7.33184747600009e-08 -8.82395723691782e-10 1.81550128319286e-09 -4.30158764108293e-03 -2.92876021474057e-03 -2.88410353632086e-02 3.89607542352073e-02 2.04968243618804e-06 7.16735368252570e-08 2.80324167635380e-02 -1.08233990277883e-05 -4.87110355335856e-07 -1.17762216328990e-01 2.72951728845839e-06 1.59108741502966e-07 4.32582655446913e-02 -2.55580399486260e-07 -2.75465433963294e-08 -1.00891772106179e-02 -9.21498842820220e-07 -7.85968500739703e-08 4.67345077830803e-07 -9.46269097798558e-08 -1.83125101724099e-03 -1.00813152343939e-06 6.15762554017810e-07 9.16023580599108e-09 7.91368159875863e-08 -4.38024008809628e-08 -1.84046790589062e-03 -7.20132488573675e-07 -3.09527120067854e-08 9.49109284252762e-09
 -1.84600789663178e-06 -1.89798353997817e-08 -7.38835134164277e-06 5.73199862348158e-07 2.19393111666411e-04 -2.85501748999352e-08 2.04277661465633e-08 -1.95428051409646e-02 1.30329852138580e-06 -7.59424452076376e-07 3.43625897895971e-04 -6.41591437828464e-08 -3.40326911091443e-07 -7.50938471023317e-10 -8.94318631848671e-09 -2.08371032187452e-08 8.41930219416981e-05 8.89349113393766e-09 -3.21142287445135e-09 1.29115468053764e-08 6.00749375122936e-08 3.40295328963891e-04 -1.09858940510984e-08 -1.50965904276514e-10 -3.23506191275519e-09 -1.33692301088235e-09 2.05654946871882e-08 -4.98029429852263e-05 -4.57557319027566e-09 -4.73255252166168e-08 -6.02311551304940e-07 7.28084280241789e-08 2.73077639720179e-06 6.77409648904063e-07 1.38048761117500e-03 -4.84296345988362e-08 1.10172883269729e-07 -6.59736257261369e-03 2.80226228694704e-07 -2.56347557791399e-06 1.67257794234338e-03 6.90438414080452e-09 4.88361765725510e-07 -2.71694151691867e-09 5.95666798666131e-08 -2.50299784735954e-07 -5.60827414318706e-04 -1.88997506931896e-08 2.66325926862909e-09 6.19068223149232e-08 -3.01504647417908e-07 -5.88949821003445e-04 2.87209073492253e-08 1.89451639544079e-08 -6.05327175877215e-10 3.85166287011386e-08 -4.92356238350910e-08 -3.61875868979303e-04 6.45235530928346e-09 -4.45281579560335e-08
 -7.42390749811246e-07 1.02685655914696e-09 -1.62035707223879e-06 1.01608088401110e-07 -2.85501748999352e-08 2.19307504694237e-04 8.47086145784758e-09 1.30964099724629e-06 -1.95387058347473e-02 2.13046761179261e-07 -6.43784064427411e-08 3.43654027524546e-04 -6.90082472124075e-08 1.38106378054589e-08 8.41925429818251e-05 -3.84203541363382e-09 -9.00372386660565e-09 -4.86126985814863e-10 -2.60054064021789e-08 3.40186285185228e-04 -6.64253215724111e-09 1.29441630225579e-08 -3.04962571261292e-10 3.81108979328677e-08 -4.08239662802872e-09 -4.97943664222671e-05 7.02599336292426e-09 -1.29414831873156e-09 1.82405993692524e-09 1.02475954059524e-09 1.73766843079122e-07 5.72042383343250e-10 1.72699790719253e-07 1.69703208510336e-07 -4.90370862492318e-08 1.38038004815585e-03 1.10914913031409e-07 2.82690309005157e-07 -6.59673341740908e-03 -6.16438232915902e-07 6.12377959094672e-09 1.67220820573886e-03 1.63659233661742e-07 -1.77189468054167e-08 -5.60750898643079e-04 -5.64613235589754e-08 5.97817139455351e-08 4.92013869780946e-09 2.84425514187292e-08 -5.88999127980553e-04 -4.39290745429571e-08 6.21094484326307e-08 -3.68719312796900e-09 7.41235725306651e-08 5.74121250448612e-09 -3.61848886607414e-04 -9.97014883349883e-09 3.86643329565949e-08 2.39706537716684e-09 2.24335582985345e-08
 4.47166683797602e-03 -1.03332759244391e-04 -7.22746526240258e-03 -1.05904729158558e-03 2.04277661465633e-08 8.47086145784758e-09 1.63057950969156e-04 -1.10411066823922e-08 -5.43010384922609e-07 -1.31784967127529e-02 -6.60007350249416e-09 3.63270665813834e-09 7.30620124950001e-04 4.94603630042752e-09 3.51713731703083e-09 8.02476709527523e-05 7.22803719290396e-09 2.62455078915206e-09 7.94310470448612e-09 1.30854464945914e-08 2.21204162605897e-04 -3.64499863600680e-09 -2.23231847126994e-08 5.84093364658085e-10 -4.60758269824528e-09 -5.01466604041239e-09 -3.76334301234802e-05 -9.25643257226244e-09 -1.23314877956852e-09 3.38277894482694e-11 6.82514267843765e-03 2.75101112585503e-04 4.46593685868970e-04 -2.65806095538693e-03 1.28712742887368e-08 3.95462651362109e-08 -1.71685395475963e-03 -1.03632247381338e-08 -1.85960498004866e-07 7.35700474860738e-03 1.19937520569633e-08 4.62530532556813e-08 -2.82533139772650e-03 8.04357800780084e-09 -1.46704846337747e-08 4.43246612447126e-04 2.60384493681231e-09 -4.04328086751877e-10 -3.01360487678619e-08 -1.23549069161788e-08 -1.85818683586492e-05 6.56615758052213e-09 -4.49401732813944e-08 -6.02951803580905e-10 -1.45433798168908e-08 -8.89371867214369e-09 4.73743286253835e-05 3.06804308965543e-09 1.07310289516079e-09 -1.98333066630277e-10
 7.53628788663355e-06 -5.75648769614790e-06 2.41312660054025e-05 -3.29706548291518e-05 -1.95428051409646e-02 1.30964099724629e-06 -1.10411066823922e-08 1.74080804503001e+00 -6.14094178508218e-06 5.44900000811024e-07 -3.06090508275633e-02 3.78124858743147e-06 1.32558866467527e-05 6.69194041426015e-08 3.22942406938160e-07 1.42258285477902e-06 -7.49963394533174e-03 -7.91873545223818e-07 2.87128262178372e-07 -3.06452473553161e-06 -3.99116962630364e-06 -3.03123762897414e-02 9.77546253916475e-07 1.32868464093495e-08 2.88187893696651e-07 3.99174284814764e-07 -1.74486739508787e-07 4.43628044475378e-03 4.07803471564188e-07 4.21561752282039e-06 1.22185757379634e-05 -8.04943438830153e-06 3.52543695925992e-05 -1.70375439841928e-05 -1.22969243117790e-01 -3.45427596452896e-06 1.23534750067704e-05 5.87671104359882e-01 1.21614866190334e-05 5.81003699193396e-06 -1.48987677897047e-01 -1.00254361366930e-05 -3.96741963667723e-06 2.42344553029728e-07 -2.15025722643744e-06 1.15072722860627e-06 4.99566389696182e-02 1.68352915816175e-06 -2.37823708240217e-07 -2.20008641847388e-06 5.78643250357338e-06 5.24616903979627e-02 -2.55856553849267e-06 -1.68797973835565e-06 5.35006959777000e-08 -1.39466830814672e-06 6.10728324744298e-07 3.22346977648224e-02 -5.74973876123467e-07 3.96634504484850e-06
 1.61870617935241e-06 -1.42228930401740e-06 3.82874709948236e-06 -1.76429242871542e-06 1.30329852138580e-06 -1.95387058347473e-02 -5.43010384922609e-07 -6.14094178508218e-06 1.74075680069101e+00 -2.56661087763366e-07 3.79208991815178e-06 -3.06170780364268e-02 2.14053349321181e-07 -1.23041582267940e-06 -7.50094414870532e-03 -4.35373639488371e-08 3.25964660677532e-07 4.33416766509761e-08 2.31706869012723e-06 -3.03081277953259e-02 5.59901714742779e-08 -3.07809136931500e-06 2.69835762744971e-08 -3.39539289493915e-06 3.63688051651764e-07 4.43631645156401e-03 -2.65356766001811e-07 3.97006021382682e-07 -1.62455329815958e-07 -9.10212763448099e-08 4.89650922854318e-07 -5.89406120704120e-07 1.49489346268649e-06 -1.72828722376497e-06 -3.43966095028847e-06 -1.22981838324314e-01 -2.05730794769246e-07 1.21307865309506e-05 5.87721043319798e-01 8.28017199500827e-07 -1.00060988192929e-05 -1.48981608316772e-01 6.38841029140503e-08 1.57858048321894e-06 4.99588328275976e-02 -8.23318350330376e-07 -2.15401452838965e-06 -4.38276163174908e-07 -2.53398219353872e-06 5.24755448743357e-02 4.86239893763542e-07 -2.20217380327362e-06 3.28433787652306e-07 -6.60397582219706e-06 -5.11564088051704e-07 3.22381079815187e-02 -3.67233209574432e-07 -1.39794517086886e-06 -2.13630871306959e-07 -1.99840568032943e-06
 -7.39359608994689e-03 1.09043356046255e-02 1.37179106272812e-01 1.63545547287286e-01 -7.59424452076376e-07 2.13046761179261e-07 -1.31784967127529e-02 5.44900000811024e-07 -2.56661087763366e-07 1.65395358021492e+00 1.12781148601291e-06 5.08047301093755e-07 -1.12968141024170e-01 -3.84588879785108e-07 -1.99280916830450e-09 -1.09317275339122e-02 -8.72944390956657e-07 -2.96552870097135e-08 -5.17580112910871e-07 -4.00206848436249e-07 -3.20810578746936e-02 7.92576251734805e-07 1.24815676741112e-06 4.19051801412524e-08 -3.51295819792065e-07 1.80800623398230e-07 5.60590341734997e-03 3.67288434606444e-07 -1.85862352240820e-08 -9.01879509872679e-09 6.01313121129881e-02 -2.78940380909509e-02 -2.67801548013676e-01 3.56338497704954e-01 -2.61936265600050e-06 -3.82331387440073e-07 2.48440541397378e-01 2.21302985596734e-06 6.25057957585948e-07 -1.01362480683251e+00 -9.89245721936312e-07 1.28194245530814e-07 3.88813216316616e-01 -2.44629591752880e-06 9.92395031558863e-08 -7.65140447145883e-02 6.36454710860846e-07 -7.71142290832053e-07 4.64067562800918e-06 -4.60122789666235e-07 -4.40331008759870e-03 -8.44662117924137e-07 6.13261790858062e-06 7.99920638570571e-08 1.25250528182054e-06 -1.38221240794356e-07 -1.19243834657740e-02 -8.77742029510947e-07 -1.51753032500542e-07 5.97725691816743e-08
 -1.93146704816986e-07 9.55881286980082e-08 -7.31105106622661e-07 6.96038373003666e-07 3.43625897895971e-04 -6.43784064427411e-08 -6.60007350249416e-09 -3.06090508275633e-02 3.79208991815178e-06 1.12781148601291e-06 5.38206389315146e-04 -1.31282200260612e-07 -3.29148960056471e-07 -1.17942040232374e-09 -2.15528993577590e-08 -3.04811090504233e-08 1.31867886823130e-04 1.39239390199050e-08 -5.04162442310354e-09 -1.02602744372514e-08 5.31180558244619e-08 5.32989868582594e-04 -1.71867206116473e-08 -2.40693275806577e-10 -5.06480353136993e-09 2.36999241113683e-09 1.44760421990264e-08 -7.80041956404180e-05 -7.16955255380278e-09 -7.41245435892315e-08 7.51641528509495e-07 1.18035076374781e-07 1.08320669987403e-06 7.44201739240767e-07 2.16219806582669e-03 -1.99541172634038e-07 -5.16812615761874e-09 -1.03331637835926e-02 1.03000806050708e-06 -1.67182860800729e-06 2.61968651524365e-03 -1.39023945045945e-07 4.61901314812369e-07 -4.25877774102016e-09 1.43541338088154e-07 -1.06245435287230e-07 -8.78399725724976e-04 -2.96037629626804e-08 4.17791252470719e-09 1.49741154914854e-07 -1.76327105669570e-07 -9.22446655413287e-04 4.49927153432284e-08 2.96662537192802e-08 -9.41069455839253e-10 9.27507726939986e-08 -1.29425419890944e-08 -5.66790527193936e-04 1.01087437658495e-08 -6.97452088854559e-08
 2.38061951057319e-07 2.45762222413534e-08 3.00313388333203e-07 6.32391020748816e-08 -6.41591437828464e-08 3.43654027524546e-04 3.63270665813834e-09 3.78124858743147e-06 -3.06170780364268e-02 5.08047301093755e-07 -1.31282200260612e-07 5.38504564862169e-04 -3.30545744626939e-08 2.16410843499711e-08 1.31929396323937e-04 -6.36921821581270e-11 -2.15576461045779e-08 -7.64254207901065e-10 -4.07519104499863e-08 5.33070616646159e-04 -5.18669306533900e-09 -9.82436347373014e-09 -4.70388698780656e-10 5.97194916359042e-08 -6.39456773880647e-09 -7.80275828910219e-05 1.04787632646118e-08 2.37854631434162e-09 2.85903240516737e-09 1.60968231482730e-09 6.05390748702645e-08 -4.50482930838024e-09 1.22329683495900e-06 2.45937018113152e-07 -1.98979385529789e-07 2.16305030307676e-03 7.95664084591067e-08 1.02667153773807e-06 -1.03370562652648e-02 -7.95656202944856e-07 -1.38386681405650e-07 2.62034391355616e-03 1.67923593074483e-07 -2.77635320683552e-08 -8.78694536427335e-04 -1.30432569061527e-08 1.43297284441288e-07 7.71212501846417e-09 4.45679743842959e-08 -9.22959405597568e-04 -4.93530477320608e-08 1.49429505985209e-07 -5.78051700104798e-09 1.16149650639260e-07 8.99838316664167e-09 -5.67015836094802e-04 1.15463596071538e-08 9.26049220800230e-08 3.75578826722335e-09 3.51571851383952e-08
 2.72026959434002e-05 -2.29884102276381e-04 5.00096629851567e-02 -1.36567642669173e-02 -3.40326911091443e-07 -6.90082472124075e-08 7.30620124950001e-04 1.32558866467527e-05 2.14053349321181e-07 -1.12968141024170e-01 -3.29148960056471e-07 -3.30545744626939e-08 9.69197326140737e-03 1.48299917659791e-08 -1.00288932858818e-08 8.39487518374408e-04 -1.13257804161855e-08 -2.61541918716409e-08 -3.03723831301089e-08 2.46548888005261e-08 2.25704071260741e-03 -2.51146106324637e-07 1.94359078529498e-08 -8.70523567618807e-09 5.03239461149986e-08 3.45537931921726e-10 -5.05208981719499e-04 2.09540621254228e-08 -8.17334991037822e-09 -1.41940120707875e-09 4.69035958648150e-04 2.07596784513617e-03 9.04472837274179e-03 -2.82891432321576e-02 -7.19021981360641e-07 2.88484557814471e-08 -1.98108357861869e-02 4.24521419884089e-06 -1.45944883805111e-08 8.74751431095995e-02 -1.05634470346954e-06 -1.70902163373897e-08 -3.09018580730736e-02 1.70192229102702e-07 -1.35762502942510e-08 7.32067349079435e-03 3.74478277412044e-07 5.50374126388207e-08 -3.12457694198267e-07 4.37234956872078e-08 1.76281815465943e-03 4.11106640480435e-07 -4.24723695383340e-07 -6.51840842041050e-09 -5.17774962096469e-08 1.28240276839220e-08 1.28101665753165e-03 3.28327646326241e-07 2.57779228741226e-08 -7.82678029886549e-09
 4.56095994754748e-07 -3.86475050614078e-09 -3.75093869627924e-07 -2.11315356876126e-08 -7.50938471023317e-10 1.38106378054589e-08 4.94603630042752e-09 6.69194041426015e-08 -1.23041582267940e-06 -3.84588879785108e-07 -1.17942040232374e-09 2.16410843499711e-08 1.48299917659791e-08 1.13085309436246e-12 5.30202757878615e-09 2.34353918365704e-09 -2.88169784831783e-10 1.46054652880280e-14 -1.16199966582553e-12 2.14225668656443e-08 6.87232918131485e-09 -1.16335798078076e-09 -7.95036672515373e-13 2.45365571522333e-12 -4.85847085400015e-13 -3.13587921636378e-09 -5.55460175389284e-10 1.69814110970376e-10 1.41413259923836e-13 2.05172107353518e-13 -5.62148345425471e-08 5.39228128220293e-09 1.30087747963247e-07 -5.89859290007108e-08 -4.72401471636523e-09 8.69268289299447e-08 -4.16811174635396e-08 2.25809777074798e-08 -4.15417127312149e-07 1.24823617381301e-07 -5.71978300143949e-09 1.05303877383980e-07 -6.48925082340417e-08 -5.33120547677347e-13 -3.53123174676003e-08 5.86055808534064e-09 1.92153197234839e-09 5.54676920897843e-13 6.56935816105250e-13 -3.70912444420295e-08 -8.05988240547704e-09 2.01855867231665e-09 -1.73856034990423e-12 4.58952432136130e-12 -1.33823853523194e-13 -2.27868032362173e-08 3.15917783885609e-10 1.24023538816749e-09 5.40974067837125e-14 1.57553619867313e-12
 3.48479106844696e-07 3.94343224047785e-09 -2.66856162813556e-07 1.88438021395238e-08 -8.94318631848671e-09 8.41925429818251e-05 3.51713731703083e-09 3.22942406938160e-07 -7.50094414870532e-03 -1.99280916830450e-09 -2.15528993577590e-08 1.31929396323937e-04 -1.00288932858818e-08 5.30202757878615e-09 3.23216680482416e-05 3.82973417170359e-10 -2.68165024064134e-09 -1.86858785153550e-10 -9.98372859900766e-09 1.30598124118988e-04 2.88345554526373e-10 8.10050906343771e-09 -1.16291841776597e-10 1.46308480917940e-08 -1.56706450475801e-09 -1.91161465037986e-05 2.48407060900993e-09 -9.55362964958714e-10 7.00252053512330e-10 3.92895142975032e-10 -3.06052979256742e-08 5.42371345040507e-10 2.76935244228318e-07 4.59353261361633e-08 -6.12216620460163e-09 5.29930372041313e-04 1.48524375976491e-08 4.78163776640190e-08 -2.53249777015808e-03 -1.79255226468213e-07 1.77415614004443e-08 6.41963724764647e-04 3.02107550709036e-08 -6.80184533908876e-09 -2.15273273669955e-04 -7.68273966542118e-09 1.77896187617167e-08 1.88886697666674e-09 1.09186115386490e-08 -2.26117819653692e-04 -1.67259986526981e-08 1.84240922927221e-08 -1.41571713014251e-09 2.84563374391730e-08 2.20421473369368e-09 -1.38914435218902e-04 8.42306188955235e-10 1.15136689462017e-08 9.20283852385431e-10 8.61186930671505e-09
 1.40603217522876e-03 -5.27643744397925e-05 2.13006348992197e-03 -1.21173967558276e-03 -2.08371032187452e-08 -3.84203541363382e-09 8.02476709527523e-05 1.42258285477902e-06 -4.35373639488371e-08 -1.09317275339122e-02 -3.04811090504233e-08 -6.36921821581270e-11 8.39487518374408e-04 2.34353918365704e-09 3.82973417170359e-10 8.11123636855232e-05 1.49919594450871e-10 -1.60600019176141e-09 2.40516541455628e-09 2.62289078098448e-09 2.22702622573057e-04 -3.13462163207257e-08 -7.81018493964935e-10 -4.28429887599746e-10 5.72118358399840e-09 -1.14348880774978e-09 -3.52239414963662e-05 1.43003727630998e-09 1.01843771784783e-09 -3.09096860426967e-10 2.72785725118315e-04 1.83981783637636e-04 3.58484503769854e-03 -2.34346499263689e-03 -8.54715306850349e-08 5.11177067098070e-09 -1.76188228926950e-03 4.63486995692367e-07 -1.95842781625246e-08 6.68894427404727e-03 -1.18018684085135e-07 1.95023916223507e-09 -2.67102472703944e-03 1.81103563237030e-08 -1.94917372607326e-09 5.88369445608170e-04 3.74419068978771e-08 5.30502960411705e-09 -3.28386491868264e-08 -6.42979947252633e-11 2.53820779927179e-05 4.43473425597425e-08 -4.12683362902901e-08 -5.69524313820988e-10 -6.40874631390590e-09 -9.92710906493189e-11 1.13787125762858e-04 3.30443494877050e-08 1.04274061880477e-09 -3.84745614125152e-10
 1.88931661712589e-07 1.32503495966600e-08 -4.92422627343605e-07 6.82511712152110e-08 8.41930219416981e-05 -9.00372386660565e-09 7.22803719290396e-09 -7.49963394533174e-03 3.25964660677532e-07 -8.72944390956657e-07 1.31867886823130e-04 -2.15576461045779e-08 -1.13257804161855e-08 -2.88169784831783e-10 -2.68165024064134e-09 1.49919594450871e-10 3.23094272886600e-05 3.41159549989952e-09 -1.23524127272105e-09 7.98763803227197e-09 3.64736758771972e-08 1.30589770132349e-04 -4.21199845875060e-09 -5.77876759029522e-11 -1.24074088936888e-09 -9.56652720812711e-10 8.10483931018859e-10 -1.91120897801434e-05 -1.75639503942927e-09 -1.81615067414379e-08 -1.89818442974107e-07 4.41277247971905e-08 7.32935848119048e-07 -2.87062593888086e-08 5.29767949767013e-04 -6.27861790233582e-09 -1.61018196821229e-07 -2.53176573468733e-03 4.87282982783444e-08 1.22860854124233e-07 6.41858845735375e-04 1.75571042763359e-08 -1.26688445904981e-07 -1.04173381555326e-09 1.78595132690400e-08 1.61297907313343e-08 -2.15219885425688e-04 -7.25236457082890e-09 1.02082822764028e-09 1.85066439044817e-08 -5.43895850885358e-08 -2.26011980626005e-04 1.10192982532189e-08 7.27087551138554e-09 -2.31347021013775e-10 1.15552200466391e-08 4.16695420575799e-09 -1.38871390293123e-04 2.47678458360600e-09 -1.70878427732586e-08
 -3.94039998242894e-07 -8.38067985671241e-09 -8.80246235395912e-07 3.12698444672837e-08 8.89349113393766e-09 -4.86126985814863e-10 2.62455078915206e-09 -7.91873545223818e-07 4.33416766509761e-08 -2.96552870097135e-08 1.39239390199050e-08 -7.64254207901065e-10 -2.61541918716409e-08 1.46054652880280e-14 -1.86858785153550e-10 -1.60600019176141e-09 3.41159549989952e-09 8.72510689314030e-13 7.92012457152869e-13 -7.53100233497851e-10 -1.03766753787341e-09 1.37883578420736e-08 -2.20571866781260e-12 -3.24478301887820e-14 -5.15007065801381e-13 1.10149873665325e-10 1.24434288925021e-09 -2.01800906954847e-09 -1.03891820522549e-13 -1.84996639678974e-12 8.80382436816624e-08 -1.33609012748585e-10 -1.38565872868212e-08 3.82042273409690e-08 5.59366929178205e-08 -3.06040771559995e-09 3.62706856516581e-08 -2.67323165269855e-07 1.46271597352453e-08 -1.86383101525407e-07 6.77725985625702e-08 -3.70458252724620e-09 4.86500034913549e-08 -3.89363061444333e-13 1.24493116176762e-09 -2.78069434982095e-08 -2.27250938791566e-08 -9.43295649748279e-13 1.54882017233653e-13 1.30752090541985e-09 -1.59349170537322e-08 -2.38635372529342e-08 1.24782919877543e-12 6.16185013451611e-13 -5.75385966238695e-13 8.03252922257054e-10 -7.32955561817772e-09 -1.46636506658161e-08 1.09653934836369e-13 -1.81177641837692e-12
 -2.12551805684361e-07 -2.78656595420986e-08 -1.85129411568033e-06 1.62630780439731e-08 -3.21142287445135e-09 -2.60054064021789e-08 7.94310470448612e-09 2.87128262178372e-07 2.31706869012723e-06 -5.17580112910871e-07 -5.04162442310354e-09 -4.07519104499863e-08 -3.03723831301089e-08 -1.16199966582553e-12 -9.98372859900766e-09 2.40516541455628e-09 -1.23524127272105e-09 7.92012457152869e-13 6.91332309652090e-12 -4.03431104495468e-08 1.34573327971172e-08 -5.00733342033688e-09 -2.20420379150284e-12 -4.33027502271843e-12 1.60466242326664e-12 5.90456709290214e-09 7.11665945284953e-09 7.32231106160762e-10 1.16564203827782e-12 5.55198643601478e-13 9.23106931734974e-08 -2.68853614982914e-09 1.82439747619071e-06 1.45684697949673e-07 -2.02907662502740e-08 -1.63699271022670e-07 2.62774562550252e-08 9.69522571315204e-08 7.82302088118902e-07 -8.41935498671028e-07 -2.45901102166629e-08 -1.98307851527278e-07 8.90181124782510e-08 4.00107244122601e-12 6.64990742875043e-08 -5.64263033397754e-08 8.23487132816344e-09 -6.03119533990807e-14 -6.55834855053441e-12 6.98469953626266e-08 -9.29294309624575e-08 8.65103791392531e-09 -1.99670693808666e-12 -9.05057208387985e-12 -1.96520796123178e-12 4.29108694898907e-08 -3.91237687322693e-09 5.31425766364826e-09 -1.24467621573946e-12 -1.78628768453717e-12
 -1.63111528511843e-07 2.39930812673029e-08 -1.40338012126763e-07 -6.41047316978064e-09 1.29115468053764e-08 3.40186285185228e-04 1.30854464945914e-08 -3.06452473553161e-06 -3.03081277953259e-02 -4.00206848436249e-07 -1.02602744372514e-08 5.33070616646159e-04 2.46548888005261e-08 2.14225668656443e-08 1.30598124118988e-04 2.62289078098448e-09 7.98763803227197e-09 -7.53100233497851e-10 -4.03431104495468e-08 5.27691530845988e-04 4.96375507350360e-09 1.08816582747350e-07 -4.72402378495539e-10 5.91167663494912e-08 -6.33310522875399e-09 -7.72402251646011e-05 1.60517023753317e-09 -1.49944800940691e-08 2.82743755880701e-09 1.57712955107739e-09 -2.92770477589389e-08 1.96671226121414e-08 -4.54569002775611e-07 -1.00975498522338e-07 2.83917163332054e-07 2.14122345174474e-03 -6.10118316827825e-08 -1.28184121421689e-06 -1.02327473475431e-02 4.28565627676774e-07 4.45645198979706e-07 2.59390263831857e-03 -1.20271887492929e-07 -2.74848316231902e-08 -8.69827814676821e-04 3.73142600044473e-08 -5.35086248135120e-08 7.62781055551201e-09 4.41187597821901e-08 -9.13646014323353e-04 8.82598970134107e-09 -5.72335535291399e-08 -5.71503528669817e-09 1.14984159038734e-07 8.90631579156939e-09 -5.61294198024213e-04 6.75815016051880e-09 -3.43861715402681e-08 3.72074515280621e-09 3.47867443772673e-08
 -1.27345748487455e-03 -2.27749295888066e-04 5.05790312104626e-04 -3.31217364992763e-03 6.00749375122936e-08 -6.64253215724111e-09 2.21204162605897e-04 -3.99116962630364e-06 5.59901714742779e-08 -3.20810578746936e-02 5.31180558244619e-08 -5.18669306533900e-09 2.25704071260741e-03 6.87232918131485e-09 2.88345554526373e-10 2.22702622573057e-04 3.64736758771972e-08 -1.03766753787341e-09 1.34573327971172e-08 4.96375507350360e-09 6.59527218128071e-04 4.53903070714957e-08 -1.34732245602133e-08 -1.11393998688631e-09 1.60707892526790e-08 -2.85838922404930e-09 -9.49206147208931e-05 -1.32917172406741e-08 4.40766312023091e-09 -2.24308276936872e-10 -5.00325235160747e-03 4.85832277768754e-04 1.11331674408911e-02 -6.53339352516775e-03 3.28247756753576e-07 1.97593621658050e-09 -4.89620645857575e-03 -1.38877593283519e-06 7.24443653490634e-09 1.79306171007088e-02 3.50866246338036e-07 -1.03859352774416e-08 -7.40834584918713e-03 5.84675768535209e-08 -1.51108555863149e-10 1.51189571169360e-03 -1.34803386930142e-07 1.92993854222227e-08 -9.94359360043666e-08 5.95481159720034e-09 -6.12062154451706e-05 -1.06552612562567e-07 -1.22264220927442e-07 -1.52345658876234e-09 -2.14648856104560e-08 3.18620555498580e-09 2.78192567861967e-04 -5.54630045778558e-08 1.33135400946938e-09 -8.88531489340121e-10
 1.30808902425913e-07 1.24955692353054e-07 3.70126071128463e-07 6.30222822843745e-07 3.40295328963891e-04 1.29441630225579e-08 -3.64499863600680e-09 -3.03123762897414e-02 -3.07809136931500e-06 7.92576251734805e-07 5.32989868582594e-04 -9.82436347373014e-09 -2.51146106324637e-07 -1.16335798078076e-09 8.10050906343771e-09 -3.13462163207257e-08 1.30589770132349e-04 1.37883578420736e-08 -5.00733342033688e-09 1.08816582747350e-07 4.53903070714957e-08 5.27823947110033e-04 -1.70217456939408e-08 -2.25227245806672e-10 -5.02122892438215e-09 -1.50674038929316e-08 -2.93221201198076e-09 -7.72481518932457e-05 -7.10232528276677e-09 -7.34055305398350e-08 2.80926744539093e-07 1.43343205203806e-07 -2.99710089273260e-06 2.22706912905986e-07 2.14124124506610e-03 2.85166819767894e-07 -1.54357241976127e-07 -1.02330108987736e-02 -1.28710702636779e-06 5.21369060279472e-07 2.59429556649446e-03 4.47160810135381e-07 8.68826263306603e-08 -4.22652076852455e-09 -5.39670241275704e-08 -5.76297366045745e-09 -8.69885931023728e-04 -2.93152256958271e-08 4.15082494595553e-09 -5.77019972733297e-08 -1.12307630883662e-08 -9.13505942506194e-04 4.45548121242525e-08 2.94045747871967e-08 -9.29895969651687e-10 -3.47001092673195e-08 -1.93789542595216e-08 -5.61296971646502e-04 1.00131481391285e-08 -6.90617829804329e-08
 2.29364141451989e-07 2.92487588783496e-08 3.49044025109207e-06 -2.09998213476328e-08 -1.09858940510984e-08 -3.04962571261292e-10 -2.23231847126994e-08 9.77546253916475e-07 2.69835762744971e-08 1.24815676741112e-06 -1.71867206116473e-08 -4.70388698780656e-10 1.94359078529498e-08 -7.95036672515373e-13 -1.16291841776597e-10 -7.81018493964935e-10 -4.21199845875060e-09 -2.20571866781260e-12 -2.20420379150284e-12 -4.72402378495539e-10 -1.34732245602133e-08 -1.70217456939408e-08 8.87529120329831e-12 -2.96063461236199e-13 3.17290631800050e-12 6.96600364470737e-11 2.77184331528001e-09 2.49247600301543e-09 7.60501809147521e-13 2.11370756021407e-12 -5.62877661012076e-08 -2.28273406564162e-08 9.18375447273488e-07 1.96057446825442e-07 -6.90549825235051e-08 -1.90875692131889e-09 4.41598484094645e-08 3.30002579165974e-07 9.11781939879682e-09 -4.10539983255865e-07 -8.36661306139970e-08 -2.31578204777080e-09 1.35969554406237e-07 5.21734831405695e-13 7.73031621635956e-10 4.21295694505200e-08 2.80538142084922e-08 1.06040812740811e-12 1.48630978781560e-12 8.10956085262440e-10 2.30531996826497e-08 2.94556504786572e-08 2.32367620506368e-12 -1.03400502205439e-12 3.07812096058420e-12 4.98775635584367e-10 2.44154570280737e-08 1.81017715948552e-08 -1.40668851175275e-13 2.15966251854874e-12
 1.29912607580248e-07 -8.20584530293966e-10 -1.74622092985535e-07 1.20116609014288e-08 -1.50965904276514e-10 3.81108979328677e-08 5.84093364658085e-10 1.32868464093495e-08 -3.39539289493915e-06 4.19051801412524e-08 -2.40693275806577e-10 5.97194916359042e-08 -8.70523567618807e-09 2.45365571522333e-12 1.46308480917940e-08 -4.28429887599746e-10 -5.77876759029522e-11 -3.24478301887820e-14 -4.33027502271843e-12 5.91167663494912e-08 -1.11393998688631e-09 -2.25227245806672e-10 -2.96063461236199e-13 6.65058715854153e-12 -8.31054339629683e-13 -8.65320690426687e-09 5.76499704732143e-10 3.29420651340062e-11 3.41007565184826e-13 2.04354291250531e-13 2.88611523345977e-08 -9.79425551755723e-10 3.51261923860711e-08 2.22451514496114e-08 -9.31268142650145e-10 2.39879264248881e-07 1.48682393721454e-08 4.45806962557604e-09 -1.14636542096835e-06 -8.57616132608310e-08 -1.11670098831954e-09 2.90592510441131e-07 2.33756853068437e-08 -3.18128726541195e-12 -9.74460072910692e-08 -8.19376969964495e-09 3.85124287951299e-10 8.12907303174611e-13 5.05207637294408e-12 -1.02355031827482e-07 -4.97835277305656e-09 4.04417659993619e-10 -4.78257355458606e-13 1.28730949683509e-11 9.22509443942578e-13 -6.28813064123072e-08 -1.52927709824251e-09 2.48458253422216e-10 3.57297422110020e-13 3.94314480521791e-12
 -8.55734240899290e-07 -6.93931544445242e-09 1.01574537877787e-06 -8.96501643063681e-08 -3.23506191275519e-09 -4.08239662802872e-09 -4.60758269824528e-09 2.88187893696651e-07 3.63688051651764e-07 -3.51295819792065e-07 -5.06480353136993e-09 -6.39456773880647e-09 5.03239461149986e-08 -4.85847085400015e-13 -1.56706450475801e-09 5.72118358399840e-09 -1.24074088936888e-09 -5.15007065801381e-13 1.60466242326664e-12 -6.33310522875399e-09 1.60707892526790e-08 -5.02122892438215e-09 3.17290631800050e-12 -8.31054339629683e-13 3.14935456533739e-12 9.27061379525758e-10 3.07879428721335e-09 7.35654699924212e-10 1.25383980222478e-12 5.83109229841266e-13 -2.86666593208195e-08 -2.12905543434166e-09 1.76803236730274e-06 2.97421042889575e-08 -2.03598710015312e-08 -2.56952448568266e-08 -7.99814666176765e-08 9.72900678038616e-08 1.22792650750485e-07 -2.43060723638361e-07 -2.46690311365612e-08 -3.11287809060346e-08 -5.63192465931663e-08 2.93397007219792e-12 1.04374908700560e-08 3.05110051326488e-08 8.26844342400728e-09 8.02981455300821e-13 -3.70635726565980e-12 1.09618493012398e-08 -3.75439831369097e-08 8.68297687035475e-09 -2.24612269180361e-12 -1.67607138762532e-12 4.47449817794279e-13 6.73498655471404e-09 1.83874815421891e-08 5.33622225481315e-09 -4.27435805077695e-13 3.11422632586303e-13
 -3.04519731414433e-07 4.03912789032032e-11 3.94461247472972e-07 -2.35403755179559e-09 -1.33692301088235e-09 -4.97943664222671e-05 -5.01466604041239e-09 3.99174284814764e-07 4.43631645156401e-03 1.80800623398230e-07 2.36999241113683e-09 -7.80275828910219e-05 3.45537931921726e-10 -3.13587921636378e-09 -1.91161465037986e-05 -1.14348880774978e-09 -9.56652720812711e-10 1.10149873665325e-10 5.90456709290214e-09 -7.72402251646011e-05 -2.85838922404930e-09 -1.50674038929316e-08 6.96600364470737e-11 -8.65320690426687e-09 9.27061379525758e-10 1.13059469914301e-05 -1.23978072714970e-09 2.06922721583651e-09 -4.14009528154677e-10 -2.30944793030066e-10 -1.27965952440564e-07 -4.18235931725368e-09 -1.82743331684872e-07 5.12111828098731e-10 -3.80685250594352e-08 -3.13419056415924e-04 8.11191138782832e-09 1.70953494425634e-07 1.49780632069142e-03 4.40311789103891e-08 -6.10033233335906e-08 -3.79679438176128e-04 1.12716833511767e-08 4.02290326224638e-09 1.27320020153232e-04 3.11569408454113e-09 6.41500528497890e-09 -1.11650988805343e-09 -6.45734668277920e-09 1.33733857768816e-04 1.31978069453064e-08 6.88890796404079e-09 8.37011405490043e-10 -1.68306229867658e-08 -1.30334596560233e-09 8.21587761122808e-05 -1.19875758862815e-10 4.11873774113793e-09 -5.44468902551634e-10 -5.09201736243460e-09
 -5.32358084171905e-05 -1.69070429905607e-05 -2.67755060118536e-03 6.60238413140141e-04 2.05654946871882e-08 7.02599336292426e-09 -3.76334301234802e-05 -1.74486739508787e-07 -2.65356766001811e-07 5.60590341734997e-03 1.44760421990264e-08 1.04787632646118e-08 -5.05208981719499e-04 -5.55460175389284e-10 2.48407060900993e-09 -3.52239414963662e-05 8.10483931018859e-10 1.24434288925021e-09 7.11665945284953e-09 1.60517023753317e-09 -9.49206147208931e-05 -2.93221201198076e-09 2.77184331528001e-09 5.76499704732143e-10 3.07879428721335e-09 -1.23978072714970e-09 4.29641682251084e-05 1.15013123396739e-09 3.78962901313229e-09 -2.66219887419926e-10 1.09466523148139e-03 -1.22369409220739e-04 4.50389793188855e-03 1.87907307327174e-03 -7.87003645884614e-09 1.35516359055550e-08 1.05079828355228e-03 -4.40096271943591e-08 -8.13812659300655e-08 -6.43392038665222e-03 4.30802831946272e-09 1.95250645677814e-08 1.81041011599728e-03 -4.77046584341384e-09 -5.30485133287092e-09 -4.24940776902006e-04 -7.79942267375999e-09 -2.69856976184912e-09 1.04029915697325e-08 -1.41019459183418e-08 -2.60160851533047e-04 -9.34261494132616e-09 2.02729046926050e-08 3.62993800960944e-10 2.84024948756898e-09 -5.80717171029876e-09 -4.22677089755684e-05 -8.76909800164546e-09 -2.82246101392614e-09 8.24064089054063e-10
 -1.24209755007285e-06 -1.57907089409258e-08 5.63662319693453e-07 -7.33184747600009e-08 -4.98029429852263e-05 -1.29414831873156e-09 -9.25643257226244e-09 4.43628044475378e-03 3.97006021382682e-07 3.67288434606444e-07 -7.80041956404180e-05 2.37854631434162e-09 2.09540621254228e-08 1.69814110970376e-10 -9.55362964958714e-10 1.43003727630998e-09 -1.91120897801434e-05 -2.01800906954847e-09 7.32231106160762e-10 -1.49944800940691e-08 -1.32917172406741e-08 -7.72481518932457e-05 2.49247600301543e-09 3.29420651340062e-11 7.35654699924212e-10 2.06922721583651e-09 1.15013123396739e-09 1.13054316707904e-05 1.03959414283603e-09 1.07431239303589e-08 -3.97345849735709e-07 -3.13907939276102e-08 4.03409609184703e-07 4.50024476319572e-08 -3.13375189507307e-04 -3.79564090686275e-08 7.01673431984044e-08 1.49762280884003e-03 1.70314852426649e-07 -2.55295452177607e-07 -3.79680648598509e-04 -6.08658651297814e-08 6.85439350589723e-08 6.18435990169869e-10 6.36320915242390e-09 -4.52737334039351e-09 1.27309647400511e-04 4.29049381518681e-09 -6.06398173627502e-10 6.83262321522001e-09 9.92776222520560e-09 1.33693528415188e-04 -6.51912784845539e-09 -4.30319930394976e-09 1.36889508660076e-10 4.08794531583348e-09 3.39204866626266e-09 8.21470000049934e-05 -1.46537641168365e-09 1.01073820637336e-08
 -2.65956891721314e-07 -8.13073290681037e-09 -1.51989226605668e-07 -8.82395723691782e-10 -4.57557319027566e-09 1.82405993692524e-09 -1.23314877956852e-09 4.07803471564188e-07 -1.62455329815958e-07 -1.85862352240820e-08 -7.16955255380278e-09 2.85903240516737e-09 -8.17334991037822e-09 1.41413259923836e-13 7.00252053512330e-10 1.01843771784783e-09 -1.75639503942927e-09 -1.03891820522549e-13 1.16564203827782e-12 2.82743755880701e-09 4.40766312023091e-09 -7.10232528276677e-09 7.60501809147521e-13 3.41007565184826e-13 1.25383980222478e-12 -4.14009528154677e-10 3.78962901313229e-09 1.03959414283603e-09 8.67259279595297e-13 9.52017335385114e-13 -1.32969761819521e-08 -5.77646051850286e-09 1.05351781858987e-06 1.01924944658540e-07 -2.88082950382162e-08 1.14757207535761e-08 1.67187288693855e-08 1.37667943999896e-07 -5.48446205174729e-08 -4.61299384003042e-07 -3.49024776715333e-08 1.39005106482574e-08 6.25614084844334e-08 9.59798881251037e-13 -4.66258595838539e-09 -1.65648713564431e-08 1.17020437239808e-08 6.24236646671298e-13 -1.07551661647447e-12 -4.89857781160023e-09 -3.88484794159691e-08 1.22894908267705e-08 -9.35240206136806e-13 2.31957449362865e-13 6.90888595009943e-14 -3.00899880327862e-09 3.29639420117149e-09 7.55115995771994e-09 -4.77685468785221e-13 1.20886434857819e-12
 -1.49095416987054e-07 -6.91835733051885e-10 -7.46874581771107e-08 1.81550128319286e-09 -4.73255252166168e-08 1.02475954059524e-09 3.38277894482694e-11 4.21561752282039e-06 -9.10212763448099e-08 -9.01879509872679e-09 -7.41245435892315e-08 1.60968231482730e-09 -1.41940120707875e-09 2.05172107353518e-13 3.92895142975032e-10 -3.09096860426967e-10 -1.81615067414379e-08 -1.84996639678974e-12 5.55198643601478e-13 1.57712955107739e-09 -2.24308276936872e-10 -7.34055305398350e-08 2.11370756021407e-12 2.04354291250531e-13 5.83109229841266e-13 -2.30944793030066e-10 -2.66219887419926e-10 1.07431239303589e-08 9.52017335385114e-13 1.02352478813223e-11 -2.21333120539385e-08 3.79465712536683e-10 -9.73543960544827e-08 -7.31872301562093e-09 -2.97787385762733e-07 6.42115696581279e-09 1.07942457937182e-09 1.42312956565992e-06 -3.06965262541711e-08 2.82690230992326e-08 -3.60794432277348e-07 7.76451477687051e-09 -2.49579029968195e-09 4.24090192252734e-13 -2.61706317903692e-09 -1.06776592442709e-09 1.20977295294993e-07 4.09322447943946e-12 -3.57004503145121e-13 -2.74863821711370e-09 2.03247265478904e-09 1.27043804894441e-07 -6.21534557352415e-12 -3.74205452045033e-12 1.02622528260668e-13 -1.68877307323454e-09 -1.08121524017459e-09 7.80610052773544e-08 -1.36029095256854e-12 9.70403326372773e-12
 -1.12739699037075e-03 1.57747376661442e-03 -3.42549894726099e-02 -4.30158764108293e-03 -6.02311551304940e-07 1.73766843079122e-07 6.82514267843765e-03 1.22185757379634e-05 4.89650922854318e-07 6.01313121129881e-02 7.51641528509495e-07 6.05390748702645e-08 4.69035958648150e-04 -5.62148345425471e-08 -3.06052979256742e-08 2.72785725118315e-04 -1.89818442974107e-07 8.80382436816624e-08 9.23106931734974e-08 -2.92770477589389e-08 -5.00325235160747e-03 2.80926744539093e-07 -5.62877661012076e-08 2.88611523345977e-08 -2.86666593208195e-08 -1.27965952440564e-07 1.09466523148139e-03 -3.97345849735709e-07 -1.32969761819521e-08 -2.21333120539385e-08 1.99187117957880e+00 1.31831982425319e-02 -3.06809899170663e-02 1.86712948419128e-02 -3.17831829680285e-06 -4.16285466029441e-07 1.18252575027848e-02 4.78100269728706e-06 4.37941254127770e-07 -2.16299043720039e-02 -6.76730257685808e-07 -1.45519196270475e-08 8.15911092085611e-03 -2.27164789791501e-06 2.60115072475514e-07 1.89125203873495e-04 2.51546233466714e-06 -1.52798109712564e-06 1.27198273308804e-06 -1.88658317297488e-07 1.81164659993533e-03 -1.11088598364020e-06 9.33129915481531e-07 -7.48996051123516e-09 -1.54523346380495e-07 -6.74896565664267e-08 1.73693800821277e-03 -5.60495414199563e-07 1.82674243322501e-07 2.58049502061679e-08
 5.48655774745743e-04 -1.02438020605688e-04 5.48451109696269e-04 -2.92876021474057e-03 7.28084280241789e-08 5.72042383343250e-10 2.75101112585503e-04 -8.04943438830153e-06 -5.89406120704120e-07 -2.78940380909509e-02 1.18035076374781e-07 -4.50482930838024e-09 2.07596784513617e-03 5.39228128220293e-09 5.42371345040507e-10 1.83981783637636e-04 4.41277247971905e-08 -1.33609012748585e-10 -2.68853614982914e-09 1.96671226121414e-08 4.85832277768754e-04 1.43343205203806e-07 -2.28273406564162e-08 -9.79425551755723e-10 -2.12905543434166e-09 -4.18235931725368e-09 -1.22369409220739e-04 -3.13907939276102e-08 -5.77646051850286e-09 3.79465712536683e-10 1.31831982425319e-02 6.22758114730491e-04 -4.12429932278779e-03 -6.92505866842843e-03 6.11754901763607e-07 5.11570998405913e-08 -4.41466597648299e-03 -2.75706150421501e-06 -2.17261523032984e-07 2.14870585864829e-02 7.19600275505058e-07 5.43437545666879e-08 -7.26313436285653e-03 1.81169385173831e-08 -1.95268808712222e-08 1.51500776890750e-03 -2.17620975107379e-07 1.15565438418574e-09 -6.10138111738008e-08 -4.43943295862931e-09 4.40096604870721e-04 -2.36173985202482e-07 -9.67640240562995e-08 -1.53567517767937e-09 -2.15374238380104e-08 -8.49320912775411e-09 2.06394982407047e-04 -1.36607636512659e-07 7.28679597975477e-09 -1.72267188290549e-09
 -1.82424384152713e-02 -1.09681785655992e-02 -1.03428261210881e-01 -2.88410353632086e-02 2.73077639720179e-06 1.72699790719253e-07 4.46593685868970e-04 3.52543695925992e-05 1.49489346268649e-06 -2.67801548013676e-01 1.08320669987403e-06 1.22329683495900e-06 9.04472837274179e-03 1.30087747963247e-07 2.76935244228318e-07 3.58484503769854e-03 7.32935848119048e-07 -1.38565872868212e-08 1.82439747619071e-06 -4.54569002775611e-07 1.11331674408911e-02 -2.99710089273260e-06 9.18375447273488e-07 3.51261923860711e-08 1.76803236730274e-06 -1.82743331684872e-07 4.50389793188855e-03 4.03409609184703e-07 1.05351781858987e-06 -9.73543960544827e-08 -3.06809899170663e-02 -4.12429932278779e-03 1.57846672337700e+00 8.96454650883785e-02 -4.58728424729293e-06 -9.10062662630116e-07 -1.85176968027325e-02 1.25870624638932e-05 1.56355214952471e-06 -4.92556642259637e-01 -5.02507017115199e-06 -1.11584165207824e-06 2.55702682016598e-02 1.92650177622299e-06 3.97957946613290e-07 -8.15464447337337e-03 -4.49856252352096e-07 4.07658885680390e-07 -2.52824339035660e-06 -1.16136921991608e-06 -5.35734319636019e-02 4.07583417857466e-07 -1.36741832804103e-06 1.43752521228742e-09 -9.85832366700700e-08 -7.72585118449292e-08 7.87976081190950e-03 4.83432967748667e-07 -4.92707032862416e-07 1.21741374175988e-07
 -3.00433131082364e-03 7.31183325469104e-04 -7.34947599543819e-02 3.89607542352073e-02 6.77409648904063e-07 1.69703208510336e-07 -2.65806095538693e-03 -1.70375439841928e-05 -1.72828722376497e-06 3.56338497704954e-01 7.44201739240767e-07 2.45937018113152e-07 -2.82891432321576e-02 -5.89859290007108e-08 4.59353261361633e-08 -2.34346499263689e-03 -2.87062593888086e-08 3.82042273409690e-08 1.45684697949673e-07 -1.00975498522338e-07 -6.53339352516775e-03 2.22706912905986e-07 1.96057446825442e-07 2.22451514496114e-08 2.97421042889575e-08 5.12111828098731e-10 1.87907307327174e-03 4.50024476319572e-08 1.01924944658540e-07 -7.31872301562093e-09 1.86712948419128e-02 -6.92505866842843e-03 8.96454650883785e-02 9.59109710512518e-02 3.47364285924181e-07 -6.87721454363754e-08 6.00042764668239e-02 -5.07543526453221e-06 -2.65242815883945e-07 -3.04401107791531e-01 1.04931167165374e-06 7.34704232370218e-08 9.83762781678025e-02 -4.16209462531321e-07 2.73736148437281e-08 -2.16145064209753e-02 -5.15611192927277e-07 -1.56764160074360e-07 8.47337144799574e-07 -2.71730575318190e-07 -7.97997876931750e-03 -7.02265284997299e-07 1.30367323380482e-06 2.01054278875740e-08 2.22915545202324e-07 -7.18341062727940e-08 -2.79145752437746e-03 -5.75402372971354e-07 -1.00798539424832e-07 3.04452989757318e-08
 -4.07526525534123e-07 4.11254659717727e-07 -7.83882817035164e-07 2.04968243618804e-06 1.38048761117500e-03 -4.90370862492318e-08 1.28712742887368e-08 -1.22969243117790e-01 -3.43966095028847e-06 -2.61936265600050e-06 2.16219806582669e-03 -1.98979385529789e-07 -7.19021981360641e-07 -4.72401471636523e-09 -6.12216620460163e-09 -8.54715306850349e-08 5.29767949767013e-04 5.59366929178205e-08 -2.02907662502740e-08 2.83917163332054e-07 3.28247756753576e-07 2.14124124506610e-03 -6.90549825235051e-08 -9.31268142650145e-10 -2.03598710015312e-08 -3.80685250594352e-08 -7.87003645884614e-09 -3.13375189507307e-04 -2.88082950382162e-08 -2.97787385762733e-07 -3.17831829680285e-06 6.11754901763607e-07 -4.58728424729293e-06 3.47364285924181e-07 8.68644583224109e-03 5.17663406163563e-07 -1.34353241520370e-06 -4.15126016786871e-02 -2.16685106805767e-06 2.47142651548586e-06 1.05243665928316e-02 1.03969700984523e-06 -5.27775402765472e-07 -1.71184940665213e-08 4.07250697785026e-08 1.00635742771447e-07 -3.52889572975966e-03 -1.18919578161559e-07 1.67996164325534e-08 3.86491312053330e-08 -2.96013347944750e-07 -3.70585049019719e-03 1.80724312897894e-07 1.19252037802476e-07 -3.77944462497202e-09 2.67839500751876e-08 -2.87313923201277e-08 -2.27703243166674e-03 4.06172239757866e-08 -2.80175278867603e-07
 -2.51131087786829e-07 1.05244260983107e-07 1.29319004930241e-07 7.16735368252570e-08 -4.84296345988362e-08 1.38038004815585e-03 3.95462651362109e-08 -3.45427596452896e-06 -1.22981838324314e-01 -3.82331387440073e-07 -1.99541172634038e-07 2.16305030307676e-03 2.88484557814471e-08 8.69268289299447e-08 5.29930372041313e-04 5.11177067098070e-09 -6.27861790233582e-09 -3.06040771559995e-09 -1.63699271022670e-07 2.14122345174474e-03 1.97593621658050e-09 2.85166819767894e-07 -1.90875692131889e-09 2.39879264248881e-07 -2.56952448568266e-08 -3.13419056415924e-04 1.35516359055550e-08 -3.79564090686275e-08 1.14757207535761e-08 6.42115696581279e-09 -4.16285466029441e-07 5.11570998405913e-08 -9.10062662630116e-07 -6.87721454363754e-08 5.17663406163563e-07 8.68848110663580e-03 -7.58512949560886e-08 -2.16959681940965e-06 -4.15216039126844e-02 6.49151500682517e-07 1.03968365285090e-06 1.05253255951717e-02 -1.72175174626652e-07 -1.11524616945957e-07 -3.52951606576217e-03 1.00328230485752e-07 4.05992067857314e-08 3.09601478792235e-08 1.79022165112498e-07 -3.70731796870762e-03 4.52889652929344e-09 3.84068194099214e-08 -2.31991035628366e-08 4.66564654601528e-07 3.61410147179915e-08 -2.27757362597879e-03 2.81684456980215e-08 2.67666198699914e-08 1.50943589930369e-08 1.41175369817687e-07
 -2.16862638804182e-03 8.52914158634231e-04 -6.45105945735138e-02 2.80324167635380e-02 1.10172883269729e-07 1.10914913031409e-07 -1.71685395475963e-03 1.23534750067704e-05 -2.05730794769246e-07 2.48440541397378e-01 -5.16812615761874e-09 7.95664084591067e-08 -1.98108357861869e-02 -4.16811174635396e-08 1.48524375976491e-08 -1.76188228926950e-03 -1.61018196821229e-07 3.62706856516581e-08 2.62774562550252e-08 -6.10118316827825e-08 -4.89620645857575e-03 -1.54357241976127e-07 4.41598484094645e-08 1.48682393721454e-08 -7.99814666176765e-08 8.11191138782832e-09 1.05079828355228e-03 7.01673431984044e-08 1.67187288693855e-08 1.07942457937182e-09 1.18252575027848e-02 -4.41466597648299e-03 -1.85176968027325e-02 6.00042764668239e-02 -1.34353241520370e-06 -7.58512949560886e-08 4.14985103455897e-02 4.61350068757447e-06 9.98715968292740e-08 -1.81840758892089e-01 -1.22866358130537e-06 1.60199727365026e-08 6.50574130795790e-02 -3.73547484304343e-07 3.09532388437909e-08 -1.45760630127836e-02 3.97968575013886e-07 -1.24678735309358e-07 6.85845543028186e-07 -9.12280254020431e-08 -3.03759089770177e-03 2.98940759964616e-07 9.30739885591178e-07 1.35216023536839e-08 1.39787433246452e-07 -2.46225572561182e-08 -2.41178471779759e-03 5.80943487399919e-08 -4.67031198338190e-08 1.52221837048374e-08
 2.36757574259588e-06 -1.95706762391574e-06 5.58214399083830e-06 -1.08233990277883e-05 -6.59736257261369e-03 2.82690309005157e-07 -1.03632247381338e-08 5.87671104359882e-01 1.21307865309506e-05 2.21302985596734e-06 -1.03331637835926e-02 1.02667153773807e-06 4.24521419884089e-06 2.25809777074798e-08 4.78163776640190e-08 4.63486995692367e-07 -2.53176573468733e-03 -2.67323165269855e-07 9.69522571315204e-08 -1.28184121421689e-06 -1.38877593283519e-06 -1.02330108987736e-02 3.30002579165974e-07 4.45806962557604e-09 9.72900678038616e-08 1.70953494425634e-07 -4.40096271943591e-08 1.49762280884003e-03 1.37667943999896e-07 1.42312956565992e-06 4.78100269728706e-06 -2.75706150421501e-06 1.25870624638932e-05 -5.07543526453221e-06 -4.15126016786871e-02 -2.16959681940965e-06 4.61350068757447e-06 1.98389091835803e-01 8.90110973453262e-06 -3.59742887072771e-07 -5.02960413180650e-02 -4.60007011759272e-06 -6.33235318253545e-07 8.18214149292764e-08 -3.18250121991714e-07 1.92836843016717e-07 1.68646240164445e-02 5.68329478979651e-07 -8.03012206604607e-08 -3.14538698194949e-07 1.86137045096791e-06 1.77102924084499e-02 -8.63723358217806e-07 -5.69890786367868e-07 1.80568472606616e-08 -2.07769633811007e-07 1.73579185762465e-07 1.08819582179377e-02 -1.94105443605908e-07 1.33896354844564e-06
 5.85346606046537e-07 -4.89899946758489e-07 2.99981039307944e-07 -4.87110355335856e-07 2.80226228694704e-07 -6.59673341740908e-03 -1.85960498004866e-07 1.21614866190334e-05 5.87721043319798e-01 6.25057957585948e-07 1.03000806050708e-06 -1.03370562652648e-02 -1.45944883805111e-08 -4.15417127312149e-07 -2.53249777015808e-03 -1.95842781625246e-08 4.87282982783444e-08 1.46271597352453e-08 7.82302088118902e-07 -1.02327473475431e-02 7.24443653490634e-09 -1.28710702636779e-06 9.11781939879682e-09 -1.14636542096835e-06 1.22792650750485e-07 1.49780632069142e-03 -8.13812659300655e-08 1.70314852426649e-07 -5.48446205174729e-08 -3.06965262541711e-08 4.37941254127770e-07 -2.17261523032984e-07 1.56355214952471e-06 -2.65242815883945e-07 -2.16685106805767e-06 -4.15216039126844e-02 9.98715968292740e-08 8.90110973453262e-06 1.98428651739004e-01 -8.96032755070562e-07 -4.59659152531391e-06 -5.02997468641892e-02 3.19310650042888e-07 5.32967974315866e-07 1.68672943363875e-02 -3.58998367382082e-07 -3.18745617686536e-07 -1.47959163521992e-07 -8.55533888048535e-07 1.77169963887687e-02 1.02058736408299e-07 -3.14520693272743e-07 1.10868770263870e-07 -2.22967360104142e-06 -1.72715798992858e-07 1.08843546850093e-02 -1.32547986157285e-07 -2.08393393915339e-07 -7.21322196369630e-08 -6.74676840828286e-07
 8.36417772178256e-03 6.72271628455947e-04 3.91208827263991e-01 -1.17762216328990e-01 -2.56347557791399e-06 -6.16438232915902e-07 7.35700474860738e-03 5.81003699193396e-06 8.28017199500827e-07 -1.01362480683251e+00 -1.67182860800729e-06 -7.95656202944856e-07 8.74751431095995e-02 1.24823617381301e-07 -1.79255226468213e-07 6.68894427404727e-03 1.22860854124233e-07 -1.86383101525407e-07 -8.41935498671028e-07 4.28565627676774e-07 1.79306171007088e-02 5.21369060279472e-07 -4.10539983255865e-07 -8.57616132608310e-08 -2.43060723638361e-07 4.40311789103891e-08 -6.43392038665222e-03 -2.55295452177607e-07 -4.61299384003042e-07 2.82690230992326e-08 -2.16299043720039e-02 2.14870585864829e-02 -4.92556642259637e-01 -3.04401107791531e-01 2.47142651548586e-06 6.49151500682517e-07 -1.81840758892089e-01 -3.59742887072771e-07 -8.96032755070562e-07 1.00876974780631e+00 1.00528830388822e-06 2.99329014422909e-07 -3.04568692069916e-01 9.65933242502334e-07 -2.80277064554658e-07 7.03681928392215e-02 5.50909890046021e-07 4.02248432220684e-07 -2.14484816009822e-06 8.42506998280386e-07 3.43847571424564e-02 6.74041372742645e-07 -3.66823050481619e-06 -6.21953304887887e-08 -5.52479743730269e-07 1.44709656632522e-07 8.48601113101791e-03 9.47893682726366e-07 4.03727412703521e-07 -1.15435353900017e-07
 -7.11948512173223e-07 4.99225766363482e-07 -2.03817731682698e-06 2.72951728845839e-06 1.67257794234338e-03 6.12377959094672e-09 1.19937520569633e-08 -1.48987677897047e-01 -1.00060988192929e-05 -9.89245721936312e-07 2.61968651524365e-03 -1.38386681405650e-07 -1.05634470346954e-06 -5.71978300143949e-09 1.77415614004443e-08 -1.18018684085135e-07 6.41858845735375e-04 6.77725985625702e-08 -2.45901102166629e-08 4.45645198979706e-07 3.50866246338036e-07 2.59429556649446e-03 -8.36661306139970e-08 -1.11670098831954e-09 -2.46690311365612e-08 -6.10033233335906e-08 4.30802831946272e-09 -3.79680648598509e-04 -3.49024776715333e-08 -3.60794432277348e-07 -6.76730257685808e-07 7.19600275505058e-07 -5.02507017115199e-06 1.04931167165374e-06 1.05243665928316e-02 1.03968365285090e-06 -1.22866358130537e-06 -5.02960413180650e-02 -4.59659152531391e-06 1.00528830388822e-06 1.27511636597761e-02 1.75937869183618e-06 -7.33424761940400e-09 -2.07518598645004e-08 -1.18223670777986e-07 -2.55847636553734e-08 -4.27555676380987e-03 -1.44083032119259e-07 2.03696153288240e-08 -1.29182696908571e-07 -4.16096254158691e-07 -4.48995248480824e-03 2.18970923884655e-07 1.44506235313631e-07 -4.57667680646021e-09 -7.56788881039246e-08 -5.34754626070298e-08 -2.75881810548642e-03 4.92114883424348e-08 -3.39449180444512e-07
 -2.20079801337559e-07 1.28578503839792e-07 -1.84056805033417e-07 1.59108741502966e-07 6.90438414080452e-09 1.67220820573886e-03 4.62530532556813e-08 -1.00254361366930e-05 -1.48981608316772e-01 1.28194245530814e-07 -1.39023945045945e-07 2.62034391355616e-03 -1.70902163373897e-08 1.05303877383980e-07 6.41963724764647e-04 1.95023916223507e-09 1.75571042763359e-08 -3.70458252724620e-09 -1.98307851527278e-07 2.59390263831857e-03 -1.03859352774416e-08 4.47160810135381e-07 -2.31578204777080e-09 2.90592510441131e-07 -3.11287809060346e-08 -3.79679438176128e-04 1.95250645677814e-08 -6.08658651297814e-08 1.39005106482574e-08 7.76451477687051e-09 -1.45519196270475e-08 5.43437545666879e-08 -1.11584165207824e-06 7.34704232370218e-08 1.03969700984523e-06 1.05253255951717e-02 1.60199727365026e-08 -4.60007011759272e-06 -5.02997468641892e-02 2.99329014422909e-07 1.75937869183618e-06 1.27505000814909e-02 -4.17742124744024e-08 -1.35104425691619e-07 -4.27569620347347e-03 8.12594162673218e-08 -1.18435309522276e-07 3.74991685501156e-08 2.16872174577999e-07 -4.49108746664012e-03 -5.97174443898421e-09 -1.29497239030087e-07 -2.80926759742703e-08 5.65207465825165e-07 4.37816418687625e-08 -2.75907878724859e-03 2.75769833550389e-08 -7.57314648699992e-08 1.82872907868416e-08 1.71008206810143e-07
 -2.80509737597074e-03 1.11634506261855e-03 -8.96908224053518e-02 4.32582655446913e-02 4.88361765725510e-07 1.63659233661742e-07 -2.82533139772650e-03 -3.96741963667723e-06 6.38841029140503e-08 3.88813216316616e-01 4.61901314812369e-07 1.67923593074483e-07 -3.09018580730736e-02 -6.48925082340417e-08 3.02107550709036e-08 -2.67102472703944e-03 -1.26688445904981e-07 4.86500034913549e-08 8.90181124782510e-08 -1.20271887492929e-07 -7.40834584918713e-03 8.68826263306603e-08 1.35969554406237e-07 2.33756853068437e-08 -5.63192465931663e-08 1.12716833511767e-08 1.81041011599728e-03 6.85439350589723e-08 6.25614084844334e-08 -2.49579029968195e-09 8.15911092085611e-03 -7.26313436285653e-03 2.55702682016598e-02 9.83762781678025e-02 -5.27775402765472e-07 -1.72175174626652e-07 6.50574130795790e-02 -6.33235318253545e-07 3.19310650042888e-07 -3.04568692069916e-01 -7.33424761940400e-09 -4.17742124744024e-08 1.04083533897083e-01 -5.15757946580274e-07 6.90929274398518e-08 -2.30885239839478e-02 -9.85610101494390e-08 -1.76123889913019e-07 1.00299160007474e-06 -1.75914902556442e-07 -6.42128325410028e-03 -2.67238070527519e-07 1.43763921748802e-06 2.15206811368930e-08 2.31634773919750e-07 -3.56670231203872e-08 -3.45560563194458e-03 -3.42498841799194e-07 -8.95696594398070e-08 2.75996007261729e-08
 -5.54183878998610e-08 -2.25090189712458e-08 2.89965760270615e-07 -2.55580399486260e-07 -2.71694151691867e-09 -1.77189468054167e-08 8.04357800780084e-09 2.42344553029728e-07 1.57858048321894e-06 -2.44629591752880e-06 -4.25877774102016e-09 -2.77635320683552e-08 1.70192229102702e-07 -5.33120547677347e-13 -6.80184533908876e-09 1.81103563237030e-08 -1.04173381555326e-09 -3.89363061444333e-13 4.00107244122601e-12 -2.74848316231902e-08 5.84675768535209e-08 -4.22652076852455e-09 5.21734831405695e-13 -3.18128726541195e-12 2.93397007219792e-12 4.02290326224638e-09 -4.77046584341384e-09 6.18435990169869e-10 9.59798881251037e-13 4.24090192252734e-13 -2.27164789791501e-06 1.81169385173831e-08 1.92650177622299e-06 -4.16209462531321e-07 -1.71184940665213e-08 -1.11524616945957e-07 -3.73547484304343e-07 8.18214149292764e-08 5.32967974315866e-07 9.65933242502334e-07 -2.07518598645004e-08 -1.35104425691619e-07 -5.15757946580274e-07 9.11341019326731e-12 4.53040271504834e-08 1.07383980505416e-07 6.94847987585788e-09 2.95169418434561e-12 -1.22166175550224e-11 4.75860302037682e-08 -3.87574363448185e-08 7.30319779555552e-09 -1.03545445521364e-11 -6.32484297370515e-12 -1.67483748627365e-12 2.92346322732470e-08 2.55709125782216e-08 4.48836570915047e-09 -6.53540300299777e-13 -1.27257822166425e-12
 1.20736349797915e-07 -4.44891395106736e-08 -2.37858503273480e-07 -2.75465433963294e-08 5.95666798666131e-08 -5.60750898643079e-04 -1.46704846337747e-08 -2.15025722643744e-06 4.99588328275976e-02 9.92395031558863e-08 1.43541338088154e-07 -8.78694536427335e-04 -1.35762502942510e-08 -3.53123174676003e-08 -2.15273273669955e-04 -1.94917372607326e-09 1.78595132690400e-08 1.24493116176762e-09 6.64990742875043e-08 -8.69827814676821e-04 -1.51108555863149e-10 -5.39670241275704e-08 7.73031621635956e-10 -9.74460072910692e-08 1.04374908700560e-08 1.27320020153232e-04 -5.30485133287092e-09 6.36320915242390e-09 -4.66258595838539e-09 -2.61706317903692e-09 2.60115072475514e-07 -1.95268808712222e-08 3.97957946613290e-07 2.73736148437281e-08 4.07250697785026e-08 -3.52951606576217e-03 3.09532388437909e-08 -3.18250121991714e-07 1.68672943363875e-02 -2.80277064554658e-07 -1.18223670777986e-07 -4.27569620347347e-03 6.90929274398518e-08 4.53040271504834e-08 1.43379303802488e-03 -4.42023248465783e-08 -1.18468337649167e-07 -1.25804202620070e-08 -7.27236760043958e-08 1.50602139035943e-03 -5.74196764213722e-09 -1.22691148779020e-07 9.42922897699817e-09 -1.89528813132600e-07 -1.46818062754400e-08 9.25217267078463e-04 -1.23507112013082e-08 -7.66736672222165e-08 -6.13062727457230e-09 -5.73576657800079e-08
 1.22901586135943e-03 9.49758560919559e-05 5.53407408194905e-02 -1.00891772106179e-02 -2.50299784735954e-07 -5.64613235589754e-08 4.43246612447126e-04 1.15072722860627e-06 -8.23318350330376e-07 -7.65140447145883e-02 -1.06245435287230e-07 -1.30432569061527e-08 7.32067349079435e-03 5.86055808534064e-09 -7.68273966542118e-09 5.88369445608170e-04 1.61297907313343e-08 -2.78069434982095e-08 -5.64263033397754e-08 3.73142600044473e-08 1.51189571169360e-03 -5.76297366045745e-09 4.21295694505200e-08 -8.19376969964495e-09 3.05110051326488e-08 3.11569408454113e-09 -4.24940776902006e-04 -4.52737334039351e-09 -1.65648713564431e-08 -1.06776592442709e-09 1.89125203873495e-04 1.51500776890750e-03 -8.15464447337337e-03 -2.16145064209753e-02 1.00635742771447e-07 1.00328230485752e-07 -1.45760630127836e-02 1.92836843016717e-07 -3.58998367382082e-07 7.03681928392215e-02 -2.55847636553734e-08 8.12594162673218e-08 -2.30885239839478e-02 1.07383980505416e-07 -4.42023248465783e-08 5.83985678154008e-03 4.98733831439323e-08 3.74820619141321e-08 -1.98279577238299e-07 1.19716787514551e-08 2.09597499195603e-03 3.29282933702471e-08 -2.87700704470909e-07 -4.86627909320508e-09 -2.38117468061690e-08 -8.30789034210872e-09 9.87085456727524e-04 8.84659257077198e-08 2.63808375699923e-08 -7.60663249900183e-09
 6.85840264372405e-07 -1.44426693165324e-07 1.49635114531672e-06 -9.21498842820220e-07 -5.60827414318706e-04 5.97817139455351e-08 2.60384493681231e-09 4.99566389696182e-02 -2.15401452838965e-06 6.36454710860846e-07 -8.78399725724976e-04 1.43297284441288e-07 3.74478277412044e-07 1.92153197234839e-09 1.77896187617167e-08 3.74419068978771e-08 -2.15219885425688e-04 -2.27250938791566e-08 8.23487132816344e-09 -5.35086248135120e-08 -1.34803386930142e-07 -8.69885931023728e-04 2.80538142084922e-08 3.85124287951299e-10 8.26844342400728e-09 6.41500528497890e-09 -7.79942267375999e-09 1.27309647400511e-04 1.17020437239808e-08 1.20977295294993e-07 2.51546233466714e-06 -2.17620975107379e-07 -4.49856252352096e-07 -5.15611192927277e-07 -3.52889572975966e-03 4.05992067857314e-08 3.97968575013886e-07 1.68646240164445e-02 -3.18745617686536e-07 5.50909890046021e-07 -4.27555676380987e-03 -1.18435309522276e-07 -9.85610101494390e-08 6.94847987585788e-09 -1.18468337649167e-07 4.98733831439323e-08 1.43362491649946e-03 4.83113362606257e-08 -6.81767052544596e-09 -1.22756862925601e-07 2.27608601729136e-07 1.50551333631264e-03 -7.34212527914934e-08 -4.84331076856485e-08 1.53649015340256e-09 -7.66511292398311e-08 1.64831733629077e-08 9.25051538451353e-04 -1.64992783211782e-08 1.13825899431827e-07
 -2.89933792530572e-09 -5.81157862937499e-09 1.80040392406454e-07 -7.85968500739703e-08 -1.88997506931896e-08 4.92013869780946e-09 -4.04328086751877e-10 1.68352915816175e-06 -4.38276163174908e-07 -7.71142290832053e-07 -2.96037629626804e-08 7.71212501846417e-09 5.50374126388207e-08 5.54676920897843e-13 1.88886697666674e-09 5.30502960411705e-09 -7.25236457082890e-09 -9.43295649748279e-13 -6.03119533990807e-14 7.62781055551201e-09 1.92993854222227e-08 -2.93152256958271e-08 1.06040812740811e-12 8.12907303174611e-13 8.02981455300821e-13 -1.11650988805343e-09 -2.69856976184912e-09 4.29049381518681e-09 6.24236646671298e-13 4.09322447943946e-12 -1.52798109712564e-06 1.15565438418574e-09 4.07658885680390e-07 -1.56764160074360e-07 -1.18919578161559e-07 3.09601478792235e-08 -1.24678735309358e-07 5.68329478979651e-07 -1.47959163521992e-07 4.02248432220684e-07 -1.44083032119259e-07 3.74991685501156e-08 -1.76123889913019e-07 2.95169418434561e-12 -1.25804202620070e-08 3.74820619141321e-08 4.83113362606257e-08 3.30391754151746e-12 -2.92781923475340e-12 -1.32137664487005e-08 -4.47788763771598e-09 5.07371821824341e-08 -6.05301009489681e-12 -3.38133714633818e-16 -9.97732555918513e-14 -8.11784426398267e-09 6.88986874946325e-09 3.11753948468793e-08 -6.16866704267240e-13 4.30441198053857e-12
 2.89102645868687e-08 3.98588460133516e-08 1.91189953763822e-07 4.67345077830803e-07 2.66325926862909e-09 2.84425514187292e-08 -3.01360487678619e-08 -2.37823708240217e-07 -2.53398219353872e-06 4.64067562800918e-06 4.17791252470719e-09 4.45679743842959e-08 -3.12457694198267e-07 6.56935816105250e-13 1.09186115386490e-08 -3.28386491868264e-08 1.02082822764028e-09 1.54882017233653e-13 -6.55834855053441e-12 4.41187597821901e-08 -9.94359360043666e-08 4.15082494595553e-09 1.48630978781560e-12 5.05207637294408e-12 -3.70635726565980e-12 -6.45734668277920e-09 1.04029915697325e-08 -6.06398173627502e-10 -1.07551661647447e-12 -3.57004503145121e-13 1.27198273308804e-06 -6.10138111738008e-08 -2.52824339035660e-06 8.47337144799574e-07 1.67996164325534e-08 1.79022165112498e-07 6.85845543028186e-07 -8.03012206604607e-08 -8.55533888048535e-07 -2.14484816009822e-06 2.03696153288240e-08 2.16872174577999e-07 1.00299160007474e-06 -1.22166175550224e-11 -7.27236760043958e-08 -1.98279577238299e-07 -6.81767052544596e-09 -2.92781923475340e-12 1.94229578946740e-11 -7.63871426019378e-08 4.60360331549607e-08 -7.16628579602910e-09 1.79373885867642e-11 1.00502351349082e-11 3.86548381624513e-12 -4.69284078759544e-08 -4.13521787943392e-08 -4.40456766398045e-09 6.06270641065237e-13 2.41039610915203e-12
 -8.72011065363137e-08 -3.90820012786759e-08 1.24011690965238e-07 -9.46269097798558e-08 6.19068223149232e-08 -5.88999127980553e-04 -1.23549069161788e-08 -2.20008641847388e-06 5.24755448743357e-02 -4.60122789666235e-07 1.49741154914854e-07 -9.22959405597568e-04 4.37234956872078e-08 -3.70912444420295e-08 -2.26117819653692e-04 -6.42979947252633e-11 1.85066439044817e-08 1.30752090541985e-09 6.98469953626266e-08 -9.13646014323353e-04 5.95481159720034e-09 -5.77019972733297e-08 8.10956085262440e-10 -1.02355031827482e-07 1.09618493012398e-08 1.33733857768816e-04 -1.41019459183418e-08 6.83262321522001e-09 -4.89857781160023e-09 -2.74863821711370e-09 -1.88658317297488e-07 -4.43943295862931e-09 -1.16136921991608e-06 -2.71730575318190e-07 3.86491312053330e-08 -3.70731796870762e-03 -9.12280254020431e-08 -3.14538698194949e-07 1.77169963887687e-02 8.42506998280386e-07 -1.29182696908571e-07 -4.49108746664012e-03 -1.75914902556442e-07 4.75860302037682e-08 1.50602139035943e-03 1.19716787514551e-08 -1.22756862925601e-07 -1.32137664487005e-08 -7.63871426019378e-08 1.58188829993696e-03 6.05302498982329e-08 -1.27107818463949e-07 9.90224814512062e-09 -1.99076564943102e-07 -1.54217075486145e-08 9.71825750851248e-04 -1.32842788836243e-08 -7.94521722101535e-08 -6.43883603481848e-09 -6.02471528246262e-08
 -4.23271104870273e-04 5.65037464052803e-04 3.74453186651107e-02 -1.83125101724099e-03 -3.01504647417908e-07 -4.39290745429571e-08 -1.85818683586492e-05 5.78643250357338e-06 4.86239893763542e-07 -4.40331008759870e-03 -1.76327105669570e-07 -4.93530477320608e-08 1.76281815465943e-03 -8.05988240547704e-09 -1.67259986526981e-08 2.53820779927179e-05 -5.43895850885358e-08 -1.59349170537322e-08 -9.29294309624575e-08 8.82598970134107e-09 -6.12062154451706e-05 -1.12307630883662e-08 2.30531996826497e-08 -4.97835277305656e-09 -3.75439831369097e-08 1.31978069453064e-08 -2.60160851533047e-04 9.92776222520560e-09 -3.88484794159691e-08 2.03247265478904e-09 1.81164659993533e-03 4.40096604870721e-04 -5.35734319636019e-02 -7.97997876931750e-03 -2.96013347944750e-07 4.52889652929344e-09 -3.03759089770177e-03 1.86137045096791e-06 1.02058736408299e-07 3.43847571424564e-02 -4.16096254158691e-07 -5.97174443898421e-09 -6.42128325410028e-03 -3.87574363448185e-08 -5.74196764213722e-09 2.09597499195603e-03 2.27608601729136e-07 -4.47788763771598e-09 4.60360331549607e-08 6.05302498982329e-08 2.60368112518538e-03 1.75075409507067e-07 -8.37815190988886e-09 -1.28727715502754e-09 1.35356481730032e-08 1.32590232487724e-08 1.17253731801827e-04 1.33017066392711e-07 2.58840695249297e-08 -6.58029439497960e-09
 3.06190487617056e-08 -1.87682857931946e-07 -7.75144193308310e-07 -1.00813152343939e-06 -5.88949821003445e-04 6.21094484326307e-08 6.56615758052213e-09 5.24616903979627e-02 -2.20217380327362e-06 -8.44662117924137e-07 -9.22446655413287e-04 1.49429505985209e-07 4.11106640480435e-07 2.01855867231665e-09 1.84240922927221e-08 4.43473425597425e-08 -2.26011980626005e-04 -2.38635372529342e-08 8.65103791392531e-09 -5.72335535291399e-08 -1.06552612562567e-07 -9.13505942506194e-04 2.94556504786572e-08 4.04417659993619e-10 8.68297687035475e-09 6.88890796404079e-09 -9.34261494132616e-09 1.33693528415188e-04 1.22894908267705e-08 1.27043804894441e-07 -1.11088598364020e-06 -2.36173985202482e-07 4.07583417857466e-07 -7.02265284997299e-07 -3.70585049019719e-03 3.84068194099214e-08 2.98940759964616e-07 1.77102924084499e-02 -3.14520693272743e-07 6.74041372742645e-07 -4.48995248480824e-03 -1.29497239030087e-07 -2.67238070527519e-07 7.30319779555552e-09 -1.22691148779020e-07 3.29282933702471e-08 1.50551333631264e-03 5.07371821824341e-08 -7.16628579602910e-09 -1.27107818463949e-07 1.75075409507067e-07 1.58100657732074e-03 -7.71096056170960e-08 -5.08620003096321e-08 1.61147016995286e-09 -7.93860996021567e-08 7.11523673181156e-09 9.71437800178163e-04 -1.73274779251820e-08 1.19533641836759e-07
 -4.75103571589790e-08 4.06411228437242e-08 2.15820697558289e-07 6.15762554017810e-07 2.87209073492253e-08 -3.68719312796900e-09 -4.49401732813944e-08 -2.55856553849267e-06 3.28433787652306e-07 6.13261790858062e-06 4.49927153432284e-08 -5.78051700104798e-09 -4.24723695383340e-07 -1.73856034990423e-12 -1.41571713014251e-09 -4.12683362902901e-08 1.10192982532189e-08 1.24782919877543e-12 -1.99670693808666e-12 -5.71503528669817e-09 -1.22264220927442e-07 4.45548121242525e-08 2.32367620506368e-12 -4.78257355458606e-13 -2.24612269180361e-12 8.37011405490043e-10 2.02729046926050e-08 -6.51912784845539e-09 -9.35240206136806e-13 -6.21534557352415e-12 9.33129915481531e-07 -9.67640240562995e-08 -1.36741832804103e-06 1.30367323380482e-06 1.80724312897894e-07 -2.31991035628366e-08 9.30739885591178e-07 -8.63723358217806e-07 1.10868770263870e-07 -3.66823050481619e-06 2.18970923884655e-07 -2.80926759742703e-08 1.43763921748802e-06 -1.03545445521364e-11 9.42922897699817e-09 -2.87700704470909e-07 -7.34212527914934e-08 -6.05301009489681e-12 1.79373885867642e-11 9.90224814512062e-09 -8.37815190988886e-09 -7.71096056170960e-08 2.69517940063112e-11 1.52920652658178e-12 4.19776315125131e-12 6.08385617537551e-09 -4.73950944982308e-08 -4.73810301216034e-08 3.73176996963762e-13 -5.99273054986170e-12
 -4.86947146667585e-09 2.06065807530729e-10 -2.26895136198506e-08 9.16023580599108e-09 1.89451639544079e-08 7.41235725306651e-08 -6.02951803580905e-10 -1.68797973835565e-06 -6.60397582219706e-06 7.99920638570571e-08 2.96662537192802e-08 1.16149650639260e-07 -6.51840842041050e-09 4.58952432136130e-12 2.84563374391730e-08 -5.69524313820988e-10 7.27087551138554e-09 6.16185013451611e-13 -9.05057208387985e-12 1.14984159038734e-07 -1.52345658876234e-09 2.94045747871967e-08 -1.03400502205439e-12 1.28730949683509e-11 -1.67607138762532e-12 -1.68306229867658e-08 3.62993800960944e-10 -4.30319930394976e-09 2.31957449362865e-13 -3.74205452045033e-12 -7.48996051123516e-09 -1.53567517767937e-09 1.43752521228742e-09 2.01054278875740e-08 1.19252037802476e-07 4.66564654601528e-07 1.35216023536839e-08 -5.69890786367868e-07 -2.22967360104142e-06 -6.21953304887887e-08 1.44506235313631e-07 5.65207465825165e-07 2.15206811368930e-08 -6.32484297370515e-12 -1.89528813132600e-07 -4.86627909320508e-09 -4.84331076856485e-08 -3.38133714633818e-16 1.00502351349082e-11 -1.99076564943102e-07 -1.28727715502754e-09 -5.08620003096321e-08 1.52920652658178e-12 2.66950774481859e-11 1.93460634353900e-12 -1.22301711307346e-07 -7.75799979168462e-10 -3.12516529426401e-08 1.34922051221959e-12 3.74086311942648e-12
 -8.56728973263599e-08 1.56063249939393e-08 1.17852917110505e-06 7.91368159875863e-08 -6.05327175877215e-10 5.74121250448612e-09 -1.45433798168908e-08 5.35006959777000e-08 -5.11564088051704e-07 1.25250528182054e-06 -9.41069455839253e-10 8.99838316664167e-09 -5.17774962096469e-08 -1.33823853523194e-13 2.20421473369368e-09 -6.40874631390590e-09 -2.31347021013775e-10 -5.75385966238695e-13 -1.96520796123178e-12 8.90631579156939e-09 -2.14648856104560e-08 -9.29895969651687e-10 3.07812096058420e-12 9.22509443942578e-13 4.47449817794279e-13 -1.30334596560233e-09 2.84024948756898e-09 1.36889508660076e-10 6.90888595009943e-14 1.02622528260668e-13 -1.54523346380495e-07 -2.15374238380104e-08 -9.85832366700700e-08 2.22915545202324e-07 -3.77944462497202e-09 3.61410147179915e-08 1.39787433246452e-07 1.80568472606616e-08 -1.72715798992858e-07 -5.52479743730269e-07 -4.57667680646021e-09 4.37816418687625e-08 2.31634773919750e-07 -1.67483748627365e-12 -1.46818062754400e-08 -2.38117468061690e-08 1.53649015340256e-09 -9.97732555918513e-14 3.86548381624513e-12 -1.54217075486145e-08 1.35356481730032e-08 1.61147016995286e-09 4.19776315125131e-12 1.93460634353900e-12 1.76519548087286e-12 -9.47411818754384e-09 1.93870689230115e-10 9.90824669046359e-10 9.62760589463110e-14 7.05109176892705e-13
 9.76948778860845e-08 -2.64507655801718e-08 4.15349268687239e-08 -4.38024008809628e-08 3.85166287011386e-08 -3.61848886607414e-04 -8.89371867214369e-09 -1.39466830814672e-06 3.22381079815187e-02 -1.38221240794356e-07 9.27507726939986e-08 -5.67015836094802e-04 1.28240276839220e-08 -2.27868032362173e-08 -1.38914435218902e-04 -9.92710906493189e-11 1.15552200466391e-08 8.03252922257054e-10 4.29108694898907e-08 -5.61294198024213e-04 3.18620555498580e-09 -3.47001092673195e-08 4.98775635584367e-10 -6.28813064123072e-08 6.73498655471404e-09 8.21587761122808e-05 -5.80717171029876e-09 4.08794531583348e-09 -3.00899880327862e-09 -1.68877307323454e-09 -6.74896565664267e-08 -8.49320912775411e-09 -7.72585118449292e-08 -7.18341062727940e-08 2.67839500751876e-08 -2.27757362597879e-03 -2.46225572561182e-08 -2.07769633811007e-07 1.08843546850093e-02 1.44709656632522e-07 -7.56788881039246e-08 -2.75907878724859e-03 -3.56670231203872e-08 2.92346322732470e-08 9.25217267078463e-04 -8.30789034210872e-09 -7.66511292398311e-08 -8.11784426398267e-09 -4.69284078759544e-08 9.71825750851248e-04 1.32590232487724e-08 -7.93860996021567e-08 6.08385617537551e-09 -1.22301711307346e-07 -9.47411818754384e-09 5.97036649520631e-04 -6.60730316875924e-09 -4.96085375083742e-08 -3.95589304938787e-09 -3.70125939888632e-08
 5.89730268063728e-04 8.83434883091510e-06 1.40010068912311e-02 -1.84046790589062e-03 -4.92356238350910e-08 -9.97014883349883e-09 4.73743286253835e-05 6.10728324744298e-07 -3.67233209574432e-07 -1.19243834657740e-02 -1.29425419890944e-08 1.15463596071538e-08 1.28101665753165e-03 3.15917783885609e-10 8.42306188955235e-10 1.13787125762858e-04 4.16695420575799e-09 -7.32955561817772e-09 -3.91237687322693e-09 6.75815016051880e-09 2.78192567861967e-04 -1.93789542595216e-08 2.44154570280737e-08 -1.52927709824251e-09 1.83874815421891e-08 -1.19875758862815e-10 -4.22677089755684e-05 3.39204866626266e-09 3.29639420117149e-09 -1.08121524017459e-09 1.73693800821277e-03 2.06394982407047e-04 7.87976081190950e-03 -2.79145752437746e-03 -2.87313923201277e-08 2.81684456980215e-08 -2.41178471779759e-03 1.73579185762465e-07 -1.32547986157285e-07 8.48601113101791e-03 -5.34754626070298e-08 2.75769833550389e-08 -3.45560563194458e-03 2.55709125782216e-08 -1.23507112013082e-08 9.87085456727524e-04 1.64831733629077e-08 6.88986874946325e-09 -4.13521787943392e-08 -1.32842788836243e-08 1.17253731801827e-04 7.11523673181156e-09 -4.73950944982308e-08 -7.75799979168462e-10 1.93870689230115e-10 -6.60730316875924e-09 2.41352289470176e-04 2.15330323510783e-08 2.36542970497860e-09 -6.79818668557298e-10
 5.49807715611326e-07 -1.04146040888677e-07 1.08304409004830e-06 -7.20132488573675e-07 -3.61875868979303e-04 3.86643329565949e-08 3.06804308965543e-09 3.22346977648224e-02 -1.39794517086886e-06 -8.77742029510947e-07 -5.66790527193936e-04 9.26049220800230e-08 3.28327646326241e-07 1.24023538816749e-09 1.15136689462017e-08 3.30443494877050e-08 -1.38871390293123e-04 -1.46636506658161e-08 5.31425766364826e-09 -3.43861715402681e-08 -5.54630045778558e-08 -5.61296971646502e-04 1.81017715948552e-08 2.48458253422216e-10 5.33622225481315e-09 4.11873774113793e-09 -8.76909800164546e-09 8.21470000049934e-05 7.55115995771994e-09 7.80610052773544e-08 -5.60495414199563e-07 -1.36607636512659e-07 4.83432967748667e-07 -5.75402372971354e-07 -2.27703243166674e-03 2.67666198699914e-08 5.80943487399919e-08 1.08819582179377e-02 -2.08393393915339e-07 9.47893682726366e-07 -2.75881810548642e-03 -7.57314648699992e-08 -3.42498841799194e-07 4.48836570915047e-09 -7.66736672222165e-08 8.84659257077198e-08 9.25051538451353e-04 3.11753948468793e-08 -4.40456766398045e-09 -7.94521722101535e-08 1.33017066392711e-07 9.71437800178163e-04 -4.73810301216034e-08 -3.12516529426401e-08 9.90824669046359e-10 -4.96085375083742e-08 2.15330323510783e-08 5.96892774386421e-04 -1.06464436951774e-08 7.34465370663340e-08
 -6.41695383821328e-08 4.78841168855629e-09 3.78795026198383e-07 -3.09527120067854e-08 6.45235530928346e-09 2.39706537716684e-09 1.07310289516079e-09 -5.74973876123467e-07 -2.13630871306959e-07 -1.51753032500542e-07 1.01087437658495e-08 3.75578826722335e-09 2.57779228741226e-08 5.40974067837125e-14 9.20283852385431e-10 1.04274061880477e-09 2.47678458360600e-09 1.09653934836369e-13 -1.24467621573946e-12 3.72074515280621e-09 1.33135400946938e-09 1.00131481391285e-08 -1.40668851175275e-13 3.57297422110020e-13 -4.27435805077695e-13 -5.44468902551634e-10 -2.82246101392614e-09 -1.46537641168365e-09 -4.77685468785221e-13 -1.36029095256854e-12 1.82674243322501e-07 7.28679597975477e-09 -4.92707032862416e-07 -1.00798539424832e-07 4.06172239757866e-08 1.50943589930369e-08 -4.67031198338190e-08 -1.94105443605908e-07 -7.21322196369630e-08 4.03727412703521e-07 4.92114883424348e-08 1.82872907868416e-08 -8.95696594398070e-08 -6.53540300299777e-13 -6.13062727457230e-09 2.63808375699923e-08 -1.64992783211782e-08 -6.16866704267240e-13 6.06270641065237e-13 -6.43883603481848e-09 2.58840695249297e-08 -1.73274779251820e-08 3.73176996963762e-13 1.34922051221959e-12 9.62760589463110e-14 -3.95589304938787e-09 2.36542970497860e-09 -1.06464436951774e-08 4.97221177182125e-13 -1.13142091040932e-12
 6.77143350394912e-09 -1.08923032402587e-09 -9.63571075582410e-08 9.49109284252762e-09 -4.45281579560335e-08 2.24335582985345e-08 -1.98333066630277e-10 3.96634504484850e-06 -1.99840568032943e-06 5.97725691816743e-08 -6.97452088854559e-08 3.51571851383952e-08 -7.82678029886549e-09 1.57553619867313e-12 8.61186930671505e-09 -3.84745614125152e-10 -1.70878427732586e-08 -1.81177641837692e-12 -1.78628768453717e-12 3.47867443772673e-08 -8.88531489340121e-10 -6.90617829804329e-08 2.15966251854874e-12 3.94314480521791e-12 3.11422632586303e-13 -5.09201736243460e-09 8.24064089054063e-10 1.01073820637336e-08 1.20886434857819e-12 9.70403326372773e-12 2.58049502061679e-08 -1.72267188290549e-09 1.21741374175988e-07 3.04452989757318e-08 -2.80175278867603e-07 1.41175369817687e-07 1.52221837048374e-08 1.33896354844564e-06 -6.74676840828286e-07 -1.15435353900017e-07 -3.39449180444512e-07 1.71008206810143e-07 2.75996007261729e-08 -1.27257822166425e-12 -5.73576657800079e-08 -7.60663249900183e-09 1.13825899431827e-07 4.30441198053857e-12 2.41039610915203e-12 -6.02471528246262e-08 -6.58029439497960e-09 1.19533641836759e-07 -5.99273054986170e-12 3.74086311942648e-12 7.05109176892705e-13 -3.70125939888632e-08 -6.79818668557298e-10 7.34465370663340e-08 -1.13142091040932e-12 1.13498671638842e-11
