Paoks:
 3.16464949365234e-04 -2.53588452277709e-02 -1.29683377573109e-04 4.96936003513354e-21 2.35631290897877e-20 3.73192462549372e-22 -3.85181380769723e-21 4.99983243860314e-21 2.48859716792328e-22 1.60988538278644e-18 5.35912209608474e-19 6.10415699427883e-16 4.94990521183854e-18 -1.19238764673338e-15
 -2.53588452277709e-02 2.03204504187877e+00 1.03917375592064e-02 -3.98202809710166e-19 -1.88815142046046e-18 -2.99045120697966e-20 3.08652033634394e-19 -4.00644612395910e-19 -1.99415292411427e-20 -1.29002704212327e-16 -4.29435070341695e-17 -4.89135914654748e-14 -3.96643863438672e-16 9.55479393394697e-14
 -1.29683377573109e-04 1.03917375592064e-02 5.31426259132419e-05 -2.03638158041062e-21 -9.65587554856891e-21 -1.52929602868511e-22 1.57842511585200e-21 -2.04886879017156e-21 -1.01979598942157e-22 -6.59710891724617e-19 -2.19610119743422e-19 -2.50140717903328e-16 -2.02840923718574e-18 4.88625541991298e-16
 4.96936003513354e-21 -3.98202809710166e-19 -2.03638158041062e-21 7.80324620730186e-38 3.70005184575260e-37 5.86013620947828e-39 -6.04839481817474e-38 7.85109616486591e-38 3.90777409461290e-39 2.52795770855863e-35 8.41527860229132e-36 9.58518593493327e-33 7.77269684581123e-35 -1.87237276353952e-32
 2.35631290897877e-20 -1.88815142046046e-18 -9.65587554856891e-21 3.70005184575260e-37 1.75444722587972e-36 2.77869071694190e-38 -2.86795697794163e-37 3.72274077790988e-37 1.85294252769145e-38 1.19867736286269e-34 3.99025819482590e-35 4.54499114448610e-32 3.68556630750773e-34 -8.87819775978434e-32
 3.73192462549372e-22 -2.99045120697966e-20 -1.52929602868511e-22 5.86013620947828e-39 2.77869071694190e-38 4.40088592379717e-40 -4.54226568553477e-39 5.89607090402638e-39 2.93468741879163e-40 1.89846329468521e-36 6.31976456208559e-37 7.19834972262223e-34 5.83719403711927e-36 -1.40612754458414e-33
 -3.85181380769723e-21 3.08652033634394e-19 1.57842511585200e-21 -6.04839481817474e-38 -2.86795697794163e-37 -4.54226568553477e-39 4.68818731392719e-38 -6.08548392541185e-38 -3.02896511996982e-39 -1.95945198944297e-35 -6.52278886753145e-36 -7.42959883616665e-33 -6.02471562174421e-35 1.45129980777574e-32
 4.99983243860314e-21 -4.00644612395910e-19 -2.04886879017156e-21 7.85109616486591e-38 3.72274077790988e-37 5.89607090402638e-39 -6.08548392541185e-38 7.89923954114032e-38 3.93173679162765e-39 2.54345929160045e-35 8.46688157793913e-36 9.64396285008440e-33 7.82035947292175e-35 -1.88385426173903e-32
 2.48859716792328e-22 -1.99415292411427e-20 -1.01979598942157e-22 3.90777409461290e-39 1.85294252769145e-38 2.93468741879163e-40 -3.02896511996982e-39 3.93173679162765e-39 1.95696739137081e-40 1.26597154355305e-36 4.21427273308540e-37 4.80014859117608e-34 3.89247533301182e-36 -9.37662299309720e-34
 1.60988538278644e-18 -1.29002704212327e-16 -6.59710891724617e-19 2.52795770855863e-35 1.19867736286269e-34 1.89846329468521e-36 -1.95945198944297e-35 2.54345929160045e-35 1.26597154355305e-36 8.18963032369922e-33 2.72623314030823e-33 3.10523902853511e-30 2.51806086667768e-32 -6.06578215673346e-30
 5.35912209608474e-19 -4.29435070341695e-17 -2.19610119743422e-19 8.41527860229132e-36 3.99025819482590e-35 6.31976456208559e-37 -6.52278886753145e-36 8.46688157793913e-36 4.21427273308540e-37 2.72623314030823e-33 9.07531456433035e-34 1.03369812965466e-30 8.38233316122280e-33 -2.01922866893308e-30
 6.10415699427883e-16 -4.89135914654748e-14 -2.50140717903328e-16 9.58518593493327e-33 4.54499114448610e-32 7.19834972262223e-34 -7.42959883616665e-33 9.64396285008440e-33 4.80014859117608e-34 3.10523902853511e-30 1.03369812965466e-30 1.17740472319418e-27 9.54766035874329e-30 -2.29994551001573e-27
 4.94990521183854e-18 -3.96643863438672e-16 -2.02840923718574e-18 7.77269684581123e-35 3.68556630750773e-34 5.83719403711927e-36 -6.02471562174421e-35 7.82035947292175e-35 3.89247533301182e-36 2.51806086667768e-32 8.38233316122280e-33 9.54766035874329e-30 7.74226708371073e-32 -1.86504250753080e-29
 -1.19238764673338e-15 9.55479393394697e-14 4.88625541991298e-16 -1.87237276353952e-32 -8.87819775978434e-32 -1.40612754458414e-33 1.45129980777574e-32 -1.88385426173903e-32 -9.37662299309720e-34 -6.06578215673346e-30 -2.01922866893308e-30 -2.29994551001573e-27 -1.86504250753080e-29 4.49271966116372e-27
