Paoks:
 1.95440322912406e+00 3.93741059115463e-02 -8.69826840157277e-02 3.66045337470439e-02 4.16625498452425e-16 1.82703464749964e-17 -8.12051308041723e-17 -1.38776190610954e-16 -3.41851894108685e-17 1.01016527576837e-16 -6.11861646702259e-17 1.32496085799680e-17 -2.42007353526869e-17 -2.73698952607673e-14 -1.26482587110033e-17 8.32980099017604e-07 6.03742940404753e-15 1.84082172988346e-07 1.74871646827037e-14 7.93991374360560e-18 -5.22502395888330e-07 -3.73561159520840e-15 -1.44179198076276e-07 -1.60714995338311e-18 1.04978045754647e-17 -4.48114723649807e-18 -1.22138782689100e-18 1.93837220110606e-17 -1.78555985825288e-17 -1.41426502361460e-18
 3.93741059115463e-02 2.88454919485017e-03 6.22428994037772e-02 -3.16657392308110e-04 -9.18729007166518e-17 6.32952395732982e-18 -6.26576601299544e-18 2.02896056927579e-16 -8.08547272319077e-18 1.16079555049569e-17 -3.71139632990196e-17 -1.27266522230566e-18 -1.30833326048105e-18 -4.72886971623218e-16 -1.70813864490025e-19 -1.08566530294231e-09 1.70559316436807e-16 -1.55542154120517e-08 5.39008163431737e-16 4.72753383647774e-19 -7.13946920614295e-08 -3.01615422698145e-16 5.25236834234674e-08 -1.54517025991017e-19 6.94721036102940e-19 -3.01170155381357e-19 -9.20682166118725e-21 -4.23662202139025e-18 5.69607742624471e-18 -8.62777683148914e-18
 -8.69826840157277e-02 6.22428994037772e-02 1.96216883704260e+00 -3.38854374626464e-02 -3.08675943340958e-15 1.81610920179165e-16 -1.38060135428404e-16 6.30048295091359e-15 -2.24824427116293e-16 2.88439343680307e-16 -1.09526766380066e-15 -4.77023504375190e-17 -2.40392232418189e-17 3.62078778923288e-15 3.13345425515147e-18 -5.83820028067518e-07 1.22849960711220e-15 -5.97647076312247e-07 4.93502650708328e-15 9.21829810813741e-18 -1.83935142775610e-06 -6.76039863579157e-15 1.70256122992018e-06 -3.66599969757252e-18 1.43198935764242e-17 -6.25397579395824e-18 5.25599815635864e-19 -1.42456004445188e-16 1.86106209395121e-16 -2.63080794742885e-16
 3.66045337470439e-02 -3.16657392308110e-04 -3.38854374626464e-02 1.21688945354900e-03 5.83415670106798e-17 -2.66262799882049e-18 8.12690823637917e-19 -1.06276544628965e-16 3.08801772037727e-18 -2.93314920044422e-18 1.69397056517875e-17 1.02417687215159e-18 -3.95560151490392e-20 -5.52193720502716e-16 -2.79233357140415e-19 2.46069146449364e-08 8.84152880327381e-17 1.31569856809522e-08 2.33414295821224e-16 -8.95211671255795e-21 2.08940347672504e-08 4.41279237503776e-17 -3.06386006352190e-08 3.14623635469785e-20 -4.69513528977622e-20 2.23695314863576e-20 -3.06377886522049e-20 2.69531278964490e-18 -3.38680159917659e-18 4.30791311754425e-18
 4.16625498452425e-16 -9.18729007166518e-17 -3.08675943340958e-15 5.83415670106798e-17 4.89602749727318e-30 -2.81923220036089e-31 2.04661345415174e-31 -9.89136283546601e-30 3.47346328994941e-31 -4.37430363012934e-31 1.70726436374470e-30 7.66395282418805e-32 3.41927251035176e-32 -9.59895466496964e-30 -6.72371443185362e-33 1.03420033300330e-21 -1.05876658968556e-30 9.62785208942455e-22 -5.22370074793714e-30 -1.33041095272125e-32 2.80690625930668e-21 1.00561996458609e-29 -2.68821637572202e-21 5.51327442352616e-33 -2.09302675625019e-32 9.15580668619380e-33 -9.98696072400679e-34 2.25977333435343e-31 -2.94148306941736e-31 4.11986272632981e-31
 1.82703464749964e-17 6.32952395732982e-18 1.81610920179165e-16 -2.66262799882049e-18 -2.81923220036089e-31 1.71644027718827e-32 -1.39567114934279e-32 5.85045107663071e-31 -2.14046901632072e-32 2.82325377879783e-32 -1.02854675562975e-31 -4.26489114351895e-33 -2.56593000584182e-33 -3.20433118990615e-32 1.21216573198953e-34 -4.31449862238235e-23 1.95910621518312e-31 -5.31894148293829e-23 6.95695320711233e-31 9.65868165879065e-34 -1.78394468647791e-22 -6.80170163976085e-31 1.56655503215543e-22 -3.63191298357650e-34 1.47562106070852e-33 -6.43055071486817e-34 3.24802532296807e-35 -1.30088369421328e-32 1.70956669738427e-32 -2.45262211995676e-32
 -8.12051308041723e-17 -6.26576601299544e-18 -1.38060135428404e-16 8.12690823637917e-19 2.04661345415174e-31 -1.39567114934279e-32 1.36235712162232e-32 -4.49599379572741e-31 1.77955213498929e-32 -2.53897974498382e-32 8.19771005593236e-32 2.85787575618393e-33 2.82259092472839e-33 9.63392474292970e-31 3.39566416756964e-34 4.94459467068746e-24 -3.59170161320014e-31 3.49958535486071e-23 -1.13992177709733e-30 -1.02237063839534e-33 1.56461267108297e-22 6.56327246623015e-31 -1.16717994447907e-22 3.37170558068443e-34 -1.50596459715534e-33 6.53067141625896e-34 1.66562603734621e-35 9.43826542943716e-33 -1.26645800887188e-32 1.90960591693138e-32
 -1.38776190610954e-16 2.02896056927579e-16 6.30048295091359e-15 -1.06276544628965e-16 -9.89136283546601e-30 5.85045107663071e-31 -4.49599379572741e-31 2.02408422451938e-29 -7.25087334484954e-31 9.34371394304775e-31 -3.52478742889425e-30 -1.52369048797485e-31 -7.90097091958074e-32 9.66602634425149e-30 9.16024385766769e-33 -1.81648794886056e-21 4.38356470717419e-30 -1.90767905699093e-21 1.71218560514098e-29 3.02012174639392e-32 -5.94963575644992e-21 -2.19982133937263e-29 5.46193866381655e-21 -1.18989400234055e-32 4.67829044533875e-32 -2.04241935998704e-32 1.60137605479266e-33 -4.56481733588470e-31 5.96891120034523e-31 -8.45688988308883e-31
 -3.41851894108685e-17 -8.08547272319077e-18 -2.24824427116293e-16 3.08801772037727e-18 3.47346328994941e-31 -2.14046901632072e-32 1.77955213498929e-32 -7.25087334484954e-31 2.67596766664674e-32 -3.56252395879001e-32 1.27979281878538e-31 5.21366828087446e-33 3.32632100030069e-33 2.01029999411569e-31 -7.58742403351292e-35 4.86247328575604e-23 -2.78653920914518e-31 6.49110376616930e-23 -9.66235910202834e-31 -1.24520234962696e-33 2.24424828381933e-22 8.65944491180016e-31 -1.93523533808340e-22 4.60105828460225e-34 -1.89275911889774e-33 8.24286206253576e-34 -3.31036614040888e-35 1.60267293462790e-32 -2.11065400222307e-32 3.04396752170865e-32
 1.01016527576837e-16 1.16079555049569e-17 2.88439343680307e-16 -2.93314920044422e-18 -4.37430363012934e-31 2.82325377879783e-32 -2.53897974498382e-32 9.34371394304775e-31 -3.56252395879001e-32 4.90403991639943e-32 -1.67407280744907e-31 -6.36259803236164e-33 -5.00791810311909e-33 -1.05525147600719e-30 -2.69228839976892e-34 -3.87321775087515e-23 5.36015776020926e-31 -7.86599110961615e-23 1.75848770041265e-30 1.84218182425249e-33 -3.05627381263600e-22 -1.22921646821060e-30 2.46268428576483e-22 -6.42152415839566e-34 2.75455036917463e-33 -1.19696000520887e-33 7.36189565740197e-36 -2.01785906444602e-32 2.67972358570189e-32 -3.94358902550699e-32
 -6.11861646702259e-17 -3.71139632990196e-17 -1.09526766380066e-15 1.69397056517875e-17 1.70726436374470e-30 -1.02854675562975e-31 8.19771005593236e-32 -3.52478742889425e-30 1.27979281878538e-31 -1.67407280744907e-31 6.17544058210126e-31 2.60006261713650e-32 1.48400167311453e-32 -4.90275890632616e-31 -1.04528477677913e-33 2.80475870633949e-22 -1.02847326457689e-30 3.24735986111597e-22 -3.75084305633301e-30 -5.61527976966742e-33 1.06069569492768e-21 4.00063182142589e-30 -9.46491291918359e-22 2.14589560489680e-33 -8.61958377920661e-33 3.75863181030058e-33 -2.25980483273083e-34 7.87826012021313e-32 -1.03342650664313e-31 1.47585390312200e-31
 1.32496085799680e-17 -1.27266522230566e-18 -4.77023504375190e-17 1.02417687215159e-18 7.66395282418805e-32 -4.26489114351895e-33 2.85787575618393e-33 -1.52369048797485e-31 5.21366828087446e-33 -6.36259803236164e-33 2.60006261713650e-32 1.22325891214285e-33 4.40181642267696e-34 -2.43353643882867e-31 -1.47588885086774e-34 1.88007067340888e-23 4.91029703018833e-33 1.54290336487057e-23 -1.88988120132224e-32 -1.76447434698709e-34 4.12682828793135e-23 1.41316206338788e-31 -4.17832328160095e-23 7.90218699712411e-35 -2.84579387572448e-34 1.24876707550401e-34 -1.96173260202543e-35 3.53785685235392e-33 -4.57926864031017e-33 6.32111616629878e-33
 -2.42007353526869e-17 -1.30833326048105e-18 -2.40392232418189e-17 -3.95560151490392e-20 3.41927251035176e-32 -2.56593000584182e-33 2.82259092472839e-33 -7.90097091958074e-32 3.32632100030069e-33 -5.00791810311909e-33 1.48400167311453e-32 4.40181642267696e-34 6.21800902359751e-34 3.08096906887615e-31 1.23650700193835e-34 -3.30216749891330e-24 -9.39619884068366e-32 5.28066387399557e-24 -2.89814351771561e-31 -2.21079592156673e-34 3.03589764354538e-23 1.35095229873513e-31 -1.99687108848574e-23 6.78367680868209e-35 -3.19644118429793e-34 1.38257350407133e-34 9.08011028460648e-36 1.57599399923592e-33 -2.15562770097167e-33 3.39248331006477e-33
 -2.73698952607673e-14 -4.72886971623218e-16 3.62078778923288e-15 -5.52193720502716e-16 -9.59895466496964e-30 -3.20433118990615e-32 9.63392474292970e-31 9.66602634425149e-30 2.01029999411569e-31 -1.05525147600719e-30 -4.90275890632616e-31 -2.43353643882867e-31 3.08096906887615e-31 3.86241930518849e-28 1.80282834191047e-31 -1.23360497545371e-20 -8.27125595436856e-29 -3.30113732550917e-21 -2.37884382098305e-28 -9.94486890198424e-32 5.03198158223115e-21 4.38159192669056e-29 4.10014096001846e-21 1.79212581098980e-32 -1.28871064724918e-31 5.48371926923648e-32 1.76827572899908e-32 -4.45176771848392e-31 4.77415091020235e-31 -3.03049097916162e-31
 -1.26482587110033e-17 -1.70813864490025e-19 3.13345425515147e-18 -2.79233357140415e-19 -6.72371443185362e-33 1.21216573198953e-34 3.39566416756964e-34 9.16024385766769e-33 -7.58742403351292e-35 -2.69228839976892e-34 -1.04528477677913e-33 -1.47588885086774e-34 1.23650700193835e-34 1.80282834191047e-31 8.52295647713939e-35 -6.10845487296334e-24 -3.71069894886820e-32 -1.96505824605931e-24 -1.05671718891454e-31 -3.88204102096051e-35 9.36542176593340e-25 1.50834831950278e-32 3.15949982523601e-24 5.49493805104920e-36 -4.85282760981468e-35 2.05295403589993e-35 8.52298994396138e-36 -3.11305507719655e-34 3.58802070606416e-34 -3.36259128894686e-34
 8.32980099017604e-07 -1.08566530294231e-09 -5.83820028067518e-07 2.46069146449364e-08 1.03420033300330e-21 -4.31449862238235e-23 4.94459467068746e-24 -1.81648794886056e-21 4.86247328575604e-23 -3.87321775087515e-23 2.80475870633949e-22 1.88007067340888e-23 -3.30216749891330e-24 -1.23360497545371e-20 -6.10845487296334e-24 5.07671134644507e-13 2.15518237635201e-21 2.43029940618840e-13 5.85802067132990e-21 7.11680375272427e-25 2.97336636093624e-13 3.41746131385870e-22 -5.35005645307193e-13 3.58521616902078e-25 3.45745741872399e-25 -1.08133219273808e-25 -6.52132069744697e-25 4.77936577739656e-23 -5.93482797788918e-23 7.28657157405936e-23
 6.03742940404753e-15 1.70559316436807e-16 1.22849960711220e-15 8.84152880327381e-17 -1.05876658968556e-30 1.95910621518312e-31 -3.59170161320014e-31 4.38356470717419e-30 -2.78653920914518e-31 5.36015776020926e-31 -1.02847326457689e-30 4.91029703018833e-33 -9.39619884068366e-32 -8.27125595436856e-29 -3.71069894886820e-32 2.15518237635201e-21 1.97951516582879e-29 1.17993200698534e-22 5.83884054813755e-29 3.18454710568752e-32 -3.03812533027952e-21 -1.68355571130252e-29 8.51384218086613e-22 -7.82221283498122e-33 4.37345820176021e-32 -1.87768091083769e-32 -3.41275712567593e-33 -4.83750142748570e-32 8.65200331000267e-32 -2.05553403667716e-31
 1.84082172988346e-07 -1.55542154120517e-08 -5.97647076312247e-07 1.31569856809522e-08 9.62785208942455e-22 -5.31894148293829e-23 3.49958535486071e-23 -1.90767905699093e-21 6.49110376616930e-23 -7.86599110961615e-23 3.24735986111597e-22 1.54290336487057e-23 5.28066387399557e-24 -3.30113732550917e-21 -1.96505824605931e-24 2.43029940618840e-13 1.17993200698534e-22 1.94766188413867e-13 -7.26374933429670e-23 -2.13325819361264e-24 5.11437113497737e-13 1.73309584216255e-21 -5.24125311975479e-13 9.73633718089038e-25 -3.46219895231349e-24 1.52042753095533e-24 -2.56885681503500e-25 4.44457967627274e-23 -5.74611986008787e-23 7.90739635175513e-23
 1.74871646827037e-14 5.39008163431737e-16 4.93502650708328e-15 2.33414295821224e-16 -5.22370074793714e-30 6.95695320711233e-31 -1.13992177709733e-30 1.71218560514098e-29 -9.66235910202834e-31 1.75848770041265e-30 -3.75084305633301e-30 -1.88988120132224e-32 -2.89814351771561e-31 -2.37884382098305e-28 -1.05671718891454e-31 5.85802067132990e-21 5.83884054813755e-29 -7.26374933429670e-23 1.73136191135777e-28 9.89681956674017e-32 -1.01092591684262e-20 -5.36330933143590e-29 3.65842765494629e-21 -2.52842838022807e-32 1.37071086055227e-31 -5.89231494532029e-32 -9.55361688185651e-33 -2.39659579786038e-31 3.80879959619501e-31 -7.80373027978001e-31
 7.93991374360560e-18 4.72753383647774e-19 9.21829810813741e-18 -8.95211671255795e-21 -1.33041095272125e-32 9.65868165879065e-34 -1.02237063839534e-33 3.02012174639392e-32 -1.24520234962696e-33 1.84218182425249e-33 -5.61527976966742e-33 -1.76447434698709e-34 -2.21079592156673e-34 -9.94486890198424e-32 -3.88204102096051e-35 7.11680375272427e-25 3.18454710568752e-32 -2.13325819361264e-24 9.89681956674017e-32 7.90404655508354e-35 -1.12266611533507e-23 -4.90319822692019e-32 7.70459318580322e-24 -2.47972763267871e-35 1.14923854110879e-34 -4.97476888398346e-35 -2.65867463950233e-36 -6.13325060871133e-34 8.33216954205795e-34 -1.29192676183976e-33
 -5.22502395888330e-07 -7.13946920614295e-08 -1.83935142775610e-06 2.08940347672504e-08 2.80690625930668e-21 -1.78394468647791e-22 1.56461267108297e-22 -5.94963575644992e-21 2.24424828381933e-22 -3.05627381263600e-22 1.06069569492768e-21 4.12682828793135e-23 3.03589764354538e-23 5.03198158223115e-21 9.36542176593340e-25 2.97336636093624e-13 -3.03812533027952e-21 5.11437113497737e-13 -1.01092591684262e-20 -1.12266611533507e-23 1.91127926925941e-12 7.58688849311076e-21 -1.57471700033345e-12 3.98455982208203e-24 -1.68710898149198e-23 7.33608747087717e-24 -1.21680205949582e-25 1.29492229293328e-22 -1.71482704661695e-22 2.50663391579040e-22
 -3.73561159520840e-15 -3.01615422698145e-16 -6.76039863579157e-15 4.41279237503776e-17 1.00561996458609e-29 -6.80170163976085e-31 6.56327246623015e-31 -2.19982133937263e-29 8.65944491180016e-31 -1.22921646821060e-30 4.00063182142589e-30 1.41316206338788e-31 1.35095229873513e-31 4.38159192669056e-29 1.50834831950278e-32 3.41746131385870e-22 -1.68355571130252e-29 1.73309584216255e-21 -5.36330933143590e-29 -4.90319822692019e-32 7.58688849311076e-21 3.16403192915898e-29 -5.72381733410138e-21 1.62918128008470e-32 -7.23685086779795e-32 3.13914278179024e-32 6.67722719610184e-34 4.63777212800626e-31 -6.21332879593636e-31 9.33463730507349e-31
 -1.44179198076276e-07 5.25236834234674e-08 1.70256122992018e-06 -3.06386006352190e-08 -2.68821637572202e-21 1.56655503215543e-22 -1.16717994447907e-22 5.46193866381655e-21 -1.93523533808340e-22 2.46268428576483e-22 -9.46491291918359e-22 -4.17832328160095e-23 -1.99687108848574e-23 4.10014096001846e-21 3.15949982523601e-24 -5.35005645307193e-13 8.51384218086613e-22 -5.24125311975479e-13 3.65842765494629e-21 7.70459318580322e-24 -1.57471700033345e-12 -5.72381733410138e-21 1.47972140437388e-12 -3.11863073058290e-24 1.20331511733796e-23 -5.25892796592055e-24 4.98260286960841e-25 -1.24068477905346e-22 1.61821495669793e-22 -2.27812904631506e-22
 -1.60714995338311e-18 -1.54517025991017e-19 -3.66599969757252e-18 3.14623635469785e-20 5.51327442352616e-33 -3.63191298357650e-34 3.37170558068443e-34 -1.18989400234055e-32 4.60105828460225e-34 -6.42152415839566e-34 2.14589560489680e-33 7.90218699712411e-35 6.78367680868209e-35 1.79212581098980e-32 5.49493805104920e-36 3.58521616902078e-25 -7.82221283498122e-33 9.73633718089038e-25 -2.52842838022807e-32 -2.47972763267871e-35 3.98455982208203e-24 1.62918128008470e-32 -3.11863073058290e-24 8.45488952333579e-36 -3.68546597373138e-35 1.60016730283842e-35 1.04983849567434e-37 2.54299593402294e-34 -3.38995021039128e-34 5.03388471915673e-34
 1.04978045754647e-17 6.94721036102940e-19 1.43198935764242e-17 -4.69513528977622e-20 -2.09302675625019e-32 1.47562106070852e-33 -1.50596459715534e-33 4.67829044533875e-32 -1.89275911889774e-33 2.75455036917463e-33 -8.61958377920661e-33 -2.84579387572448e-34 -3.19644118429793e-34 -1.28871064724918e-31 -4.85282760981468e-35 3.45745741872399e-25 4.37345820176021e-32 -3.46219895231349e-24 1.37071086055227e-31 1.14923854110879e-34 -1.68710898149198e-23 -7.23685086779795e-32 1.20331511733796e-23 -3.68546597373138e-35 1.68044983169839e-34 -7.27995979909535e-35 -3.00217488493600e-36 -9.65054420610250e-34 1.30337885534832e-33 -1.99459541426146e-33
 -4.48114723649807e-18 -3.01170155381357e-19 -6.25397579395824e-18 2.23695314863576e-20 9.15580668619380e-33 -6.43055071486817e-34 6.53067141625896e-34 -2.04241935998704e-32 8.24286206253576e-34 -1.19696000520887e-33 3.75863181030058e-33 1.24876707550401e-34 1.38257350407133e-34 5.48371926923648e-32 2.05295403589993e-35 -1.08133219273808e-25 -1.87768091083769e-32 1.52042753095533e-24 -5.89231494532029e-32 -4.97476888398346e-35 7.33608747087717e-24 3.13914278179024e-32 -5.25892796592055e-24 1.60016730283842e-35 -7.27995979909535e-35 3.15412954255177e-35 1.24751892772881e-36 4.22165581300016e-34 -5.69739232825670e-34 8.70411929270895e-34
 -1.22138782689100e-18 -9.20682166118725e-21 5.25599815635864e-19 -3.06377886522049e-20 -9.98696072400679e-34 3.24802532296807e-35 1.66562603734621e-35 1.60137605479266e-33 -3.31036614040888e-35 7.36189565740197e-36 -2.25980483273083e-34 -1.96173260202543e-35 9.08011028460648e-36 1.76827572899908e-32 8.52298994396138e-36 -6.52132069744697e-25 -3.41275712567593e-33 -2.56885681503500e-25 -9.55361688185651e-33 -2.65867463950233e-36 -1.21680205949582e-25 6.67722719610184e-34 4.98260286960841e-25 1.04983849567434e-37 -3.00217488493600e-36 1.24751892772881e-36 8.76694430757541e-37 -4.61864184204035e-35 5.57516924356870e-35 -6.24385371999501e-35
 1.93837220110606e-17 -4.23662202139025e-18 -1.42456004445188e-16 2.69531278964490e-18 2.25977333435343e-31 -1.30088369421328e-32 9.43826542943716e-33 -4.56481733588470e-31 1.60267293462790e-32 -2.01785906444602e-32 7.87826012021313e-32 3.53785685235392e-33 1.57599399923592e-33 -4.45176771848392e-31 -3.11305507719655e-34 4.77936577739656e-23 -4.83750142748570e-32 4.44457967627274e-23 -2.39659579786038e-31 -6.13325060871133e-34 1.29492229293328e-22 4.63777212800626e-31 -1.24068477905346e-22 2.54299593402294e-34 -9.65054420610250e-34 4.22165581300016e-34 -4.61864184204035e-35 1.04300508887308e-32 -1.35759094476249e-32 1.90123939474312e-32
 -1.78555985825288e-17 5.69607742624471e-18 1.86106209395121e-16 -3.38680159917659e-18 -2.94148306941736e-31 1.70956669738427e-32 -1.26645800887188e-32 5.96891120034523e-31 -2.11065400222307e-32 2.67972358570189e-32 -1.03342650664313e-31 -4.57926864031017e-33 -2.15562770097167e-33 4.77415091020235e-31 3.58802070606416e-34 -5.93482797788918e-23 8.65200331000267e-32 -5.74611986008787e-23 3.80879959619501e-31 8.33216954205795e-34 -1.71482704661695e-22 -6.21332879593636e-31 1.61821495669793e-22 -3.38995021039128e-34 1.30337885534832e-33 -5.69739232825670e-34 5.57516924356870e-35 -1.35759094476249e-32 1.76989546231098e-32 -2.48880791570679e-32
 -1.41426502361460e-18 -8.62777683148914e-18 -2.63080794742885e-16 4.30791311754425e-18 4.11986272632981e-31 -2.45262211995676e-32 1.90960591693138e-32 -8.45688988308883e-31 3.04396752170865e-32 -3.94358902550699e-32 1.47585390312200e-31 6.32111616629878e-33 3.39248331006477e-33 -3.03049097916162e-31 -3.36259128894686e-34 7.28657157405936e-23 -2.05553403667716e-31 7.90739635175513e-23 -7.80373027978001e-31 -1.29192676183976e-33 2.50663391579040e-22 9.33463730507349e-31 -2.27812904631506e-22 5.03388471915673e-34 -1.99459541426146e-33 8.70411929270895e-34 -6.24385371999501e-35 1.90123939474312e-32 -2.48880791570679e-32 3.53606272733087e-32
