Paoks:
 1.98867019539757e+00 4.62018741958436e-02 -3.45927337648516e-02 2.37445866003021e-03 1.84516548836466e-01 -1.04343143024627e-08 -9.47537047104143e-09 -2.15373271914813e-01 6.57040263512268e-10 2.51646740248228e-08 5.77658783695523e-02 3.63682687056662e-09 -1.16698623420461e-08 4.49773242362518e-09 -3.83223686528863e-06 6.22471727687787e-03 5.50203155508309e-09 -1.07830111168157e-02 -1.17396926982264e-08 2.05902728849375e-06 -1.24798651904258e-02 9.51825460847034e-10 2.16161711476062e-02 3.89244568301478e-09 -5.23584078309170e-07 -9.86249370688536e-10 -1.00018828238546e-10 -7.65577400743847e-03 1.51913067344686e-10 9.88430787376938e-03 -6.92754555104948e-03 -2.78530458050851e-02 -5.80262803336133e-02 6.16569040305356e-03 -3.83001971823439e-08 1.33219604095325e-08 -1.63619728480322e-02 4.49009748522731e-08 -1.88490653039883e-08 -3.53400823612185e-08 -2.29159165945628e-07 5.14325847503387e-04 1.95641618566564e-08 -8.90726474882006e-04
 4.62018741958436e-02 1.48821708868661e-03 -1.59188580788592e-02 4.59064176229129e-03 1.01617461135407e-02 9.26282811179183e-10 5.30874118091343e-10 -2.27145474719962e-02 -4.30615476032415e-09 -3.10619539872622e-10 7.94105742228441e-03 2.03542515897153e-09 1.13513012400235e-11 -1.70960783795769e-09 -7.72220332608165e-08 4.25899561863304e-04 4.95632650105487e-12 -7.37648666846257e-04 -1.20101500111481e-09 3.60678072134988e-08 1.59020644651494e-04 3.07801420449628e-10 -2.75458163868242e-04 -1.74752548427860e-09 -2.65494164873305e-08 4.47716483459837e-10 -7.07604828733918e-11 -5.34183799835844e-06 9.27130138766029e-11 6.86599584507196e-06 2.00523669765094e-03 -2.18939030935842e-02 7.77468501791186e-06 2.32889592219062e-04 -5.27884287391286e-09 9.38901910630813e-10 -6.41908354566830e-05 1.16539915054311e-08 -1.74814578567492e-09 -4.52061749034888e-10 -2.99908791367702e-09 4.75197484575855e-05 4.06005876782798e-10 -8.23073403509972e-05
 -3.45927337648516e-02 -1.59188580788592e-02 5.51354488006951e-01 -1.65300753219867e-01 -2.17275798320301e-01 -4.24024340146551e-08 -2.71998137989099e-08 6.49078716686438e-01 1.57448392381721e-07 3.21828694919082e-08 -2.41453317326415e-01 -7.11495037459958e-08 -1.00894504965244e-08 6.60222921798864e-08 -3.63681795942392e-07 -1.03574230611131e-02 4.38130992911150e-09 1.79372220766968e-02 3.40277148965781e-08 3.92998108315276e-07 -1.61416855661273e-02 -1.04261910556937e-08 2.79595192439322e-02 6.69020378526576e-08 5.33262993240785e-07 -1.71312021842598e-08 2.49537527894000e-09 -6.15299725384133e-03 -3.25223385908009e-09 7.94520751890761e-03 -7.88087716587230e-02 7.74655645615394e-01 -4.83946636496367e-02 -3.37364818586633e-03 1.60589641739319e-07 -2.31651775365344e-08 -1.12272905153562e-02 -3.87408407790184e-07 4.80689523201933e-08 -1.28297500719755e-08 -8.07249788179317e-08 -1.30503652521974e-03 1.42758886731762e-09 2.26050874564741e-03
 2.37445866003021e-03 4.59064176229129e-03 -1.65300753219867e-01 4.95907594244242e-02 6.44532256808205e-02 1.27653227173023e-08 8.19974823471270e-09 -1.93896248611985e-01 -4.72467751939958e-08 -9.75812710291053e-09 7.22181974900465e-02 2.13345547465541e-08 3.07442863936649e-09 -1.98288242523026e-08 1.24553568934978e-07 3.08280140490944e-03 -1.33680912005988e-09 -5.33885427258072e-03 -1.01631333141397e-08 -1.26212124597377e-07 4.89372936089793e-03 3.12466224394649e-09 -8.47657954074801e-03 -2.00903650577576e-08 -1.57903745557943e-07 5.14437673647034e-09 -7.48362301402398e-10 1.87709346107183e-03 9.75257180775775e-10 -2.42383701305503e-03 2.36753300483003e-02 -2.32331864371684e-01 1.47549408562597e-02 9.87480184114814e-04 -4.80325178238584e-08 6.89733944309543e-09 3.43473839566781e-03 1.16065423673914e-07 -1.43477427156754e-08 3.99197125410544e-09 2.51449116856594e-08 3.89520192845820e-04 -5.07120153186277e-10 -6.74704976288941e-04
 1.84516548836466e-01 1.01617461135407e-02 -2.17275798320301e-01 6.44532256808205e-02 1.00323226882407e-01 1.55833555967335e-08 9.75690409315184e-09 -2.70810431973552e-01 -6.11403980193076e-08 -1.03440757382170e-08 9.88170725972053e-02 2.79671838897505e-08 2.91768497577945e-09 -2.52745853426261e-08 -1.88304368545424e-07 4.56118302877354e-03 -1.22962371120550e-09 -7.89941081897752e-03 -1.42357475065207e-08 2.43731909016273e-08 5.20038423661466e-03 4.13432255320174e-09 -9.00779957418102e-03 -2.56685926940687e-08 -2.52308437862594e-07 6.57370234044679e-09 -9.78504423800441e-10 1.73297070284218e-03 1.27714371730401e-09 -2.23786076457668e-03 3.00354047823787e-02 -3.03488551154083e-01 1.38184143290264e-02 1.84165719111747e-03 -6.57125488502683e-08 1.01498161209980e-08 2.95631104354685e-03 1.54440107827381e-07 -2.03048532019346e-08 1.94660276394098e-09 1.16631980002536e-08 5.51484353662484e-04 1.12809077399155e-09 -9.55235605547277e-04
 -1.04343143024627e-08 9.26282811179183e-10 -4.24024340146551e-08 1.27653227173023e-08 1.55833555967335e-08 3.34731721022699e-15 2.16553671249178e-15 -4.87667469194166e-08 -1.21781651260378e-14 -2.65424565771990e-15 1.82882706561680e-08 5.47727202700510e-15 8.57037399099523e-16 -5.13446025609343e-15 5.33812172418599e-14 7.59798594315317e-10 -3.75029322927650e-16 -1.31581743937449e-09 -2.55362031219991e-15 -4.39592158096220e-14 1.33033271964256e-09 7.99873793895317e-16 -2.30430706178515e-09 -5.19849181160835e-15 -3.77802526534584e-14 1.33107752243550e-15 -1.92281908386125e-16 5.26212474034062e-10 2.50459771163910e-16 -6.79475462512152e-10 6.13912165744069e-09 -5.97123991717956e-08 4.12435244043894e-09 2.20205573941357e-10 -1.21642449031669e-14 1.70330407962678e-15 9.75944312713411e-10 2.96582515580724e-14 -3.59241815054379e-15 1.22494649233855e-15 7.75219851161816e-15 9.75144400078151e-11 -2.39344428832081e-16 -1.68909917818089e-10
 -9.47537047104143e-09 5.30874118091343e-10 -2.71998137989099e-08 8.19974823471270e-09 9.75690409315184e-09 2.16553671249178e-15 1.40478324138636e-15 -3.10377223809022e-08 -7.82666092923016e-15 -1.74068519668410e-15 1.16716596859993e-08 3.51465440670179e-15 5.66992426709498e-16 -3.30569346290991e-15 3.96413517040005e-14 4.79579043187615e-10 -2.48659959154948e-16 -8.30529609252385e-10 -1.62461484011081e-15 -3.11166363477387e-14 8.72262545155337e-10 5.12676728335299e-16 -1.51086993472342e-09 -3.34599727025259e-15 -2.35484101562327e-14 8.56730471798507e-16 -1.23421923551866e-16 3.48811134937037e-10 1.60735000279169e-16 -4.50403008869433e-10 3.95467830839626e-09 -3.83326665161158e-08 2.73115911391765e-09 1.32916278315249e-10 -7.76344802531595e-15 1.07599355610339e-15 6.49938706277696e-10 1.89959833049439e-14 -2.28224776676406e-15 8.36385306490386e-16 5.30081921196629e-15 6.19467741274945e-11 -1.81056859549316e-16 -1.07301512211638e-10
 -2.15373271914813e-01 -2.27145474719962e-02 6.49078716686438e-01 -1.93896248611985e-01 -2.70810431973552e-01 -4.87667469194166e-08 -3.10377223809022e-08 7.79478786088376e-01 1.84428895512497e-07 3.54971343967455e-08 -2.87996231913365e-01 -8.36875954794810e-08 -1.07960982844223e-08 7.69647244783336e-08 -8.92132890152748e-08 -1.26833457185974e-02 4.64997484276486e-09 2.19655633786470e-02 4.09033509947342e-08 2.79461154006205e-07 -1.78164566048890e-02 -1.23003407303271e-08 3.08604948766321e-02 7.80487625849026e-08 6.70871573942557e-07 -1.99863970300589e-08 2.93269409024073e-09 -6.53655733124088e-03 -3.82408878292941e-09 8.44061160462006e-03 -9.17333737451807e-02 9.10134354571961e-01 -5.16038162765044e-02 -4.49507289692886e-03 1.91534629073726e-07 -2.83145236888456e-08 -1.17168158857367e-02 -4.57884814332606e-07 5.79809016476864e-08 -1.19259439649357e-08 -7.44404765107153e-08 -1.57436612476128e-03 -4.72973505484902e-11 2.72701191326577e-03
 6.57040263512268e-10 -4.30615476032415e-09 1.57448392381721e-07 -4.72467751939958e-08 -6.11403980193076e-08 -1.21781651260378e-14 -7.82666092923016e-15 1.84428895512497e-07 4.50178685963973e-14 9.33452255534723e-15 -6.87249663482333e-08 -2.03223045413471e-14 -2.94645884383098e-15 1.88995806981524e-14 -1.24300956080646e-13 -2.92816661383053e-09 1.28179389088628e-15 5.07105049502910e-09 9.66623716159970e-15 1.23278104049732e-13 -4.68108448372956e-09 -2.97579255663442e-15 8.10824992787068e-09 1.91478891745025e-14 1.49682640426574e-13 -4.90302923362202e-15 7.12895567637682e-16 -1.79974059574918e-09 -9.29005674511943e-16 2.32395145723291e-09 -2.25681128466709e-08 2.21325779770793e-07 -1.41437473009092e-08 -9.31823374572582e-10 4.57093366038881e-14 -6.55225373079030e-15 -3.29665149945046e-09 -1.10521653483741e-13 1.36429118506263e-14 -3.85544554010430e-15 -2.42945790637105e-14 -3.70381248701764e-10 5.11906811885346e-16 6.41553808026932e-10
 2.51646740248228e-08 -3.10619539872622e-10 3.21828694919082e-08 -9.75812710291053e-09 -1.03440757382170e-08 -2.65424565771990e-15 -1.74068519668410e-15 3.54971343967455e-08 9.33452255534723e-15 2.25052448520347e-15 -1.35105841381137e-08 -4.16435580667991e-15 -7.57283350217529e-16 3.97199132147860e-15 -7.39820587345725e-14 -5.28280228235623e-10 3.34792662217209e-16 9.14848047075884e-10 1.85478242623626e-15 5.14532959028261e-14 -1.12683629922599e-09 -6.04509162126186e-16 1.95182032188446e-09 4.01581496393546e-15 2.44198187715240e-14 -1.02816235192475e-15 1.46430220356055e-16 -4.69200633241731e-10 -1.90548159491947e-16 6.05847628780700e-10 -4.76257369254851e-09 4.55010309003083e-08 -3.66042323854825e-09 -1.15445054980635e-10 8.98747326434388e-15 -1.18975154529423e-15 -8.88884901598638e-10 -2.23314245485786e-14 2.58914588266212e-15 -1.24349944688687e-15 -7.91715448310841e-15 -7.02579866533284e-11 3.52276825997167e-16 1.21698994323699e-10
 5.77658783695523e-02 7.94105742228441e-03 -2.41453317326415e-01 7.22181974900465e-02 9.88170725972053e-02 1.82882706561680e-08 1.16716596859993e-08 -2.87996231913365e-01 -6.87249663482333e-08 -1.35105841381137e-08 1.06653324292653e-01 3.11405816270636e-08 4.15451202620528e-09 -2.87276234083592e-08 7.65630349251943e-08 4.65539980611858e-03 -1.79476289030282e-09 -8.06239011602516e-03 -1.51077261623307e-08 -1.27403006459849e-07 6.77942899759416e-03 4.57230226737601e-09 -1.17428740975156e-02 -2.91246894653340e-08 -2.44045331264826e-07 7.45800846916320e-09 -1.09158051103492e-09 2.52204421819195e-03 1.42312429439714e-09 -3.25668096824178e-03 3.42578370837699e-02 -3.38797893248093e-01 1.98833677879280e-02 1.60514628575878e-03 -7.09321350452606e-08 1.03992875472163e-08 4.55061121516520e-03 1.70098629494892e-07 -2.13903900071645e-08 4.84307439727467e-09 3.03268394929530e-08 5.80788791446260e-04 -2.03545171738573e-10 -1.00600532298207e-03
 3.63682687056662e-09 2.03542515897153e-09 -7.11495037459958e-08 2.13345547465541e-08 2.79671838897505e-08 5.47727202700510e-15 3.51465440670179e-15 -8.36875954794810e-08 -2.03223045413471e-14 -4.16435580667991e-15 3.11405816270636e-08 9.18182749163965e-15 1.30711547259796e-15 -8.52344013675143e-15 4.85365609600910e-14 1.33425156753609e-09 -5.67791396286286e-16 -2.31068616293527e-09 -4.38710476398014e-15 -5.15820735946900e-14 2.08862116011144e-09 1.34532318864660e-15 -3.61776589474156e-09 -8.63673779856752e-15 -6.86107964650705e-14 2.21155311002581e-15 -3.22039084650504e-16 7.97361788807013e-10 4.19706015013904e-16 -1.02961224258152e-09 1.01748163889459e-08 -9.99740273685340e-08 6.27051303381025e-09 4.32872918687074e-10 -2.07115269039863e-14 2.98440668388947e-15 1.45593151265649e-09 4.99845169296016e-14 -6.19646178152469e-15 1.67066526302102e-15 1.05146818312953e-14 1.68228279724316e-10 -1.92407040721914e-16 -2.91395356861127e-10
 -1.16698623420461e-08 1.13513012400235e-11 -1.00894504965244e-08 3.07442863936649e-09 2.91768497577945e-09 8.57037399099523e-16 5.66992426709498e-16 -1.07960982844223e-08 -2.94645884383098e-15 -7.57283350217529e-16 4.15451202620528e-09 1.30711547259796e-15 2.60825636397131e-16 -1.26167768850548e-15 3.05304695190422e-14 1.55007907121782e-10 -1.15953207416212e-16 -2.68428256220255e-10 -5.63201812903837e-16 -2.00964029112116e-14 3.78946127017447e-10 1.88949373709039e-16 -6.56380777249994e-10 -1.27436965091327e-15 -6.72291208184857e-15 3.26255349625646e-16 -4.60140377500838e-17 1.62401097114200e-10 5.98367884505959e-17 -2.09695720611574e-10 1.51567937381367e-09 -1.43042346907477e-08 1.26376886533658e-09 2.48609532916750e-11 -2.76389051487524e-15 3.50403745435527e-16 3.11148957359186e-10 6.96179081548706e-15 -7.81573813270235e-16 4.58631822328656e-16 2.92782518089701e-15 2.12031253247342e-11 -1.47844456303846e-16 -3.67278113365426e-11
 4.49773242362518e-09 -1.70960783795769e-09 6.60222921798864e-08 -1.98288242523026e-08 -2.52745853426261e-08 -5.13446025609343e-15 -3.30569346290991e-15 7.69647244783336e-08 1.88995806981524e-14 3.97199132147860e-15 -2.87276234083592e-08 -8.52344013675143e-15 -1.26167768850548e-15 7.94346016086202e-15 -6.03164412724797e-14 -1.21600886362759e-09 5.49768809668659e-16 2.10589932565632e-09 4.03289547350622e-15 5.61225627007337e-14 -1.99158099992840e-09 -1.24719615644760e-15 3.44967725587924e-09 8.04641330642275e-15 6.17241639762933e-14 -2.06035110848294e-15 2.99056226103728e-16 -7.71771564306552e-10 -3.89667564218080e-16 9.96562748847529e-10 -9.48864270291095e-09 9.28518800786707e-08 -6.06063478009829e-09 -3.78083272425713e-10 1.91071485992571e-14 -2.72230792150925e-15 -1.41864737898127e-09 -4.63008917758388e-14 5.68718257303569e-15 -1.69351539160882e-15 -1.06851949094605e-14 -1.54391548436962e-10 2.56429261234250e-16 2.67428796986014e-10
 -3.83223686528863e-06 -7.72220332608165e-08 -3.63681795942392e-07 1.24553568934978e-07 -1.88304368545424e-07 5.33812172418599e-14 3.96413517040005e-14 -8.92132890152748e-08 -1.24300956080646e-13 -7.39820587345725e-14 7.65630349251943e-08 4.85365609600910e-14 3.05304695190422e-14 -6.03164412724797e-14 7.72111263136105e-12 -3.98684487047120e-09 -1.41008261777054e-14 6.91014354071813e-09 -3.80596744877075e-15 -4.30288156574260e-12 3.68314344253316e-08 6.29960376033103e-15 -6.37957280646718e-08 -5.98292149108271e-14 5.99404115520527e-13 1.52997968298400e-14 -1.75571906931471e-15 1.96647847380837e-08 2.24640040149823e-15 -2.53899215878217e-08 7.50228086163913e-08 -5.51242458610976e-07 1.50421627229735e-07 -9.32922724062864e-09 -5.11539835899398e-14 -7.75231456468968e-15 4.05251821388549e-08 2.15574344524834e-13 -9.80768959132240e-16 7.86067284075076e-14 5.07788719932022e-13 2.16054761013912e-11 -3.90822159604124e-14 -3.77323029742960e-11
 6.22471727687787e-03 4.25899561863304e-04 -1.03574230611131e-02 3.08280140490944e-03 4.56118302877354e-03 7.59798594315317e-10 4.79579043187615e-10 -1.26833457185974e-02 -2.92816661383053e-09 -5.28280228235623e-10 4.65539980611858e-03 1.33425156753609e-09 1.55007907121782e-10 -1.21600886362759e-09 -3.98684487047120e-09 2.10213735697052e-04 -6.60924766194883e-11 -3.64061102036231e-04 -6.66179353267562e-10 -1.53501676804627e-09 2.65362823803733e-04 1.96695710963418e-10 -4.59644928059391e-04 -1.23407901530526e-09 -1.13930490846822e-08 3.16032557118573e-10 -4.67179757734380e-11 9.30181815061402e-05 6.09482488086838e-11 -1.20115911428040e-04 1.44713781058814e-03 -1.44939958754291e-02 7.37748763663949e-04 8.00846490515593e-05 -3.09595210020242e-09 4.68475160871277e-10 1.63014500722673e-04 7.33542373290429e-09 -9.47429120806100e-10 1.39575378297685e-10 8.59130214375960e-10 2.57292622905439e-05 2.83380374551186e-11 -4.45662929726527e-05
 5.50203155508309e-09 4.95632650105487e-12 4.38130992911150e-09 -1.33680912005988e-09 -1.22962371120550e-09 -3.75029322927650e-16 -2.48659959154948e-16 4.64997484276486e-09 1.28179389088628e-15 3.34792662217209e-16 -1.79476289030282e-09 -5.67791396286286e-16 -1.15953207416212e-16 5.49768809668659e-16 -1.41008261777054e-14 -6.60924766194883e-11 5.16156608720100e-17 1.14452018815133e-10 2.42468003593803e-16 9.18248203851895e-15 -1.67506817976816e-10 -8.19855310502081e-17 2.90142078644351e-10 5.55159950880065e-16 2.81221485459303e-15 -1.42126032000778e-16 1.99938069206546e-17 -7.22808180070375e-11 -2.59953259262344e-17 9.33303043821350e-11 -6.60775013688076e-10 6.21610363785559e-09 -5.62141331268752e-10 -9.49368364076909e-12 1.19403764437795e-15 -1.49566082582385e-16 -1.38847683151548e-10 -3.01863038143935e-15 3.35933202710389e-16 -2.07063983410476e-16 -1.32262131497623e-15 -9.11281300792215e-12 6.84990860615386e-17 1.57851496960125e-11
 -1.07830111168157e-02 -7.37648666846257e-04 1.79372220766968e-02 -5.33885427258072e-03 -7.89941081897752e-03 -1.31581743937449e-09 -8.30529609252385e-10 2.19655633786470e-02 5.07105049502910e-09 9.14848047075884e-10 -8.06239011602516e-03 -2.31068616293527e-09 -2.68428256220255e-10 2.10589932565632e-09 6.91014354071813e-09 -3.64061102036231e-04 1.14452018815133e-10 6.30503455932603e-04 1.15371867400523e-09 2.65533168387056e-09 -4.59541685290709e-04 -3.40642564705310e-10 7.95989438578470e-04 2.13719443149645e-09 1.97314592581454e-08 -5.47309395989248e-10 8.09071759936574e-11 -1.61079259873440e-04 -1.05551494649599e-10 2.08004306626163e-04 -2.50616899682199e-03 2.51010031305997e-02 -1.27756092996198e-03 -1.38701128566785e-04 5.36168188740461e-09 -8.11333341866147e-10 -2.82287295893346e-04 -1.27036846432085e-08 1.64080255537993e-09 -2.41667002948693e-10 -1.48751901408397e-09 -4.45591567774628e-05 -4.91051865273609e-11 7.71820197344578e-05
 -1.17396926982264e-08 -1.20101500111481e-09 3.40277148965781e-08 -1.01631333141397e-08 -1.42357475065207e-08 -2.55362031219991e-15 -1.62461484011081e-15 4.09033509947342e-08 9.66623716159970e-15 1.85478242623626e-15 -1.51077261623307e-08 -4.38710476398014e-15 -5.63201812903837e-16 4.03289547350622e-15 -3.80596744877075e-15 -6.66179353267562e-10 2.42468003593803e-16 1.15371867400523e-09 2.14651333739641e-15 1.41798637268792e-14 -9.30972730509765e-10 -6.44908130501430e-16 1.61256990483344e-09 4.08985006249039e-15 3.52809360935419e-14 -1.04731389291714e-15 1.53732642062177e-16 -3.40859673160513e-10 -2.00464679503622e-16 4.40150105461824e-10 -4.80640627609876e-09 4.77087732523464e-08 -2.69151481942545e-09 -2.36997801722504e-10 1.00475100752852e-14 -1.48706013907185e-15 -6.10393837423918e-10 -2.40090974102990e-14 3.04320493838098e-15 -6.17046692238602e-16 -3.84959452558296e-15 -8.26332760332387e-11 -6.92008786102755e-18 1.43131809965115e-10
 2.05902728849375e-06 3.60678072134988e-08 3.92998108315276e-07 -1.26212124597377e-07 2.43731909016273e-08 -4.39592158096220e-14 -3.11166363477387e-14 2.79461154006205e-07 1.23278104049732e-13 5.14532959028261e-14 -1.27403006459849e-07 -5.15820735946900e-14 -2.00964029112116e-14 5.61225627007337e-14 -4.30288156574260e-12 -1.53501676804627e-09 9.18248203851895e-15 2.65533168387056e-09 1.41798637268792e-14 2.46574758025582e-12 -2.56582881032649e-08 -7.11941472522154e-15 4.44429012437395e-08 5.61726315150344e-14 -1.34001954116345e-13 -1.43728098967944e-14 1.83798086530189e-15 -1.28210224275595e-08 -2.37283599955158e-15 1.65539923300708e-08 -6.86267691421434e-08 5.73929235251015e-07 -9.85450391774991e-08 3.84061804616644e-09 8.48607462219446e-14 -4.06264328588723e-15 -2.59039830004405e-08 -2.54537558348233e-13 1.76551540667605e-14 -4.70582218467521e-14 -3.03222491303617e-13 -4.76610131348192e-10 2.16328085157193e-14 8.25723259944092e-10
 -1.24798651904258e-02 1.59020644651494e-04 -1.61416855661273e-02 4.89372936089793e-03 5.20038423661466e-03 1.33033271964256e-09 8.72262545155337e-10 -1.78164566048890e-02 -4.68108448372956e-09 -1.12683629922599e-09 6.77942899759416e-03 2.08862116011144e-09 3.78946127017447e-10 -1.99158099992840e-09 3.68314344253316e-08 2.65362823803733e-04 -1.67506817976816e-10 -4.59541685290709e-04 -9.30972730509765e-10 -2.56582881032649e-08 5.64214723470994e-04 3.03219713857558e-10 -9.77289961189801e-04 -2.01360050463195e-09 -1.22830161826337e-08 5.15539477269618e-10 -7.34397133139421e-11 2.34759038051115e-04 9.55678838653624e-11 -3.03128837133465e-04 2.38787596083575e-03 -2.28200806555591e-02 1.83156939380757e-03 5.83276873154893e-05 -4.50978402482682e-09 5.97580454152390e-10 4.44612445531305e-04 1.12020505982378e-08 -1.29974558816011e-09 6.21111892287005e-10 3.95422407681709e-09 3.52695562397601e-05 -1.75285896970825e-10 -6.10929641562331e-05
 9.51825460847034e-10 3.07801420449628e-10 -1.04261910556937e-08 3.12466224394649e-09 4.13432255320174e-09 7.99873793895317e-16 5.12676728335299e-16 -1.23003407303271e-08 -2.97579255663442e-15 -6.04509162126186e-16 4.57230226737601e-09 1.34532318864660e-15 1.88949373709039e-16 -1.24719615644760e-15 6.29960376033103e-15 1.96695710963418e-10 -8.19855310502081e-17 -3.40642564705310e-10 -6.44908130501430e-16 -7.11941472522154e-15 3.03219713857558e-10 1.97205347342454e-16 -5.25216454472334e-10 -1.26391470072358e-15 -1.01575225513966e-14 3.23644598836257e-16 -4.71794250907863e-17 1.15148998356801e-10 6.14923879972459e-17 -1.48689157102704e-10 1.48850596984724e-09 -1.46457380884739e-08 9.05999827628047e-10 6.46883579164835e-11 -3.04100213561579e-15 4.39835242908793e-16 2.09752290292763e-10 7.32903360358130e-15 -9.11363219612274e-16 2.37196138653229e-16 1.49142285322038e-15 2.47432255301708e-11 -2.40508445890507e-17 -4.28587595315022e-11
 2.16161711476062e-02 -2.75458163868242e-04 2.79595192439322e-02 -8.47657954074801e-03 -9.00779957418102e-03 -2.30430706178515e-09 -1.51086993472342e-09 3.08604948766321e-02 8.10824992787068e-09 1.95182032188446e-09 -1.17428740975156e-02 -3.61776589474156e-09 -6.56380777249994e-10 3.44967725587924e-09 -6.37957280646718e-08 -4.59644928059391e-04 2.90142078644351e-10 7.95989438578470e-04 1.61256990483344e-09 4.44429012437395e-08 -9.77289961189801e-04 -5.25216454472334e-10 1.69278756578831e-03 3.48781809435972e-09 2.12759437562318e-08 -8.92981462397425e-10 1.27207211179744e-10 -4.06631078264112e-04 -1.65536109925625e-10 5.25055848733552e-04 -4.13611120555759e-03 3.95273703863528e-02 -3.17250045673139e-03 -1.01032995733928e-04 7.81154663265357e-09 -1.03509137595619e-09 -7.70122039579337e-04 -1.94034289321209e-08 2.25133478759037e-09 -1.07583655271677e-09 -6.84916532479553e-09 -6.10916326381328e-05 3.03612313488749e-10 1.05821261141425e-04
 3.89244568301478e-09 -1.74752548427860e-09 6.69020378526576e-08 -2.00903650577576e-08 -2.56685926940687e-08 -5.19849181160835e-15 -3.34599727025259e-15 7.80487625849026e-08 1.91478891745025e-14 4.01581496393546e-15 -2.91246894653340e-08 -8.63673779856752e-15 -1.27436965091327e-15 8.04641330642275e-15 -5.98292149108271e-14 -1.23407901530526e-09 5.55159950880065e-16 2.13719443149645e-09 4.08985006249039e-15 5.61726315150344e-14 -2.01360050463195e-09 -1.26391470072358e-15 3.48781809435972e-09 8.15092250917716e-15 6.27107657542450e-14 -2.08711504916709e-15 3.03022209084082e-16 -7.79362440664941e-10 -3.94842417470040e-16 1.00636503954139e-09 -9.61110305615651e-09 9.40821809343582e-08 -6.12094457849165e-09 -3.85115047132224e-10 1.93712025204031e-14 -2.76255703636148e-15 -1.43183580657772e-09 -4.69247466557901e-14 5.76826620885746e-15 -1.70397756469823e-15 -1.07491403620820e-14 -1.56593625775674e-10 2.53264733541955e-16 2.71243063888780e-10
 -5.23584078309170e-07 -2.65494164873305e-08 5.33262993240785e-07 -1.57903745557943e-07 -2.52308437862594e-07 -3.77802526534584e-14 -2.35484101562327e-14 6.70871573942557e-07 1.49682640426574e-13 2.44198187715240e-14 -2.44045331264826e-07 -6.86107964650705e-14 -6.72291208184857e-15 6.17241639762933e-14 5.99404115520527e-13 -1.13930490846822e-08 2.81221485459303e-15 1.97314592581454e-08 3.52809360935419e-14 -1.34001954116345e-13 -1.22830161826337e-08 -1.01575225513966e-14 2.12759437562318e-08 6.27107657542450e-14 6.36693367611059e-13 -1.60605505681901e-14 2.39954385247818e-15 -3.96695225519241e-09 -3.13265532409310e-15 5.12276829839016e-09 -7.32936426002040e-08 7.44117413622499e-07 -3.17407981653147e-08 -4.73197741066504e-09 1.62284056618385e-13 -2.53333730787296e-14 -6.64812436524609e-09 -3.79777685070004e-13 5.03981672414439e-14 -3.49075299392319e-15 -2.02864010867350e-14 -1.36891143778384e-09 -3.46839295406870e-15 2.37110994438453e-09
 -9.86249370688536e-10 4.47716483459837e-10 -1.71312021842598e-08 5.14437673647034e-09 6.57370234044679e-09 1.33107752243550e-15 8.56730471798507e-16 -1.99863970300589e-08 -4.90302923362202e-15 -1.02816235192475e-15 7.45800846916320e-09 2.21155311002581e-15 3.26255349625646e-16 -2.06035110848294e-15 1.52997968298400e-14 3.16032557118573e-10 -1.42126032000778e-16 -5.47309395989248e-10 -1.04731389291714e-15 -1.43728098967944e-14 5.15539477269618e-10 3.23644598836257e-16 -8.92981462397425e-10 -2.08711504916709e-15 -1.60605505681901e-14 5.34424130663375e-16 -7.75927754453277e-17 1.99524281693232e-10 1.01104646811280e-16 -2.57639137649916e-10 2.46099476773451e-09 -2.40909485202184e-08 1.56703173421088e-09 9.86454607660912e-11 -4.96041594389855e-15 7.07453882705050e-16 3.66551664151866e-10 1.20158459611585e-14 -1.47712862802839e-15 4.36136851418804e-16 2.75123368250952e-15 4.01002656157346e-11 -6.47484314118963e-17 -6.94595244336535e-11
 -1.00018828238546e-10 -7.07604828733918e-11 2.49537527894000e-09 -7.48362301402398e-10 -9.78504423800441e-10 -1.92281908386125e-16 -1.23421923551866e-16 2.93269409024073e-09 7.12895567637682e-16 1.46430220356055e-16 -1.09158051103492e-09 -3.22039084650504e-16 -4.60140377500838e-17 2.99056226103728e-16 -1.75571906931471e-15 -4.67179757734380e-11 1.99938069206546e-17 8.09071759936574e-11 1.53732642062177e-16 1.83798086530189e-15 -7.34397133139421e-11 -4.71794250907863e-17 1.27207211179744e-10 3.03022209084082e-16 2.39954385247818e-15 -7.75927754453277e-17 1.12954284828318e-17 -2.80767555106008e-11 -1.47207692650317e-17 3.62547544170226e-11 -3.57018551941058e-10 3.50660462146977e-09 -2.20767516364431e-10 -1.50993169369052e-11 7.26009265605212e-16 -1.04505446648727e-16 -5.12993778301300e-11 -1.75278550658164e-15 2.17104591026445e-16 -5.90950109141201e-17 -3.72020214695449e-16 -5.89415551705474e-12 7.02055512958093e-18 1.02095196135674e-11
 -7.65577400743847e-03 -5.34183799835844e-06 -6.15299725384133e-03 1.87709346107183e-03 1.73297070284218e-03 5.26212474034062e-10 3.48811134937037e-10 -6.53655733124088e-03 -1.79974059574918e-09 -4.69200633241731e-10 2.52204421819195e-03 7.97361788807013e-10 1.62401097114200e-10 -7.71771564306552e-10 1.96647847380837e-08 9.30181815061402e-05 -7.22808180070375e-11 -1.61079259873440e-04 -3.40859673160513e-10 -1.28210224275595e-08 2.34759038051115e-04 1.15148998356801e-10 -4.06631078264112e-04 -7.79362440664941e-10 -3.96695225519241e-09 1.99524281693232e-10 -2.80767555106008e-11 1.01221320246641e-04 3.65052899267008e-11 -1.30698840087166e-04 9.27550040455935e-04 -8.72899058338949e-03 7.87269988157126e-04 1.35458915868584e-05 -1.67788599380996e-09 2.10471706599537e-10 1.94382922745076e-04 4.24002315649669e-09 -4.72342793808162e-10 2.89500917828131e-10 1.84906740937367e-09 1.28132822712333e-05 -9.54945387651499e-11 -2.21950696814673e-05
 1.51913067344686e-10 9.27130138766029e-11 -3.25223385908009e-09 9.75257180775775e-10 1.27714371730401e-09 2.50459771163910e-16 1.60735000279169e-16 -3.82408878292941e-09 -9.29005674511943e-16 -1.90548159491947e-16 1.42312429439714e-09 4.19706015013904e-16 5.98367884505959e-17 -3.89667564218080e-16 2.24640040149823e-15 6.09482488086838e-11 -2.59953259262344e-17 -1.05551494649599e-10 -2.00464679503622e-16 -2.37283599955158e-15 9.55678838653624e-11 6.14923879972459e-17 -1.65536109925625e-10 -3.94842417470040e-16 -3.13265532409310e-15 1.01104646811280e-16 -1.47207692650317e-17 3.65052899267008e-11 1.91850791959041e-17 -4.71383078013228e-11 4.65175049782994e-10 -4.56994843935098e-09 2.87064630576221e-10 1.97436226868051e-11 -9.46517452741514e-16 1.36331221029835e-16 6.66735011242674e-11 2.28463675544016e-15 -2.83125218982116e-16 7.66265377989963e-17 4.82313757220180e-16 7.68657250857791e-12 -8.93663313566846e-18 -1.33142402451159e-11
 9.88430787376938e-03 6.86599584507196e-06 7.94520751890761e-03 -2.42383701305503e-03 -2.23786076457668e-03 -6.79475462512152e-10 -4.50403008869433e-10 8.44061160462006e-03 2.32395145723291e-09 6.05847628780700e-10 -3.25668096824178e-03 -1.02961224258152e-09 -2.09695720611574e-10 9.96562748847529e-10 -2.53899215878217e-08 -1.20115911428040e-04 9.33303043821350e-11 2.08004306626163e-04 4.40150105461824e-10 1.65539923300708e-08 -3.03128837133465e-04 -1.48689157102704e-10 5.25055848733552e-04 1.00636503954139e-09 5.12276829839016e-09 -2.57639137649916e-10 3.62547544170226e-11 -1.30698840087166e-04 -4.71383078013228e-11 1.68760759353269e-04 -1.19771322663895e-03 1.12715070373203e-02 -1.01653860742792e-03 -1.74956486349876e-05 2.16663098799124e-09 -2.71785060605704e-10 -2.50989682418312e-04 -5.47504761814543e-09 6.09935265610104e-10 -3.73799695231513e-10 -2.38748862988603e-09 -1.65457667691457e-05 1.23295829668680e-10 2.86604506927058e-05
 -6.92754555104948e-03 2.00523669765094e-03 -7.88087716587230e-02 2.36753300483003e-02 3.00354047823787e-02 6.13912165744069e-09 3.95467830839626e-09 -9.17333737451807e-02 -2.25681128466709e-08 -4.76257369254851e-09 3.42578370837699e-02 1.01748163889459e-08 1.51567937381367e-09 -9.48864270291095e-09 7.50228086163913e-08 1.44713781058814e-03 -6.60775013688076e-10 -2.50616899682199e-03 -4.80640627609876e-09 -6.86267691421434e-08 2.38787596083575e-03 1.48850596984724e-09 -4.13611120555759e-03 -9.61110305615651e-09 -7.32936426002040e-08 2.46099476773451e-09 -3.57018551941058e-10 9.27550040455935e-04 4.65175049782994e-10 -1.19771322663895e-03 1.13356154810164e-02 -1.10850704110082e-01 7.28230644860010e-03 4.46634401904090e-04 -2.27854664221439e-08 3.24022205307747e-09 1.70678700901453e-03 5.52517851348170e-08 -6.77619048270981e-09 2.04985885964111e-09 1.29383751046231e-08 1.83953098099389e-04 -3.21513329381313e-10 -3.18633861248997e-04
 -2.78530458050851e-02 -2.18939030935842e-02 7.74655645615394e-01 -2.32331864371684e-01 -3.03488551154083e-01 -5.97123991717956e-08 -3.83326665161158e-08 9.10134354571961e-01 2.21325779770793e-07 4.55010309003083e-08 -3.38797893248093e-01 -9.99740273685340e-08 -1.43042346907477e-08 9.28518800786707e-08 -5.51242458610976e-07 -1.44939958754291e-02 6.21610363785559e-09 2.51010031305997e-02 4.77087732523464e-08 5.73929235251015e-07 -2.28200806555591e-02 -1.46457380884739e-08 3.95273703863528e-02 9.40821809343582e-08 7.44117413622499e-07 -2.40909485202184e-08 3.50660462146977e-09 -8.72899058338949e-03 -4.56994843935098e-09 1.12715070373203e-02 -1.10850704110082e-01 1.08861156336952e+00 -6.86325570997320e-02 -4.67779902822910e-03 2.25334382198520e-07 -3.24232108182768e-08 -1.59526622205975e-02 -5.44095514323714e-07 6.73717192122118e-08 -1.84034107336763e-08 -1.15865551865898e-07 -1.82906534938439e-03 2.21106135678708e-09 3.16820280972968e-03
 -5.80262803336133e-02 7.77468501791186e-06 -4.83946636496367e-02 1.47549408562597e-02 1.38184143290264e-02 4.12435244043894e-09 2.73115911391765e-09 -5.16038162765044e-02 -1.41437473009092e-08 -3.66042323854825e-09 1.98833677879280e-02 6.27051303381025e-09 1.26376886533658e-09 -6.06063478009829e-09 1.50421627229735e-07 7.37748763663949e-04 -5.62141331268752e-10 -1.27756092996198e-03 -2.69151481942545e-09 -9.85450391774991e-08 1.83156939380757e-03 9.05999827628047e-10 -3.17250045673139e-03 -6.12094457849165e-09 -3.17407981653147e-08 1.56703173421088e-09 -2.20767516364431e-10 7.87269988157126e-04 2.87064630576221e-10 -1.01653860742792e-03 7.28230644860010e-03 -6.86325570997320e-02 6.12479190618253e-03 1.13099505440414e-04 -1.32280270654469e-08 1.66847854408508e-09 1.51006608595158e-03 3.33713896408984e-08 -3.73251854251455e-09 2.23717546848518e-09 1.42853296443939e-08 1.01255578054234e-04 -7.29437552277763e-10 -1.75393939856062e-04
 6.16569040305356e-03 2.32889592219062e-04 -3.37364818586633e-03 9.87480184114814e-04 1.84165719111747e-03 2.20205573941357e-10 1.32916278315249e-10 -4.49507289692886e-03 -9.31823374572582e-10 -1.15445054980635e-10 1.60514628575878e-03 4.32872918687074e-10 2.48609532916750e-11 -3.78083272425713e-10 -9.32922724062864e-09 8.00846490515593e-05 -9.49368364076909e-12 -1.38701128566785e-04 -2.36997801722504e-10 3.84061804616644e-09 5.83276873154893e-05 6.46883579164835e-11 -1.01032995733928e-04 -3.85115047132224e-10 -4.73197741066504e-09 9.86454607660912e-11 -1.50993169369052e-11 1.35458915868584e-05 1.97436226868051e-11 -1.74956486349876e-05 4.46634401904090e-04 -4.67779902822910e-03 1.13099505440414e-04 3.84884585452929e-05 -1.06721776832979e-09 1.77316860999089e-10 1.75458421569387e-05 2.43221541326196e-09 -3.41581891760361e-10 -2.98323240629715e-11 -2.08083207056022e-10 9.28145171722645e-06 5.01718282423263e-11 -1.60763169977104e-05
 -3.83001971823439e-08 -5.27884287391286e-09 1.60589641739319e-07 -4.80325178238584e-08 -6.57125488502683e-08 -1.21642449031669e-14 -7.76344802531595e-15 1.91534629073726e-07 4.57093366038881e-14 8.98747326434388e-15 -7.09321350452606e-08 -2.07115269039863e-14 -2.76389051487524e-15 1.91071485992571e-14 -5.11539835899398e-14 -3.09595210020242e-09 1.19403764437795e-15 5.36168188740461e-09 1.00475100752852e-14 8.48607462219446e-14 -4.50978402482682e-09 -3.04100213561579e-15 7.81154663265357e-09 1.93712025204031e-14 1.62284056618385e-13 -4.96041594389855e-15 7.26009265605212e-16 -1.67788599380996e-09 -9.46517452741514e-16 2.16663098799124e-09 -2.27854664221439e-08 2.25334382198520e-07 -1.32280270654469e-08 -1.06721776832979e-09 4.71749809730965e-14 -6.91580990294497e-15 -3.02762144575215e-09 -1.13130681921193e-13 1.42257096544123e-14 -3.22328676872405e-15 -2.01843691488838e-14 -3.86254268094357e-10 1.36560948265763e-16 6.69045031384491e-10
 1.33219604095325e-08 9.38901910630813e-10 -2.31651775365344e-08 6.89733944309543e-09 1.01498161209980e-08 1.70330407962678e-15 1.07599355610339e-15 -2.83145236888456e-08 -6.55225373079030e-15 -1.18975154529423e-15 1.03992875472163e-08 2.98440668388947e-15 3.50403745435527e-16 -2.72230792150925e-15 -7.75231456468968e-15 4.68475160871277e-10 -1.49566082582385e-16 -8.11333341866147e-10 -1.48706013907185e-15 -4.06264328588723e-15 5.97580454152390e-10 4.39835242908793e-16 -1.03509137595619e-09 -2.76255703636148e-15 -2.53333730787296e-14 7.07453882705050e-16 -1.04505446648727e-16 2.10471706599537e-10 1.36331221029835e-16 -2.71785060605704e-10 3.24022205307747e-09 -3.24232108182768e-08 1.66847854408508e-09 1.77316860999089e-10 -6.91580990294497e-15 1.04419555576535e-15 3.69750115349161e-10 1.64000210024452e-14 -2.11421545383063e-15 3.23090168965897e-16 1.99226779609951e-15 5.74148470638913e-11 5.74430226935510e-17 -9.94497255238439e-11
 -1.63619728480322e-02 -6.41908354566830e-05 -1.12272905153562e-02 3.43473839566781e-03 2.95631104354685e-03 9.75944312713411e-10 6.49938706277696e-10 -1.17168158857367e-02 -3.29665149945046e-09 -8.88884901598638e-10 4.55061121516520e-03 1.45593151265649e-09 3.11148957359186e-10 -1.41864737898127e-09 4.05251821388549e-08 1.63014500722673e-04 -1.38847683151548e-10 -2.82287295893346e-04 -6.10393837423918e-10 -2.59039830004405e-08 4.44612445531305e-04 2.09752290292763e-10 -7.70122039579337e-04 -1.43183580657772e-09 -6.64812436524609e-09 3.66551664151866e-10 -5.12993778301300e-11 1.94382922745076e-04 6.66735011242674e-11 -2.50989682418312e-04 1.70678700901453e-03 -1.59526622205975e-02 1.51006608595158e-03 1.75458421569387e-05 -3.02762144575215e-09 3.69750115349161e-10 3.75243029212419e-04 7.71190824382204e-09 -8.42807666265871e-10 5.71782307329282e-10 3.65607290748622e-09 2.28593741359727e-05 -1.97918992688696e-10 -3.95970509361156e-05
 4.49009748522731e-08 1.16539915054311e-08 -3.87408407790184e-07 1.16065423673914e-07 1.54440107827381e-07 2.96582515580724e-14 1.89959833049439e-14 -4.57884814332606e-07 -1.10521653483741e-13 -2.23314245485786e-14 1.70098629494892e-07 4.99845169296016e-14 6.96179081548706e-15 -4.63008917758388e-14 2.15574344524834e-13 7.33542373290429e-09 -3.01863038143935e-15 -1.27036846432085e-08 -2.40090974102990e-14 -2.54537558348233e-13 1.12020505982378e-08 7.32903360358130e-15 -1.94034289321209e-08 -4.69247466557901e-14 -3.79777685070004e-13 1.20158459611585e-14 -1.75278550658164e-15 4.24002315649669e-09 2.28463675544016e-15 -5.47504761814543e-09 5.52517851348170e-08 -5.44095514323714e-07 3.33713896408984e-08 2.43221541326196e-09 -1.13130681921193e-13 1.64000210024452e-14 7.71190824382204e-09 2.72425446022794e-13 -3.39397230585377e-14 8.64008186487550e-15 5.42930390218054e-14 9.21465221174860e-10 -7.99339015090237e-16 -1.59610708198882e-09
 -1.88490653039883e-08 -1.74814578567492e-09 4.80689523201933e-08 -1.43477427156754e-08 -2.03048532019346e-08 -3.59241815054379e-15 -2.28224776676406e-15 5.79809016476864e-08 1.36429118506263e-14 2.58914588266212e-15 -2.13903900071645e-08 -6.19646178152469e-15 -7.81573813270235e-16 5.68718257303569e-15 -9.80768959132240e-16 -9.47429120806100e-10 3.35933202710389e-16 1.64080255537993e-09 3.04320493838098e-15 1.76551540667605e-14 -1.29974558816011e-09 -9.11363219612274e-16 2.25133478759037e-09 5.76826620885746e-15 5.03981672414439e-14 -1.47712862802839e-15 2.17104591026445e-16 -4.72342793808162e-10 -2.83125218982116e-16 6.09935265610104e-10 -6.77619048270981e-09 6.73717192122118e-08 -3.73251854251455e-09 -3.41581891760361e-10 1.42257096544123e-14 -2.11421545383063e-15 -8.42807666265871e-10 -3.39397230585377e-14 4.31701033974536e-15 -8.30451474432005e-16 -5.17102373683372e-15 -1.17224264398353e-10 -3.21856214973063e-17 2.03047819703612e-10
 -3.53400823612185e-08 -4.52061749034888e-10 -1.28297500719755e-08 3.99197125410544e-09 1.94660276394098e-09 1.22494649233855e-15 8.36385306490386e-16 -1.19259439649357e-08 -3.85544554010430e-15 -1.24349944688687e-15 4.84307439727467e-09 1.67066526302102e-15 4.58631822328656e-16 -1.69351539160882e-15 7.86067284075076e-14 1.39575378297685e-10 -2.07063983410476e-16 -2.41667002948693e-10 -6.17046692238602e-16 -4.70582218467521e-14 6.21111892287005e-10 2.37196138653229e-16 -1.07583655271677e-09 -1.70397756469823e-15 -3.49075299392319e-15 4.36136851418804e-16 -5.90950109141201e-17 2.89500917828131e-10 7.66265377989963e-17 -3.73799695231513e-10 2.04985885964111e-09 -1.84034107336763e-08 2.23717546848518e-09 -2.98323240629715e-11 -3.22328676872405e-15 3.23090168965897e-16 5.71782307329282e-10 8.64008186487550e-15 -8.30451474432005e-16 9.56213275243792e-16 6.14021540392086e-15 2.24990604060880e-11 -3.90825601181687e-16 -3.89744633455738e-11
 -2.29159165945628e-07 -2.99908791367702e-09 -8.07249788179317e-08 2.51449116856594e-08 1.16631980002536e-08 7.75219851161816e-15 5.30081921196629e-15 -7.44404765107153e-08 -2.42945790637105e-14 -7.91715448310841e-15 3.03268394929530e-08 1.05146818312953e-14 2.92782518089701e-15 -1.06851949094605e-14 5.07788719932022e-13 8.59130214375960e-10 -1.32262131497623e-15 -1.48751901408397e-09 -3.84959452558296e-15 -3.03222491303617e-13 3.95422407681709e-09 1.49142285322038e-15 -6.84916532479553e-09 -1.07491403620820e-14 -2.02864010867350e-14 2.75123368250952e-15 -3.72020214695449e-16 1.84906740937367e-09 4.82313757220180e-16 -2.38748862988603e-09 1.29383751046231e-08 -1.15865551865898e-07 1.42853296443939e-08 -2.08083207056022e-10 -2.01843691488838e-14 1.99226779609951e-15 3.65607290748622e-09 5.42930390218054e-14 -5.17102373683372e-15 6.14021540392086e-15 3.94359637257124e-14 1.40084367174723e-10 -2.52634585112699e-15 -2.42664780662122e-10
 5.14325847503387e-04 4.75197484575855e-05 -1.30503652521974e-03 3.89520192845820e-04 5.51484353662484e-04 9.75144400078151e-11 6.19467741274945e-11 -1.57436612476128e-03 -3.70381248701764e-10 -7.02579866533284e-11 5.80788791446260e-04 1.68228279724316e-10 2.12031253247342e-11 -1.54391548436962e-10 2.16054761013912e-11 2.57292622905439e-05 -9.11281300792215e-12 -4.45591567774628e-05 -8.26332760332387e-11 -4.76610131348192e-10 3.52695562397601e-05 2.47432255301708e-11 -6.10916326381328e-05 -1.56593625775674e-10 -1.36891143778384e-09 4.01002656157346e-11 -5.89415551705474e-12 1.28132822712333e-05 7.68657250857791e-12 -1.65457667691457e-05 1.83953098099389e-04 -1.82906534938439e-03 1.01255578054234e-04 9.28145171722645e-06 -3.86254268094357e-10 5.74148470638913e-11 2.28593741359727e-05 9.21465221174860e-10 -1.17224264398353e-10 2.24990604060880e-11 1.40084367174723e-10 3.18311544527751e-06 8.99417200636175e-13 -5.51357375353478e-06
 1.95641618566564e-08 4.06005876782798e-10 1.42758886731762e-09 -5.07120153186277e-10 1.12809077399155e-09 -2.39344428832081e-16 -1.81056859549316e-16 -4.72973505484902e-11 5.11906811885346e-16 3.52276825997167e-16 -2.03545171738573e-10 -1.92407040721914e-16 -1.47844456303846e-16 2.56429261234250e-16 -3.90822159604124e-14 2.83380374551186e-11 6.84990860615386e-17 -4.91051865273609e-11 -6.92008786102755e-18 2.16328085157193e-14 -1.75285896970825e-10 -2.40508445890507e-17 3.03612313488749e-10 2.53264733541955e-16 -3.46839295406870e-15 -6.47484314118963e-17 7.02055512958093e-18 -9.54945387651499e-11 -8.93663313566846e-18 1.23295829668680e-10 -3.21513329381313e-10 2.21106135678708e-09 -7.29437552277763e-10 5.01718282423263e-11 1.36560948265763e-16 5.74430226935510e-17 -1.97918992688696e-10 -7.99339015090237e-16 -3.21856214973063e-17 -3.90825601181687e-16 -2.52634585112699e-15 8.99417200636175e-13 1.98143472849980e-16 -1.55634539647668e-12
 -8.90726474882006e-04 -8.23073403509972e-05 2.26050874564741e-03 -6.74704976288941e-04 -9.55235605547277e-04 -1.68909917818089e-10 -1.07301512211638e-10 2.72701191326577e-03 6.41553808026932e-10 1.21698994323699e-10 -1.00600532298207e-03 -2.91395356861127e-10 -3.67278113365426e-11 2.67428796986014e-10 -3.77323029742960e-11 -4.45662929726527e-05 1.57851496960125e-11 7.71820197344578e-05 1.43131809965115e-10 8.25723259944092e-10 -6.10929641562331e-05 -4.28587595315022e-11 1.05821261141425e-04 2.71243063888780e-10 2.37110994438453e-09 -6.94595244336535e-11 1.02095196135674e-11 -2.21950696814673e-05 -1.33142402451159e-11 2.86604506927058e-05 -3.18633861248997e-04 3.16820280972968e-03 -1.75393939856062e-04 -1.60763169977104e-05 6.69045031384491e-10 -9.94497255238439e-11 -3.95970509361156e-05 -1.59610708198882e-09 2.03047819703612e-10 -3.89744633455738e-11 -2.42664780662122e-10 -5.51357375353478e-06 -1.55634539647668e-12 9.55023344191832e-06
