Paoks:
 1.99127332869704e+00 6.35493123435568e-03 -3.16678476388617e-02 3.77087470230055e-03 -3.60819832844129e-07 2.49777695976802e-07 5.70006375712154e-03 1.35531796608189e-06 -1.20547025826694e-06 -9.28690844492037e-03 2.17465799901726e-07 -1.40943692727222e-07 1.68104105871235e-03 1.25757306117436e-07 1.99851551473265e-07 1.30017718025120e-03 -1.29862968081466e-07 9.03764130235049e-08 -7.63764677019308e-08 -1.18669027452097e-07 -2.17068168375372e-03 1.46485038993265e-07 -5.43345321767832e-08 -5.20559449956168e-09 3.14209902001205e-07 -1.30749054979410e-08 1.17001931788573e-03 -9.76774198689613e-09 1.54391366942495e-07 -7.84533337214861e-10 -8.15218231085125e-04 4.09349347099588e-03 -3.28632597432099e-03 6.75911338306315e-08 -4.69804689321678e-08 1.75426815109951e-03 1.39723978468573e-07 -1.13842397448017e-07 -3.66207849144383e-04 6.96189746516892e-08 -1.01192091429750e-07 1.95423118512793e-04 1.34991764139474e-07 3.70009250946469e-08
 6.35493123435568e-03 2.26177409636135e-04 1.66464779931214e-02 8.79476382915779e-04 2.48531088322810e-08 -3.15027633651063e-08 -1.55687710764999e-04 -1.44047444140417e-06 1.58962656439142e-06 9.89733519753502e-03 -4.49062139700252e-08 5.58786742264189e-08 2.04466600582840e-04 -2.70316578101574e-09 -9.20598760534434e-09 -4.84269647828303e-05 4.40841979155667e-09 -2.46072833201453e-09 4.94369326333546e-09 -1.71074781260366e-08 -2.53430720078721e-04 1.29933816619481e-08 3.94165648481446e-09 -3.02374067852541e-10 -1.31085977041960e-09 7.64605549443744e-09 3.68073232558584e-05 -2.74248911128436e-09 -8.80616536265210e-10 2.57505500100191e-10 4.94897907542073e-04 -4.28550905719197e-03 1.77814800739780e-03 -1.71125898381902e-08 2.09987616670253e-08 9.23262444236258e-05 -6.76730216702815e-08 6.43268930933341e-08 4.81425383193627e-04 -3.27128902258419e-09 8.84934665027963e-09 1.47557297287292e-04 -9.86165154500726e-09 -1.60375157108179e-09
 -3.16678476388617e-02 1.66464779931214e-02 1.77505331532320e+00 -5.10952124282286e-02 -1.29014068378406e-06 9.98982134140332e-07 -2.77518010558521e-03 4.13241112465703e-06 -3.14609507025779e-06 1.92206122761056e-01 2.30149189573263e-07 -5.52692626208216e-07 8.77315286003563e-02 -2.54904288506882e-07 -2.47057320081357e-07 3.25464673126938e-03 -1.10289340140151e-07 -2.57159578256700e-07 4.15532474575091e-07 2.67240844099890e-07 -1.07086441709877e-02 -1.84954424010524e-07 3.61232279887623e-07 -2.83001385186391e-08 -4.49675482024638e-07 4.65142606794982e-07 -4.69471951071472e-04 1.55383506071244e-07 -2.16940911993951e-07 2.42708541156254e-08 -9.86661574036319e-02 3.54825945754140e-01 -9.30347318583485e-02 8.95182245121145e-08 -8.08827462647377e-08 2.76746257039028e-02 -3.46302428494112e-07 7.75685966633052e-08 7.06131769939856e-02 -4.44820563887953e-07 -2.69830766467491e-07 1.72755542247290e-02 2.53225880030218e-07 -2.73088401919225e-07
 3.77087470230055e-03 8.79476382915779e-04 -5.10952124282286e-02 3.95201040188974e-02 1.15155033771596e-07 1.01180277679386e-08 -4.10100399111199e-03 -5.11623745539140e-07 -4.57089445905469e-06 2.23289519307644e-01 1.33343848619624e-07 -5.82893629405175e-08 -2.02624788030633e-02 -1.27325740917381e-08 -7.28205682735793e-09 -2.44613344039023e-03 6.14973931460644e-09 -1.94420359809542e-09 2.39617678269258e-08 1.43754919268761e-08 -3.78741730536403e-03 -5.66799490813359e-08 9.67514568704286e-09 2.71150558307171e-10 6.64921613474776e-08 -5.42856984757802e-08 1.06786527879167e-03 -1.21628228061934e-08 2.48168879433288e-08 4.32551202221200e-11 4.31293002624624e-02 -2.25873980072701e-01 7.78862498838415e-02 4.75129711399804e-08 -6.43451963092196e-08 -5.72055043914217e-03 -1.57162646708579e-07 -2.20547605645955e-07 -7.21380241543813e-03 3.24549173963858e-08 -5.22417972873163e-08 -9.51600422967898e-04 -4.41477110316787e-08 3.18752087738681e-08
 -3.60819832844129e-07 2.48531088322810e-08 -1.29014068378406e-06 1.15155033771596e-07 1.10237239596257e-03 3.76011783598468e-08 -1.10431954090264e-08 -4.57130167764431e-02 -7.69182992320372e-07 2.92184972024482e-07 -1.64062821691604e-03 -5.73760532401185e-08 -6.26570374996070e-08 4.94282040393071e-09 2.13117996408535e-10 -6.45810288213041e-09 1.79458763189405e-04 -1.64866648639489e-09 -4.92741551503877e-09 6.41281056395723e-09 -1.12665038012884e-09 5.11713803019625e-04 -1.14365865307590e-09 -6.40184105760034e-08 -1.92118625454610e-09 -9.33244747011231e-11 5.27413677967330e-11 -1.21399898757546e-04 1.98507363824623e-09 8.31690866678613e-08 1.64827474442984e-07 -6.50325967060186e-07 2.01139046939203e-07 -6.20567636431973e-04 -5.56317859308616e-09 -2.98255787700743e-08 -1.83282708334961e-03 -4.17262606389711e-08 -1.16464204248955e-08 5.82171729378333e-09 -7.11227777876449e-09 5.85838513038695e-09 -3.54149983319980e-04 -7.08596158872333e-09
 2.49777695976802e-07 -3.15027633651063e-08 9.98982134140332e-07 1.01180277679386e-08 3.76011783598468e-08 1.10233137934882e-03 -7.26814730523742e-08 -7.72754010339854e-07 -4.57121769612478e-02 -3.34587238383156e-07 -5.74874971165980e-08 -1.64056000885132e-03 2.46567063669999e-08 -3.71662943292162e-10 1.79459502936683e-04 4.32298704820487e-09 2.72459430627277e-10 -2.87417927002947e-09 -1.80806719440540e-09 5.11701857076530e-04 5.86681755192555e-08 6.62257329081236e-09 4.30792718508799e-09 -8.04070443447166e-08 2.34608249040487e-09 -1.21394461402325e-04 -1.82358007240933e-08 -1.22325085634813e-10 1.97547680042433e-09 -5.28373261060146e-08 -2.04047961540099e-07 4.69917175332047e-07 -1.37049604401734e-07 -5.65811631738061e-09 -6.20562440901335e-04 -3.22135633396826e-08 -4.16626662643046e-08 -1.83278628244059e-03 -1.15549066105355e-08 -6.85176286056510e-09 -3.54144855181775e-04 -2.46297693225464e-08 -7.13989041376201e-09 -5.82310497325187e-09
 5.70006375712154e-03 -1.55687710764999e-04 -2.77518010558521e-03 -4.10100399111199e-03 -1.10431954090264e-08 -7.26814730523742e-08 4.81611955589399e-04 1.78672845039766e-07 3.31938109418888e-06 -2.55127404118678e-02 -1.01664258440939e-08 1.09249991125297e-07 1.82552656821015e-03 2.97158296248138e-09 -8.45522578371781e-09 2.58000190178447e-04 -1.09026331825861e-09 1.68842322005044e-09 -4.81151729172541e-09 -3.45879811399189e-08 4.60622409309350e-04 6.00487819178676e-09 -2.91871892144625e-09 9.20995961498985e-11 -4.27554739324001e-09 1.12104097526010e-08 -1.11875376678028e-04 9.48176094713116e-10 -1.25481149261899e-09 -1.17694519102222e-10 -4.28953757603712e-03 2.32219647238741e-02 -8.15024093634317e-03 -3.57992808461816e-09 4.54014039365793e-08 5.05623046363846e-04 2.48619780403872e-08 1.36042885695530e-07 4.62758403905077e-04 -1.28296554450626e-09 2.84425702815799e-08 2.45233803519972e-05 5.14671466506052e-09 -2.12050620593316e-09
 1.35531796608189e-06 -1.44047444140417e-06 4.13241112465703e-06 -5.11623745539140e-07 -4.57130167764431e-02 -7.72754010339854e-07 1.78672845039766e-07 1.89562067495772e+00 -7.19505458546266e-07 -1.97293008954624e-07 6.80333302549783e-02 1.20873378839717e-06 -1.20061764156482e-06 -2.04963733177570e-07 1.19211078091017e-07 -9.79277971165679e-09 -7.44176966903661e-03 6.83704243835002e-08 2.04319710117299e-07 9.91686407072340e-08 5.37856976327185e-08 -2.12196729343206e-02 4.74199609030733e-08 2.65464947913893e-06 7.96834187846323e-08 -8.27609105240323e-08 8.16294902116043e-08 5.03419319289575e-03 -8.23090134206527e-08 -3.44888180481520e-06 -1.03982919035328e-06 7.91577387144834e-07 -5.65826307010548e-08 2.57336077352322e-02 -2.12080376425436e-07 7.99070099862701e-08 7.60034046662697e-02 4.22588460405326e-07 -1.87749112158880e-06 -2.41405613007030e-07 4.22524582734812e-08 -7.61331589257041e-07 1.46858395546687e-02 2.93844626367035e-07
 -1.20547025826694e-06 1.58962656439142e-06 -3.14609507025779e-06 -4.57089445905469e-06 -7.69182992320372e-07 -4.57121769612478e-02 3.31938109418888e-06 -7.19505458546266e-07 1.89562155586156e+00 -4.35277949055515e-07 1.20800676851537e-06 6.80317832450494e-02 2.31421117743505e-06 1.54126291863761e-08 -7.44194052807163e-03 8.72163202761238e-08 1.17324800926171e-07 1.19182748252783e-07 7.49802659007117e-08 -2.12195772481580e-02 -2.34597362661220e-06 9.21422071142874e-08 -1.78638745496977e-07 3.33432384829973e-06 -9.73026757389292e-08 5.03406255682890e-03 6.67061182828802e-07 -8.19364754794938e-08 -8.19243155231011e-08 2.19115183450677e-06 3.07653971266438e-06 5.58372848342202e-06 -2.40415976557079e-06 -2.10157650377615e-07 2.57338770117063e-02 2.34053570503203e-06 4.14026452622007e-07 7.60031443519422e-02 2.42375336797631e-06 2.84126558485238e-07 1.46859035336493e-02 1.43306687342925e-06 4.22545520560938e-08 2.41463471839772e-07
 -9.28690844492037e-03 9.89733519753502e-03 1.92206122761056e-01 2.23289519307644e-01 2.92184972024482e-07 -3.34587238383156e-07 -2.55127404118678e-02 -1.97293008954624e-07 -4.35277949055515e-07 1.39717767506300e+00 9.26461486924268e-07 4.97924753710380e-07 -9.72213039285093e-02 -1.49720585907213e-07 -2.25230290403564e-07 -1.38125845363138e-02 6.74465106037079e-10 -8.50544114555952e-08 2.61860428593809e-07 -1.49636902082258e-07 -2.57664189035740e-02 -4.14025199661330e-07 1.60401760253918e-07 -6.21553602539739e-09 2.69837087133211e-07 -1.21391991250692e-07 6.27732074048010e-03 -2.47445889421936e-08 8.64709498982544e-08 7.12357530645326e-09 2.31673473059611e-01 -1.25883167969412e+00 4.42338399317161e-01 3.33698030051750e-07 -3.00831006604583e-08 -2.66453565042464e-02 -9.74774622428897e-07 -1.83647965689607e-07 -2.35275355059500e-02 6.93165554798268e-08 -1.72559556862188e-07 -8.67806561049955e-04 -1.82457948351598e-07 1.14500127165893e-07
 2.17465799901726e-07 -4.49062139700252e-08 2.30149189573263e-07 1.33343848619624e-07 -1.64062821691604e-03 -5.74874971165980e-08 -1.01664258440939e-08 6.80333302549783e-02 1.20800676851537e-06 9.26461486924268e-07 2.44169843126563e-03 8.76622825211025e-08 -1.10497260205151e-07 -7.35616798003215e-09 -5.65514129638066e-10 -9.60419851585252e-09 -2.67083167080027e-04 2.45383141989939e-09 7.33318866330008e-09 -1.02524667690567e-08 -1.53123438415516e-08 -7.61568512154293e-04 1.70186771450240e-09 9.52768418616708e-08 2.85997390697138e-09 3.06229467334613e-10 7.26390414971904e-09 1.80675877007189e-04 -2.95402520094867e-09 -1.23778035679999e-07 1.20820990344932e-07 -8.26329177697139e-07 2.97357231311854e-07 9.23572451503312e-04 9.13824010418448e-09 -1.55833166528575e-08 2.72774231565679e-03 6.46356929732278e-08 -8.50021675608254e-08 -8.66373552021249e-09 1.10751328635101e-08 -2.83232591460402e-08 5.27070940685574e-04 1.05462510200654e-08
 -1.40943692727222e-07 5.58786742264189e-08 -5.52692626208216e-07 -5.82893629405175e-08 -5.73760532401185e-08 -1.64056000885132e-03 1.09249991125297e-07 1.20873378839717e-06 6.80317832450494e-02 4.97924753710380e-07 8.76622825211025e-08 2.44158625405181e-03 1.76608254879507e-08 5.53016020730871e-10 -2.67083101724385e-04 -3.51883537718222e-09 -6.35889719406788e-10 4.27741889603258e-09 2.69108175170602e-09 -7.61547406736901e-04 -9.14460735841953e-08 -1.05129367769779e-08 -6.41115580021115e-09 1.19666969047997e-07 -3.49180931123000e-09 1.80666996107253e-04 2.65749796287415e-08 3.37944284372910e-10 -2.94013687945094e-09 7.86357912337667e-08 2.33751520793452e-07 -4.16682798675139e-07 1.21380150518581e-07 9.21725785166206e-09 9.23560685020388e-04 6.49471949921438e-08 6.43572517096923e-08 2.72766968007271e-03 5.67401331840422e-08 1.01969889282244e-08 5.27061006952127e-04 4.60085360422185e-08 1.10807340293357e-08 8.66617584414868e-09
 1.68104105871235e-03 2.04466600582840e-04 8.77315286003563e-02 -2.02624788030633e-02 -6.26570374996070e-08 2.46567063669999e-08 1.82552656821015e-03 -1.20061764156482e-06 2.31421117743505e-06 -9.72213039285093e-02 -1.10497260205151e-07 1.76608254879507e-08 1.26149923474160e-02 -2.96021895579018e-09 -6.22207580463380e-09 1.26101097431476e-03 -8.94703305413318e-10 -8.15409473265831e-09 3.62668386838256e-09 -6.89803828717354e-10 1.37524381866974e-03 3.79153037023220e-08 8.38271768684845e-09 -1.16012615313719e-09 -4.64921215563952e-08 4.28435850700174e-08 -5.12211049841369e-04 7.02391236723930e-09 -1.90367676702592e-08 8.56041028251331e-10 -2.36706845861261e-02 1.18130854914655e-01 -3.96817456994900e-02 -4.03768941503631e-08 3.10397650048083e-08 3.66917886343716e-03 -2.67023010259797e-09 1.17362954578138e-07 5.90825760954891e-03 -3.10067666779401e-08 1.67189696441535e-08 1.06686331755287e-03 1.76970490730681e-08 -2.46223058135566e-08
 1.25757306117436e-07 -2.70316578101574e-09 -2.54904288506882e-07 -1.27325740917381e-08 4.94282040393071e-09 -3.71662943292162e-10 2.97158296248138e-09 -2.04963733177570e-07 1.54126291863761e-08 -1.49720585907213e-07 -7.35616798003215e-09 5.53016020730871e-10 -2.96021895579018e-09 7.70443195081189e-14 -6.04539808291890e-11 8.68116551758913e-10 8.04646249501942e-10 4.07677546077796e-14 -1.04520977023135e-13 -1.72563927244437e-10 3.57150301387197e-09 2.29444005809085e-09 -7.20873065791143e-14 -2.55927025380899e-13 4.55519434822445e-14 4.08860166358170e-11 -4.21996059614871e-10 -5.44339985336431e-10 3.87846608100150e-14 3.86819608755304e-13 -7.42801294658896e-09 6.44427868167331e-08 -2.69636964655264e-08 -2.78247575948670e-09 2.09260295023353e-10 -1.21550774021796e-09 -8.21769563506584e-09 6.17889554782575e-10 -7.32803473072519e-09 8.56360025700688e-14 1.19442752630643e-10 -2.20793849502562e-09 -1.58790991260964e-09 -1.38992186960927e-15
 1.99851551473265e-07 -9.20598760534434e-09 -2.47057320081357e-07 -7.28205682735793e-09 2.13117996408535e-10 1.79459502936683e-04 -8.45522578371781e-09 1.19211078091017e-07 -7.44194052807163e-03 -2.25230290403564e-07 -5.65514129638066e-10 -2.67083101724385e-04 -6.22207580463380e-09 -6.04539808291890e-11 2.92159998002869e-05 1.35209683325205e-09 -9.17506384051558e-10 -4.67836318704147e-10 -2.94447851335891e-10 8.33050412386281e-05 1.40950358912891e-08 -1.66447918204763e-09 7.01238383474398e-10 -1.30899140016413e-08 3.82050348866531e-10 -1.97630134246321e-05 -3.35119994232362e-09 6.30741515901577e-10 3.21648354858174e-10 -8.60236633729774e-09 -3.28204759702636e-08 1.14111564103175e-07 -4.26152658464799e-08 2.40498056465168e-09 -1.01027539858259e-04 -8.74835370069068e-09 3.04122475409930e-09 -2.98377531331764e-04 -1.52586409314951e-08 -1.11540130882597e-09 -5.76547677806971e-05 -7.70823340185366e-09 7.35798144567662e-10 -9.47910980627857e-10
 1.30017718025120e-03 -4.84269647828303e-05 3.25464673126938e-03 -2.44613344039023e-03 -6.45810288213041e-09 4.32298704820487e-09 2.58000190178447e-04 -9.79277971165679e-09 8.72163202761238e-08 -1.38125845363138e-02 -9.60419851585252e-09 -3.51883537718222e-09 1.26101097431476e-03 8.68116551758913e-10 1.35209683325205e-09 1.52594427474856e-04 -3.20092552596138e-10 1.73036039274052e-10 -1.51435965521439e-09 1.21386927905239e-09 2.32001102718793e-04 4.08714466329371e-09 -6.16796799792874e-10 -2.30630575501583e-11 -3.90215680027041e-09 2.86347433105293e-09 -6.52126965818809e-05 6.41822002366052e-10 -1.43100990134439e-09 -1.82796735991059e-12 -2.67616018539071e-03 1.40045984069860e-02 -4.82860152939470e-03 -3.46289614114073e-09 1.29979722241950e-09 3.57190102952656e-04 8.09584584996658e-09 5.76692570660694e-09 4.50795765137044e-04 -1.98412260640585e-09 1.63016314558506e-09 6.01792404385018e-05 2.52148218656967e-09 -1.96208252751364e-09
 -1.29862968081466e-07 4.40841979155667e-09 -1.10289340140151e-07 6.14973931460644e-09 1.79458763189405e-04 2.72459430627277e-10 -1.09026331825861e-09 -7.44176966903661e-03 1.17324800926171e-07 6.74465106037079e-10 -2.67083167080027e-04 -6.35889719406788e-10 -8.94703305413318e-10 8.04646249501942e-10 -9.17506384051558e-10 -3.20092552596138e-10 2.92146717834721e-05 -2.68391535656273e-10 -8.02123658650399e-10 -1.67103314344818e-09 3.32217784891419e-10 8.33035430108364e-05 -1.86185873840742e-10 -1.04213384930971e-08 -3.12817935028099e-10 6.28943756550456e-10 -3.24505019670394e-10 -1.97630816802017e-05 3.23123991002506e-10 1.35396458246525e-08 1.11847721445844e-08 -3.17273455208726e-08 8.65883619345768e-09 -1.01024210210748e-04 2.38697176931644e-09 -2.13182942034306e-09 -2.98371841466011e-04 2.93178315790578e-09 3.35204488173743e-09 9.47740426171874e-10 7.21209262859749e-10 2.02215730746247e-09 -5.76532197822902e-05 -1.15353820978155e-09
 9.03764130235049e-08 -2.46072833201453e-09 -2.57159578256700e-07 -1.94420359809542e-09 -1.64866648639489e-09 -2.87417927002947e-09 1.68842322005044e-09 6.83704243835002e-08 1.19182748252783e-07 -8.50544114555952e-08 2.45383141989939e-09 4.27741889603258e-09 -8.15409473265831e-09 4.07677546077796e-14 -4.67836318704147e-10 1.73036039274052e-10 -2.68391535656273e-10 5.32690748201908e-14 -6.00542950507772e-14 -1.33415942287603e-09 2.46805599280577e-09 -7.65293136590045e-10 -6.89314479543627e-14 3.09369596563570e-13 6.18790642058562e-14 3.16440369306238e-10 -1.43894313006755e-10 1.81546329891917e-10 2.52275101830063e-14 9.65193578711881e-15 4.15440777504627e-09 2.72626505432655e-09 -5.45615286883873e-09 9.28119531941476e-10 1.61795472817736e-09 -2.68593828709051e-09 2.74140084909585e-09 4.77851090068514e-09 -8.90151513704217e-09 7.13888114165749e-14 9.23380706032344e-10 -2.36775584498818e-09 5.29667449029544e-10 6.07619406932922e-14
 -7.63764677019308e-08 4.94369326333546e-09 4.15532474575091e-07 2.39617678269258e-08 -4.92741551503877e-09 -1.80806719440540e-09 -4.81151729172541e-09 2.04319710117299e-07 7.49802659007117e-08 2.61860428593809e-07 7.33318866330008e-09 2.69108175170602e-09 3.62668386838256e-09 -1.04520977023135e-13 -2.94447851335891e-10 -1.51435965521439e-09 -8.02123658650399e-10 -6.00542950507772e-14 1.58758543941303e-13 -8.39288448683657e-10 -6.29979227963390e-09 -2.28726282688785e-09 1.03337666786639e-13 4.11093538205560e-13 -6.08500840235634e-14 1.99194749542770e-10 8.46599819401171e-10 5.42635873778637e-10 -5.07317480245472e-14 -2.78664619995191e-13 1.51422885921262e-08 -1.21504664616735e-07 4.96081071868104e-08 2.77375068648535e-09 1.01785649493715e-09 1.73556573176911e-09 8.19178800294988e-09 3.00633131227991e-09 1.15922673178447e-08 -1.02526114860367e-13 5.80821354791130e-10 3.59581091942933e-09 1.58293207626925e-09 -1.12450633662025e-15
 -1.18669027452097e-07 -1.71074781260366e-08 2.67240844099890e-07 1.43754919268761e-08 6.41281056395723e-09 5.11701857076530e-04 -3.45879811399189e-08 9.91686407072340e-08 -2.12195772481580e-02 -1.49636902082258e-07 -1.02524667690567e-08 -7.61547406736901e-04 -6.89803828717354e-10 -1.72563927244437e-10 8.33050412386281e-05 1.21386927905239e-09 -1.67103314344818e-09 -1.33415942287603e-09 -8.39288448683657e-10 2.37531830825762e-04 2.82321352414761e-08 -2.05135560247356e-09 1.99971786499959e-09 -3.73242780999121e-08 1.08908919856037e-09 -5.63512684342138e-05 -8.43124259660927e-09 1.15919370241539e-09 9.17003903371081e-10 -2.45279047229618e-08 -7.88666452045267e-08 1.52867280944947e-07 -4.40989330398983e-08 3.58936732785631e-09 -2.88064877440899e-04 -1.88511053860007e-08 -9.81398982642222e-10 -8.50778778889797e-04 -1.38821462368157e-08 -3.18060023284933e-09 -1.64393923215828e-04 -1.34580600389717e-08 2.32936622789927e-10 -2.70298326670470e-09
 -2.17068168375372e-03 -2.53430720078721e-04 -1.07086441709877e-02 -3.78741730536403e-03 -1.12665038012884e-09 5.86681755192555e-08 4.60622409309350e-04 5.37856976327185e-08 -2.34597362661220e-06 -2.57664189035740e-02 -1.53123438415516e-08 -9.14460735841953e-08 1.37524381866974e-03 3.57150301387197e-09 1.40950358912891e-08 2.32001102718793e-04 3.32217784891419e-10 2.46805599280577e-09 -6.29979227963390e-09 2.82321352414761e-08 5.07584970930114e-04 7.21242807701655e-09 -4.28872664532060e-09 2.30090220121823e-10 -3.36279949612107e-09 -6.01767096069853e-09 -1.11776124798014e-04 -2.10216389414208e-12 -8.44114757190452e-10 -2.29244544135097e-10 -3.73574748818547e-03 2.10457956270462e-02 -7.52328930110645e-03 -5.48374205773846e-09 -3.12201436093973e-08 3.60358442490002e-04 2.14496258252566e-08 -9.18452216929868e-08 1.30385492449473e-04 5.05759357579318e-10 -1.40245308754302e-08 -5.58723397910743e-05 2.58696431718894e-09 -9.69071948565911e-10
 1.46485038993265e-07 1.29933816619481e-08 -1.84954424010524e-07 -5.66799490813359e-08 5.11713803019625e-04 6.62257329081236e-09 6.00487819178676e-09 -2.12196729343206e-02 9.21422071142874e-08 -4.14025199661330e-07 -7.61568512154293e-04 -1.05129367769779e-08 3.79153037023220e-08 2.29444005809085e-09 -1.66447918204763e-09 4.08714466329371e-09 8.33035430108364e-05 -7.65293136590045e-10 -2.28726282688785e-09 -2.05135560247356e-09 7.21242807701655e-09 2.37534083511994e-04 -5.30896673930149e-10 -2.97161288626730e-08 -8.92017891581909e-10 1.14974899161080e-09 -2.62770933426712e-09 -5.63530111590238e-05 9.21364432199594e-10 3.86070499094176e-08 -5.14207148730591e-08 3.41956283686190e-07 -1.24216131631141e-07 -2.88063296087392e-04 3.51557580635198e-09 5.75183645065750e-09 -8.50785924415743e-04 -1.35901291744645e-09 2.46468205663658e-08 2.70232457534508e-09 1.78530111294472e-10 8.00978388107629e-09 -1.64394024674440e-04 -3.28931884691276e-09
 -5.43345321767832e-08 3.94165648481446e-09 3.61232279887623e-07 9.67514568704286e-09 -1.14365865307590e-09 4.30792718508799e-09 -2.91871892144625e-09 4.74199609030733e-08 -1.78638745496977e-07 1.60401760253918e-07 1.70186771450240e-09 -6.41115580021115e-09 8.38271768684845e-09 -7.20873065791143e-14 7.01238383474398e-10 -6.16796799792874e-10 -1.86185873840742e-10 -6.89314479543627e-14 1.03337666786639e-13 1.99971786499959e-09 -4.28872664532060e-09 -5.30896673930149e-10 1.03348464898611e-13 -2.53711771066058e-13 -5.95980378353453e-14 -4.74318485566134e-10 4.33758093191506e-10 1.25966702109530e-10 -3.23904251726850e-14 -2.87418895859022e-13 1.31418265003052e-09 -4.22237796775893e-08 2.10061826174962e-08 6.43793694389429e-10 -2.42511156479720e-09 2.96911765770252e-09 1.90103768621827e-09 -7.16231304040648e-09 1.16046796075054e-08 -1.14464333229921e-13 -1.38402269728503e-09 3.26248225289315e-09 3.67393518983617e-10 -5.90626170535562e-14
 -5.20559449956168e-09 -3.02374067852541e-10 -2.83001385186391e-08 2.71150558307171e-10 -6.40184105760034e-08 -8.04070443447166e-08 9.20995961498985e-11 2.65464947913893e-06 3.33432384829973e-06 -6.21553602539739e-09 9.52768418616708e-08 1.19666969047997e-07 -1.16012615313719e-09 -2.55927025380899e-13 -1.30899140016413e-08 -2.30630575501583e-11 -1.04213384930971e-08 3.09369596563570e-13 4.11093538205560e-13 -3.73242780999121e-08 2.30090220121823e-10 -2.97161288626730e-08 -2.53711771066058e-13 9.58302541778788e-12 -5.40058938182104e-14 8.85459790303101e-09 -9.12799176144016e-12 7.04980039027495e-09 -2.56595281822658e-13 -9.76102245718318e-13 1.02678831011066e-09 -2.69128876263325e-09 4.52235256883265e-10 3.60372928903108e-08 4.52645961456119e-08 -3.75258287233537e-10 1.06436850470934e-07 1.33687174733269e-07 -1.05502122966167e-09 1.68344450839915e-13 2.58319988832666e-08 -2.69123707415257e-10 2.05663030710921e-08 8.40158643386427e-13
 3.14209902001205e-07 -1.31085977041960e-09 -4.49675482024638e-07 6.64921613474776e-08 -1.92118625454610e-09 2.34608249040487e-09 -4.27554739324001e-09 7.96834187846323e-08 -9.73026757389292e-08 2.69837087133211e-07 2.85997390697138e-09 -3.49180931123000e-09 -4.64921215563952e-08 4.55519434822445e-14 3.82050348866531e-10 -3.90215680027041e-09 -3.12817935028099e-10 6.18790642058562e-14 -6.08500840235634e-14 1.08908919856037e-09 -3.36279949612107e-09 -8.92017891581909e-10 -5.95980378353453e-14 -5.40058938182104e-14 2.43489889205098e-13 -2.58562924548235e-10 1.76703509325692e-09 2.11571583493310e-10 1.04477747886458e-13 -2.62609757981886e-13 8.08445871771762e-08 -3.89351258164308e-07 1.27802713482921e-07 1.08181256673256e-09 -1.32093394618764e-09 -1.35431275947861e-08 3.19475057933346e-09 -3.90134416946765e-09 -2.49855948991880e-08 1.24750140662411e-13 -7.53814464192694e-10 -4.93428098956289e-09 6.17240839407872e-10 1.07539617362072e-13
 -1.30749054979410e-08 7.64605549443744e-09 4.65142606794982e-07 -5.42856984757802e-08 -9.33244747011231e-11 -1.21394461402325e-04 1.12104097526010e-08 -8.27609105240323e-08 5.03406255682890e-03 -1.21391991250692e-07 3.06229467334613e-10 1.80666996107253e-04 4.28435850700174e-08 4.08860166358170e-11 -1.97630134246321e-05 2.86347433105293e-09 6.28943756550456e-10 3.16440369306238e-10 1.99194749542770e-10 -5.63512684342138e-05 -6.01767096069853e-09 1.14974899161080e-09 -4.74318485566134e-10 8.85459790303101e-09 -2.58562924548235e-10 1.33685893337663e-05 8.56398018759407e-10 -4.32262684879882e-10 -2.17628595566387e-10 5.81903356845086e-09 -4.83473157674449e-08 2.71122391975641e-07 -8.75729876496923e-08 -1.65569765616682e-09 6.83395619278263e-05 1.72891844292214e-08 -2.14214695810834e-09 2.01835953021005e-04 2.91565045452955e-08 7.54410909289598e-10 3.90002723746430e-05 8.75469829887851e-09 -5.14069470219686e-10 6.41133391358416e-10
 1.17001931788573e-03 3.68073232558584e-05 -4.69471951071472e-04 1.06786527879167e-03 5.27413677967330e-11 -1.82358007240933e-08 -1.11875376678028e-04 8.16294902116043e-08 6.67061182828802e-07 6.27732074048010e-03 7.26390414971904e-09 2.65749796287415e-08 -5.12211049841369e-04 -4.21996059614871e-10 -3.35119994232362e-09 -6.52126965818809e-05 -3.24505019670394e-10 -1.43894313006755e-10 8.46599819401171e-10 -8.43124259660927e-09 -1.11776124798014e-04 -2.62770933426712e-09 4.33758093191506e-10 -9.12799176144016e-12 1.76703509325692e-09 8.56398018759407e-10 2.99289850359560e-05 -1.12370617112489e-11 6.53070009298203e-10 1.46684315271997e-11 1.13946684856168e-03 -6.05533722390282e-03 2.10287266333458e-03 2.65973738068088e-09 8.95485093625112e-09 -1.42338587933970e-04 -7.38839568799468e-10 2.57883638498019e-08 -1.61549795778125e-04 6.95017659294742e-10 4.51933225971804e-09 -1.68659438024233e-05 -2.91915125741316e-10 7.54272779450247e-10
 -9.76774198689613e-09 -2.74248911128436e-09 1.55383506071244e-07 -1.21628228061934e-08 -1.21399898757546e-04 -1.22325085634813e-10 9.48176094713116e-10 5.03419319289575e-03 -8.19364754794938e-08 -2.47445889421936e-08 1.80675877007189e-04 3.37944284372910e-10 7.02391236723930e-09 -5.44339985336431e-10 6.30741515901577e-10 6.41822002366052e-10 -1.97630816802017e-05 1.81546329891917e-10 5.42635873778637e-10 1.15919370241539e-09 -2.10216389414208e-12 -5.63530111590238e-05 1.25966702109530e-10 7.04980039027495e-09 2.11571583493310e-10 -4.32262684879882e-10 -1.12370617112489e-11 1.33692892619142e-05 -2.18605965197660e-10 -9.15927399457812e-09 -1.77983679662064e-08 6.85082737176613e-08 -2.08035496627211e-08 6.83406520107902e-05 -1.64960655207815e-09 3.31027808849048e-09 2.01841975769361e-04 -2.08626479926335e-09 1.65711992701742e-09 -6.41151969044097e-10 -5.07786693881249e-10 -5.39886085272906e-10 3.90011327344930e-05 7.80325382913131e-10
 1.54391366942495e-07 -8.80616536265210e-10 -2.16940911993951e-07 2.48168879433288e-08 1.98507363824623e-09 1.97547680042433e-09 -1.25481149261899e-09 -8.23090134206527e-08 -8.19243155231011e-08 8.64709498982544e-08 -2.95402520094867e-09 -2.94013687945094e-09 -1.90367676702592e-08 3.87846608100150e-14 3.21648354858174e-10 -1.43100990134439e-09 3.23123991002506e-10 2.52275101830063e-14 -5.07317480245472e-14 9.17003903371081e-10 -8.44114757190452e-10 9.21364432199594e-10 -3.23904251726850e-14 -2.56595281822658e-13 1.04477747886458e-13 -2.17628595566387e-10 6.53070009298203e-10 -2.18605965197660e-10 5.38655900767883e-14 5.24226495314605e-14 3.13040404849513e-08 -1.46635203477437e-07 4.72858777065798e-08 -1.11733400090659e-09 -1.11214831075214e-09 -5.58964865443249e-09 -3.30013838263345e-09 -3.28474184781934e-09 -1.10629608873422e-08 6.66694965491235e-14 -6.34681106083234e-10 -2.29285357038347e-09 -6.37703964766891e-10 2.41751691048564e-14
 -7.84533337214861e-10 2.57505500100191e-10 2.42708541156254e-08 4.32551202221200e-11 8.31690866678613e-08 -5.28373261060146e-08 -1.17694519102222e-10 -3.44888180481520e-06 2.19115183450677e-06 7.12357530645326e-09 -1.23778035679999e-07 7.86357912337667e-08 8.56041028251331e-10 3.86819608755304e-13 -8.60236633729774e-09 -1.82796735991059e-12 1.35396458246525e-08 9.65193578711881e-15 -2.78664619995191e-13 -2.45279047229618e-08 -2.29244544135097e-10 3.86070499094176e-08 -2.87418895859022e-13 -9.76102245718318e-13 -2.62609757981886e-13 5.81903356845086e-09 1.46684315271997e-11 -9.15927399457812e-09 5.24226495314605e-14 8.80797614518847e-12 -5.52610894705296e-10 6.21998070771315e-10 2.02463582840545e-10 -4.68198141311637e-08 2.97461950133074e-08 2.83993931099330e-10 -1.38279673490099e-07 8.78513307921869e-08 8.70256359223876e-10 7.61922482162703e-13 1.69753673688636e-08 2.30340913853655e-10 -2.67192778964386e-08 -2.58782027224290e-13
 -8.15218231085125e-04 4.94897907542073e-04 -9.86661574036319e-02 4.31293002624624e-02 1.64827474442984e-07 -2.04047961540099e-07 -4.28953757603712e-03 -1.03982919035328e-06 3.07653971266438e-06 2.31673473059611e-01 1.20820990344932e-07 2.33751520793452e-07 -2.36706845861261e-02 -7.42801294658896e-09 -3.28204759702636e-08 -2.67616018539071e-03 1.11847721445844e-08 4.15440777504627e-09 1.51422885921262e-08 -7.88666452045267e-08 -3.73574748818547e-03 -5.14207148730591e-08 1.31418265003052e-09 1.02678831011066e-09 8.08445871771762e-08 -4.83473157674449e-08 1.13946684856168e-03 -1.77983679662064e-08 3.13040404849513e-08 -5.52610894705296e-10 4.81610115335050e-02 -2.48153504905115e-01 8.48366884810713e-02 4.25799827144378e-08 4.03827732010330e-08 -6.75945066930862e-03 -1.73776056013014e-07 7.89276086207420e-08 -9.41483000002058e-03 4.53645156945793e-08 1.24423391840092e-08 -1.44283894629726e-03 -5.65274260769635e-08 4.05231366166842e-08
 4.09349347099588e-03 -4.28550905719197e-03 3.54825945754140e-01 -2.25873980072701e-01 -6.50325967060186e-07 4.69917175332047e-07 2.32219647238741e-02 7.91577387144834e-07 5.58372848342202e-06 -1.25883167969412e+00 -8.26329177697139e-07 -4.16682798675139e-07 1.18130854914655e-01 6.44427868167331e-08 1.14111564103175e-07 1.40045984069860e-02 -3.17273455208726e-08 2.72626505432655e-09 -1.21504664616735e-07 1.52867280944947e-07 2.10457956270462e-02 3.41956283686190e-07 -4.22237796775893e-08 -2.69128876263325e-09 -3.89351258164308e-07 2.71122391975641e-07 -6.05533722390282e-03 6.85082737176613e-08 -1.46635203477437e-07 6.21998070771315e-10 -2.48153504905115e-01 1.29362822212227e+00 -4.45012792053062e-01 -2.96079197628944e-07 8.69822764133971e-08 3.34754895408606e-02 7.88610278565371e-07 4.41873385181670e-07 4.34989883719059e-02 -1.99493444662888e-07 1.28366045840668e-07 6.03555786282404e-03 2.43772202741748e-07 -1.90297538244378e-07
 -3.28632597432099e-03 1.77814800739780e-03 -9.30347318583485e-02 7.78862498838415e-02 2.01139046939203e-07 -1.37049604401734e-07 -8.15024093634317e-03 -5.65826307010548e-08 -2.40415976557079e-06 4.42338399317161e-01 2.97357231311854e-07 1.21380150518581e-07 -3.96817456994900e-02 -2.69636964655264e-08 -4.26152658464799e-08 -4.82860152939470e-03 8.65883619345768e-09 -5.45615286883873e-09 4.96081071868104e-08 -4.40989330398983e-08 -7.52328930110645e-03 -1.24216131631141e-07 2.10061826174962e-08 4.52235256883265e-10 1.27802713482921e-07 -8.75729876496923e-08 2.10287266333458e-03 -2.08035496627211e-08 4.72858777065798e-08 2.02463582840545e-10 8.48366884810713e-02 -4.45012792053062e-01 1.53589070393462e-01 1.06780547367512e-07 -3.71765245546660e-08 -1.11970673199492e-02 -2.75130765390817e-07 -1.68853324889618e-07 -1.39489664200228e-02 6.18359262849160e-08 -5.24893749455546e-08 -1.80632527184397e-03 -7.95712706023314e-08 6.16194013765065e-08
 6.75911338306315e-08 -1.71125898381902e-08 8.95182245121145e-08 4.75129711399804e-08 -6.20567636431973e-04 -5.65811631738061e-09 -3.57992808461816e-09 2.57336077352322e-02 -2.10157650377615e-07 3.33698030051750e-07 9.23572451503312e-04 9.21725785166206e-09 -4.03768941503631e-08 -2.78247575948670e-09 2.40498056465168e-09 -3.46289614114073e-09 -1.01024210210748e-04 9.28119531941476e-10 2.77375068648535e-09 3.58936732785631e-09 -5.48374205773846e-09 -2.88063296087392e-04 6.43793694389429e-10 3.60372928903108e-08 1.08181256673256e-09 -1.65569765616682e-09 2.65973738068088e-09 6.83406520107902e-05 -1.11733400090659e-09 -4.68198141311637e-08 4.25799827144378e-08 -2.96079197628944e-07 1.06780547367512e-07 3.49341287534712e-04 -5.59944221469478e-09 -5.50629019956859e-09 1.03176855345616e-03 -2.29773342458892e-09 -3.16754490055991e-08 -3.27716054687075e-09 -9.78929885639629e-10 -1.06596068342993e-08 1.99364587686545e-04 3.98903216250728e-09
 -4.69804689321678e-08 2.09987616670253e-08 -8.08827462647377e-08 -6.43451963092196e-08 -5.56317859308616e-09 -6.20562440901335e-04 4.54014039365793e-08 -2.12080376425436e-07 2.57338770117063e-02 -3.00831006604583e-08 9.13824010418448e-09 9.23560685020388e-04 3.10397650048083e-08 2.09260295023353e-10 -1.01027539858259e-04 1.29979722241950e-09 2.38697176931644e-09 1.61795472817736e-09 1.01785649493715e-09 -2.88064877440899e-04 -3.12201436093973e-08 3.51557580635198e-09 -2.42511156479720e-09 4.52645961456119e-08 -1.32093394618764e-09 6.83395619278263e-05 8.95485093625112e-09 -1.64960655207815e-09 -1.11214831075214e-09 2.97461950133074e-08 4.03827732010330e-08 8.69822764133971e-08 -3.71765245546660e-08 -5.59944221469478e-09 3.49348436163261e-04 3.15767777492334e-08 -2.49096007373401e-09 1.03177533675720e-03 3.18270601067742e-08 3.85717273632462e-09 1.99367449784094e-04 1.91151845467551e-08 -9.93746954069583e-10 3.27794226489635e-09
 1.75426815109951e-03 9.23262444236258e-05 2.76746257039028e-02 -5.72055043914217e-03 -2.98255787700743e-08 -3.22135633396826e-08 5.05623046363846e-04 7.99070099862701e-08 2.34053570503203e-06 -2.66453565042464e-02 -1.55833166528575e-08 6.49471949921438e-08 3.66917886343716e-03 -1.21550774021796e-09 -8.74835370069068e-09 3.57190102952656e-04 -2.13182942034306e-09 -2.68593828709051e-09 1.73556573176911e-09 -1.88511053860007e-08 3.60358442490002e-04 5.75183645065750e-09 2.96911765770252e-09 -3.75258287233537e-10 -1.35431275947861e-08 1.72891844292214e-08 -1.42338587933970e-04 3.31027808849048e-09 -5.58964865443249e-09 2.83993931099330e-10 -6.75945066930862e-03 3.34754895408606e-02 -1.11970673199492e-02 -5.50629019956859e-09 3.15767777492334e-08 1.07211687504224e-03 1.49280259205901e-08 1.01005055676349e-07 1.77310185711815e-03 -9.39865854923977e-09 1.72739537277848e-08 3.28841496827557e-04 8.61640752742982e-09 -7.32525227220366e-09
 1.39723978468573e-07 -6.76730216702815e-08 -3.46302428494112e-07 -1.57162646708579e-07 -1.83282708334961e-03 -4.16626662643046e-08 2.48619780403872e-08 7.60034046662697e-02 4.14026452622007e-07 -9.74774622428897e-07 2.72774231565679e-03 6.43572517096923e-08 -2.67023010259797e-09 -8.21769563506584e-09 3.04122475409930e-09 8.09584584996658e-09 -2.98371841466011e-04 2.74140084909585e-09 8.19178800294988e-09 -9.81398982642222e-10 2.14496258252566e-08 -8.50785924415743e-04 1.90103768621827e-09 1.06436850470934e-07 3.19475057933346e-09 -2.14214695810834e-09 -7.38839568799468e-10 2.01841975769361e-04 -3.30013838263345e-09 -1.38279673490099e-07 -1.73776056013014e-07 7.88610278565371e-07 -2.75130765390817e-07 1.03176855345616e-03 -2.49096007373401e-09 1.49280259205901e-08 3.04729611720380e-03 3.47000423275932e-08 -7.49724816204881e-08 -9.67884708191834e-09 5.12531110266482e-09 -3.36762537246352e-08 5.88817067385331e-04 1.17815077682307e-08
 -1.13842397448017e-07 6.43268930933341e-08 7.75685966633052e-08 -2.20547605645955e-07 -4.17262606389711e-08 -1.83278628244059e-03 1.36042885695530e-07 4.22588460405326e-07 7.60031443519422e-02 -1.83647965689607e-07 6.46356929732278e-08 2.72766968007271e-03 1.17362954578138e-07 6.17889554782575e-10 -2.98377531331764e-04 5.76692570660694e-09 2.93178315790578e-09 4.77851090068514e-09 3.00633131227991e-09 -8.50778778889797e-04 -9.18452216929868e-08 -1.35901291744645e-09 -7.16231304040648e-09 1.33687174733269e-07 -3.90134416946765e-09 2.01835953021005e-04 2.57883638498019e-08 -2.08626479926335e-09 -3.28474184781934e-09 8.78513307921869e-08 7.89276086207420e-08 4.41873385181670e-07 -1.68853324889618e-07 -2.29773342458892e-09 1.03177533675720e-03 1.01005055676349e-07 3.47000423275932e-08 3.04727382626614e-03 1.09521146092159e-07 1.13916577141921e-08 5.88817342135727e-04 5.97988988755964e-08 5.19159389891950e-09 9.68126627622483e-09
 -3.66207849144383e-04 4.81425383193627e-04 7.06131769939856e-02 -7.21380241543813e-03 -1.16464204248955e-08 -1.15549066105355e-08 4.62758403905077e-04 -1.87749112158880e-06 2.42375336797631e-06 -2.35275355059500e-02 -8.50021675608254e-08 5.67401331840422e-08 5.90825760954891e-03 -7.32803473072519e-09 -1.52586409314951e-08 4.50795765137044e-04 3.35204488173743e-09 -8.90151513704217e-09 1.15922673178447e-08 -1.38821462368157e-08 1.30385492449473e-04 2.46468205663658e-08 1.16046796075054e-08 -1.05502122966167e-09 -2.49855948991880e-08 2.91565045452955e-08 -1.61549795778125e-04 1.65711992701742e-09 -1.10629608873422e-08 8.70256359223876e-10 -9.41483000002058e-03 4.34989883719059e-02 -1.39489664200228e-02 -3.16754490055991e-08 3.18270601067742e-08 1.77310185711815e-03 -7.49724816204881e-08 1.09521146092159e-07 3.51540554952081e-03 -2.03318342037309e-08 1.22059059511107e-08 7.49448311267312e-04 -1.05615031388506e-09 -1.41142702835893e-08
 6.96189746516892e-08 -3.27128902258419e-09 -4.44820563887953e-07 3.24549173963858e-08 5.82171729378333e-09 -6.85176286056510e-09 -1.28296554450626e-09 -2.41405613007030e-07 2.84126558485238e-07 6.93165554798268e-08 -8.66373552021249e-09 1.01969889282244e-08 -3.10067666779401e-08 8.56360025700688e-14 -1.11540130882597e-09 -1.98412260640585e-09 9.47740426171874e-10 7.13888114165749e-14 -1.02526114860367e-13 -3.18060023284933e-09 5.05759357579318e-10 2.70232457534508e-09 -1.14464333229921e-13 1.68344450839915e-13 1.24750140662411e-13 7.54410909289598e-10 6.95017659294742e-10 -6.41151969044097e-10 6.66694965491235e-14 7.61922482162703e-13 4.53645156945793e-08 -1.99493444662888e-07 6.18359262849160e-08 -3.27716054687075e-09 3.85717273632462e-09 -9.39865854923977e-09 -9.67884708191834e-09 1.13916577141921e-08 -2.03318342037309e-08 1.96769255577990e-13 2.20124711184889e-09 -4.54723352807447e-09 -1.87029042124209e-09 8.05259624966331e-14
 -1.01192091429750e-07 8.84934665027963e-09 -2.69830766467491e-07 -5.22417972873163e-08 -7.11227777876449e-09 -3.54144855181775e-04 2.84425702815799e-08 4.22524582734812e-08 1.46859035336493e-02 -1.72559556862188e-07 1.10751328635101e-08 5.27061006952127e-04 1.67189696441535e-08 1.19442752630643e-10 -5.76547677806971e-05 1.63016314558506e-09 7.21209262859749e-10 9.23380706032344e-10 5.80821354791130e-10 -1.64393923215828e-04 -1.40245308754302e-08 1.78530111294472e-10 -1.38402269728503e-09 2.58319988832666e-08 -7.53814464192694e-10 3.90002723746430e-05 4.51933225971804e-09 -5.07786693881249e-10 -6.34681106083234e-10 1.69753673688636e-08 1.24423391840092e-08 1.28366045840668e-07 -5.24893749455546e-08 -9.78929885639629e-10 1.99367449784094e-04 1.72739537277848e-08 5.12531110266482e-09 5.88817342135727e-04 1.22059059511107e-08 2.20124711184889e-09 1.13775749192300e-04 8.97325819028591e-09 6.97867054827428e-10 1.87071283576302e-09
 1.95423118512793e-04 1.47557297287292e-04 1.72755542247290e-02 -9.51600422967898e-04 5.85838513038695e-09 -2.46297693225464e-08 2.45233803519972e-05 -7.61331589257041e-07 1.43306687342925e-06 -8.67806561049955e-04 -2.83232591460402e-08 4.60085360422185e-08 1.06686331755287e-03 -2.20793849502562e-09 -7.70823340185366e-09 6.01792404385018e-05 2.02215730746247e-09 -2.36775584498818e-09 3.59581091942933e-09 -1.34580600389717e-08 -5.58723397910743e-05 8.00978388107629e-09 3.26248225289315e-09 -2.69123707415257e-10 -4.93428098956289e-09 8.75469829887851e-09 -1.68659438024233e-05 -5.39886085272906e-10 -2.29285357038347e-09 2.30340913853655e-10 -1.44283894629726e-03 6.03555786282404e-03 -1.80632527184397e-03 -1.06596068342993e-08 1.91151845467551e-08 3.28841496827557e-04 -3.36762537246352e-08 5.97988988755964e-08 7.49448311267312e-04 -4.54723352807447e-09 8.97325819028591e-09 1.73702869255260e-04 -3.30610442647667e-09 -2.93630076789962e-09
 1.34991764139474e-07 -9.86165154500726e-09 2.53225880030218e-07 -4.41477110316787e-08 -3.54149983319980e-04 -7.13989041376201e-09 5.14671466506052e-09 1.46858395546687e-02 4.22545520560938e-08 -1.82457948351598e-07 5.27070940685574e-04 1.10807340293357e-08 1.76970490730681e-08 -1.58790991260964e-09 7.35798144567662e-10 2.52148218656967e-09 -5.76532197822902e-05 5.29667449029544e-10 1.58293207626925e-09 2.32936622789927e-10 2.58696431718894e-09 -1.64394024674440e-04 3.67393518983617e-10 2.05663030710921e-08 6.17240839407872e-10 -5.14069470219686e-10 -2.91915125741316e-10 3.90011327344930e-05 -6.37703964766891e-10 -2.67192778964386e-08 -5.65274260769635e-08 2.43772202741748e-07 -7.95712706023314e-08 1.99364587686545e-04 -9.93746954069583e-10 8.61640752742982e-09 5.88817067385331e-04 5.19159389891950e-09 -1.05615031388506e-09 -1.87029042124209e-09 6.97867054827428e-10 -3.30610442647667e-09 1.13774810753284e-04 2.27643929661712e-09
 3.70009250946469e-08 -1.60375157108179e-09 -2.73088401919225e-07 3.18752087738681e-08 -7.08596158872333e-09 -5.82310497325187e-09 -2.12050620593316e-09 2.93844626367035e-07 2.41463471839772e-07 1.14500127165893e-07 1.05462510200654e-08 8.66617584414868e-09 -2.46223058135566e-08 -1.38992186960927e-15 -9.47910980627857e-10 -1.96208252751364e-09 -1.15353820978155e-09 6.07619406932922e-14 -1.12450633662025e-15 -2.70298326670470e-09 -9.69071948565911e-10 -3.28931884691276e-09 -5.90626170535562e-14 8.40158643386427e-13 1.07539617362072e-13 6.41133391358416e-10 7.54272779450247e-10 7.80325382913131e-10 2.41751691048564e-14 -2.58782027224290e-13 4.05231366166842e-08 -1.90297538244378e-07 6.16194013765065e-08 3.98903216250728e-09 3.27794226489635e-09 -7.32525227220366e-09 1.17815077682307e-08 9.68126627622483e-09 -1.41142702835893e-08 8.05259624966331e-14 1.87071283576302e-09 -2.93630076789962e-09 2.27643929661712e-09 1.33940376944718e-13
