Paoks:
 1.99616953101525e+00 7.27071322700855e-03 -2.64246245272877e-02 1.34460967313625e-02 -5.23420720929146e-06 -6.03496956966808e-07 3.82305767636634e-04 1.06102797050680e-05 1.12312757200453e-05 5.76719826968560e-03 -1.38165934007484e-06 -2.50422779583366e-06 -4.95477609411426e-03 2.99001684107134e-07 6.55072871660473e-07 3.86575139209879e-04 3.99832007407758e-07 1.02872953800924e-08 -2.07546474502349e-07 2.19592194737582e-07 3.59700122536341e-05 2.11839902770630e-06 -5.00095193538442e-09 -2.32878028389847e-08 3.20510962203942e-07 -2.10962489820110e-06 3.62941159135019e-04 -1.85901193386614e-06 -4.07891446000689e-09 1.04141874436780e-08 -1.57000065671176e-03 1.88625343138388e-03 -2.93071035861061e-02 -2.53956661872850e-03 3.10184095541506e-06 5.31890532497370e-07 -3.10777708643525e-03 7.53543338667610e-06 9.45053196253251e-06 -1.58481528749297e-02 2.80702176677172e-07 -4.75752849386336e-07 -2.90144583706712e-04 -1.32336303407215e-08 9.57555988128964e-07 -1.24712744265068e-03 7.76849913821690e-07 4.72823641863669e-10 1.24601872512195e-07 9.82788636922815e-07 -3.83150434182288e-03 3.11208227565097e-06 -1.30672917532543e-10 1.74061591374095e-09 1.19865037094790e-07 8.42646700121205e-07 -1.48429954864948e-03 1.74135129034539e-06 -1.68997035545976e-09 1.20245932117913e-09
 7.27071322700855e-03 9.42863055193007e-05 3.90126768685679e-03 -7.64981249606393e-04 2.05907700120352e-07 1.75232843049223e-07 3.55550542036313e-04 -6.34036374147909e-06 -4.18550430760836e-06 -1.78352868128113e-03 5.09433404359899e-07 3.16300307205927e-07 3.73687811876868e-04 -8.62136216556969e-10 1.05746291332401e-07 7.99563227800210e-05 1.59311001752420e-07 5.32872064968281e-12 1.28692239722685e-09 1.88186327887298e-07 -1.49070517463504e-04 3.27213510868046e-07 -1.90366062922336e-10 -7.92747326668992e-11 -8.66615684802770e-10 -3.07728201887449e-08 -1.17232588430161e-05 -7.27674019027399e-08 1.55274452429795e-10 3.61753213249482e-11 1.88679126678146e-03 -5.88490504300237e-06 -8.13213852575195e-03 -1.53878625982470e-03 3.16388788023671e-07 1.19124284064028e-07 -4.73041117575411e-04 -6.41216614986978e-06 -4.19243896635645e-06 7.27927900736864e-03 5.85387862514583e-07 4.22952033831381e-07 -5.98370845017994e-04 1.38668768261429e-09 -1.19706142824333e-07 1.36964554982860e-04 -1.63371468416848e-07 -5.73665468375869e-11 -2.24584611444406e-09 -1.89161358422969e-07 2.34467471439887e-04 -2.47336559134907e-07 2.89075482210631e-10 5.25665195807847e-10 1.87991188778451e-09 -4.26103589467462e-08 1.58961359214811e-05 -4.37351141988558e-08 9.60608946835369e-11 7.65441426065863e-11
 -2.64246245272877e-02 3.90126768685679e-03 1.70064150169703e+00 -3.47143739117365e-02 -1.02797721292376e-05 -5.16837851263828e-07 1.90788185863084e-02 3.42940520532801e-05 3.92805046040854e-05 2.81187460046147e-01 -5.72675354672311e-06 -7.37520380458027e-06 7.46670447631772e-02 -2.27134641129069e-07 -2.09757514676191e-06 9.56572147441895e-03 -6.96566860174989e-07 -3.91423169249692e-08 2.45070984049116e-07 -4.09933997589246e-06 -1.58498610390786e-02 1.67278135289573e-06 4.68972264914185e-09 -5.49123591891730e-08 -9.27354625139828e-07 2.66809867817647e-06 -6.62650233344243e-03 -7.23673870588900e-07 6.27039830883165e-08 -3.34211628327604e-08 -2.93023598365078e-02 -8.13215891353916e-03 1.17709540972025e-02 -1.37415520272255e-01 2.56369087728712e-06 -4.80585545141411e-06 -3.45651528027051e-02 2.34363680985515e-05 3.38632534402548e-05 4.94430958667930e-01 -2.77201372795633e-07 -1.56700514442557e-06 -1.04278233650279e-01 1.73366957516919e-07 -2.91280972457674e-07 1.81882518526377e-02 -1.54977089489010e-08 -1.24705021930457e-08 -4.20982240260685e-07 -7.51714558710990e-07 3.94654940576521e-02 4.77319048475785e-06 2.90678241565851e-08 2.29320468153080e-08 -3.61806520356682e-07 -1.86806346837236e-06 7.63697411991943e-03 9.20912012087244e-07 2.54416334139109e-08 4.88610147262820e-09
 1.34460967313625e-02 -7.64981249606393e-04 -3.47143739117365e-02 1.13856255815304e-01 1.24331512933143e-06 2.71853502806297e-06 -3.79062757684486e-02 1.22642615313546e-07 1.47370966266156e-05 3.92055641536044e-01 2.73962161532601e-07 -7.59363139101029e-07 -6.21224537811335e-02 1.79422998396906e-07 -1.37065169363991e-06 -1.22220868490411e-02 -2.93383339207813e-07 -4.00152875864491e-09 -2.72998180633818e-07 -2.04264067011055e-06 -8.68886277028683e-03 -1.96109556092410e-07 9.98529186546438e-09 -2.27147036387650e-08 1.81023945403570e-07 5.06857963512471e-07 3.30591877484923e-03 1.61140218228409e-07 -1.50962449635560e-09 -2.79015941917074e-08 -2.54351615715063e-03 -1.53643211968235e-03 -1.37401604539024e-01 1.07476937338503e-01 3.36975049026841e-07 -2.05503191837698e-06 3.69405421549839e-02 4.45975130862719e-07 1.70859626279871e-05 -3.44991068273511e-01 -3.86675050407369e-07 -2.81675388601264e-06 6.02740961734698e-02 -2.05786493843660e-07 9.28962637147567e-07 -1.17103152257922e-02 6.56189909410492e-08 1.18032550075909e-08 2.78178361606778e-07 -1.38614840657528e-06 -5.35962503761039e-03 -5.61314769554985e-07 -9.79008061317577e-09 -4.24985195471459e-09 1.82378464648036e-07 -1.41963489423056e-06 -3.25319707752738e-03 -3.91847636507298e-07 -7.02326693688860e-09 1.04529902879445e-08
 -5.23420720929146e-06 2.05907700120352e-07 -1.02797721292376e-05 1.24331512933143e-06 1.77049055493123e-03 -1.32823652863989e-07 -1.39932314910390e-07 -4.00771795522765e-02 1.49571021648042e-06 2.43755029086194e-06 3.38534876375763e-03 -1.64745540802244e-07 -7.98124520927258e-07 7.34573768968634e-08 -5.09644354504461e-08 -2.52273921828242e-07 1.01714949668863e-03 3.44757571316678e-08 -6.94495523407384e-08 1.31000420160918e-08 1.12329360576932e-07 1.80173443095668e-03 -4.06204584572623e-08 1.03546866146678e-07 6.11691692297588e-09 -1.52376154629967e-08 4.90682813808551e-08 -3.74879998423550e-04 1.34653374622370e-08 -4.90550520514897e-07 1.14126695821012e-06 3.22585102133059e-08 3.83807312614492e-06 3.02072587687091e-06 1.77054523699418e-03 7.38231075208195e-10 1.08989439841472e-06 -4.00771905402752e-02 1.45578002863205e-06 -8.49654528651896e-06 3.38541905107418e-03 -8.49459797500263e-08 1.59030178511436e-06 5.19556673982233e-08 2.27580929313195e-08 -2.48613538730031e-07 -1.01709459654572e-03 2.72078663589750e-08 1.13806820286221e-09 1.45786933652416e-07 8.02235620993223e-09 -1.80167115331108e-03 3.01430443397255e-09 1.04928887427250e-07 4.28794919003124e-09 4.03224207152065e-08 3.22855637741383e-08 -3.74835051496261e-04 4.46637289605917e-10 -4.88653834101679e-07
 -6.03496956966808e-07 1.75232843049223e-07 -5.16837851263828e-07 2.71853502806297e-06 -1.32823652863989e-07 1.77047792738871e-03 -3.22602734547882e-07 1.55135260025008e-06 -4.00770349280421e-02 1.23157932099315e-05 -1.68827079198453e-07 3.38533429178733e-03 -1.41477490564675e-06 3.62501106892771e-08 1.01714526741930e-03 -5.16319836456813e-07 -5.21508603018090e-08 -7.09094929133275e-08 -3.90411382788949e-08 1.80173470994231e-03 -4.19232449094089e-07 1.02337309714618e-08 7.00244529641517e-08 4.91225106216603e-07 3.30561871103815e-09 -3.74879737230794e-04 1.32554593177189e-07 -1.48673516184309e-08 -4.26666751272878e-10 1.04253002659377e-07 -1.31940675648698e-06 -4.08146216253143e-07 -5.44611872061135e-06 4.45779588898827e-06 -2.24478237742325e-10 1.77054381512014e-03 1.99240439271358e-06 1.51117933535553e-06 -4.00770495295918e-02 -9.32844151462547e-06 -8.84710950295055e-08 3.38541112307905e-03 2.55076362588194e-06 2.25436331366834e-08 -1.01709278473191e-03 -3.42679091275067e-07 2.39932160127386e-08 -5.01431367912667e-08 1.38792199484635e-09 -1.80165763515355e-03 4.82569635127649e-07 1.48423242958217e-07 -2.22511308921026e-09 4.89690450164435e-07 -4.10356291713158e-09 -3.74830142094184e-04 6.41002210388560e-08 4.06880647361498e-08 -6.77569407596743e-09 1.02143148614391e-07
 3.82305767636634e-04 3.55550542036313e-04 1.90788185863084e-02 -3.79062757684486e-02 -1.39932314910390e-07 -3.22602734547882e-07 1.27474493852670e-02 -8.17788413582331e-06 -1.76172917624013e-05 -1.28693772130800e-01 5.62559406906377e-07 1.28116630262441e-06 2.07211094471830e-02 -6.01872039476136e-08 7.65417451044843e-07 4.07282454221432e-03 2.98485868557791e-07 1.19921917420018e-09 9.08560422696009e-08 1.23343387815004e-06 2.60260594165792e-03 4.81542928002314e-07 -3.43667838737349e-09 7.30739046318034e-09 -6.19871535611894e-08 -2.65327678178514e-07 -1.09748015688482e-03 -1.42629771407020e-07 7.98429588896775e-10 9.01655881749314e-09 3.11039825589453e-03 4.72227582396040e-04 3.45629196872502e-02 -3.69396651920962e-02 2.94767332074336e-07 1.14446535900311e-06 -1.26008003019224e-02 -8.38362878191539e-06 -1.83923260699557e-05 1.21599542077785e-01 8.76171251819961e-07 2.08482763163077e-06 -2.04400915350687e-02 6.86909596006318e-08 -6.47111842825026e-07 3.99581785985246e-03 -2.33436786566282e-07 -3.92558668490203e-09 -9.38567024555405e-08 -1.35110259017328e-07 2.10174666318961e-03 -1.37461750955572e-07 3.57755259143678e-09 2.15597695294322e-09 -5.76337288408708e-08 3.29926283205923e-07 1.08966420125974e-03 6.75895480266742e-08 2.43964139463436e-09 -3.26989160200417e-09
 1.06102797050680e-05 -6.34036374147909e-06 3.42940520532801e-05 1.22642615313546e-07 -4.00771795522765e-02 1.55135260025008e-06 -8.17788413582331e-06 9.07195125277752e-01 -9.05177848982766e-07 -1.52855580006015e-06 -7.66314372359061e-02 9.46630011852299e-07 -1.48845855112763e-06 -1.66277304881335e-06 3.17271144370307e-07 2.16445251931799e-06 -2.30244013358145e-02 -7.80339344752932e-07 1.57203007463561e-06 -1.77790806319160e-06 -5.46030384552447e-07 -4.07844251847542e-02 9.19438975441284e-07 -2.34430809040107e-06 -1.38352659765139e-07 6.52911435074067e-07 8.03842497841973e-08 8.48585965085264e-03 -3.04811315486783e-07 1.11041124618079e-05 5.70845420490482e-08 -2.21437565585740e-08 -5.98183773364215e-07 -2.17530344693022e-05 -4.00784202299823e-02 -1.47144729755925e-06 -1.05382617652071e-05 9.07195375976963e-01 -4.41739639658878e-10 8.69975089965326e-06 -7.66330299014259e-02 -8.61993822040617e-07 -1.11106741910437e-05 -1.17616690072750e-06 3.21451959446497e-07 7.38050994546173e-07 2.30231586819910e-02 -6.15837806545645e-07 -2.56553157431723e-08 -1.81873500543217e-06 -7.24634506719303e-06 4.07829909229996e-02 -6.82383792486522e-08 -2.37560260902251e-06 -9.70221648822794e-08 -6.04563688308890e-07 -2.01735705924932e-06 8.48484152665951e-03 -1.01093220116084e-08 1.10611817313792e-05
 1.12312757200453e-05 -4.18550430760836e-06 3.92805046040854e-05 1.47370966266156e-05 1.49571021648042e-06 -4.00770349280421e-02 -1.76172917624013e-05 -9.05177848982766e-07 9.07195058780378e-01 -4.02205920784077e-06 9.31758238249879e-07 -7.66313810585913e-02 -8.80142338106662e-06 -8.20518808813828e-07 -2.30243877005384e-02 3.58715919216079e-06 3.11994837866672e-07 1.60509403131226e-06 8.83630024977346e-07 -4.07845758821075e-02 2.35981878965625e-06 -1.76960547206115e-06 -1.58505232242523e-06 -1.11196155697993e-05 -7.47352281487878e-08 8.48588382892061e-03 -8.71640458387701e-07 6.56614996184365e-07 9.64773867145682e-09 -2.35950177131034e-06 -6.00541136439463e-06 7.76444442930937e-06 -1.31417900029565e-05 -3.48744514084688e-05 -1.50589098215623e-06 -4.00785304123634e-02 -2.17315936824501e-05 3.93032532387816e-09 9.07195390936588e-01 1.15254804468452e-05 -8.87287352909784e-07 -7.66331211568094e-02 -1.98789192358376e-05 -5.10476476944222e-07 2.30231992693679e-02 4.66904136539264e-07 3.25135276179928e-07 1.13503851621970e-06 -3.12476645192902e-08 4.07828284290857e-02 -1.27498112428865e-05 -1.82196965861842e-06 5.03609557346313e-08 -1.10848609038388e-05 9.30082112287965e-08 8.48475955986103e-03 -3.50037998695746e-06 -6.01271428571923e-07 1.53372477542879e-07 -2.31171549277708e-06
 5.76719826968560e-03 -1.78352868128113e-03 2.81187460046147e-01 3.92055641536044e-01 2.43755029086194e-06 1.23157932099315e-05 -1.28693772130800e-01 -1.52855580006015e-06 -4.02205920784077e-06 1.44628192470992e+00 4.45120252110898e-07 1.07730603477821e-06 -2.01033378017020e-01 5.71868859684330e-07 -3.70040710238438e-06 -4.07896172182151e-02 -9.66126702905651e-07 -2.35971168680021e-08 -9.00953759109454e-07 -5.22502474066094e-06 -3.46492833575492e-02 1.40277160887053e-07 3.63299375799191e-08 -9.18463239263316e-08 4.14895204288895e-07 1.86121859599409e-06 1.01103229695266e-02 3.41237893417647e-07 9.57304325308512e-09 -1.06294622387049e-07 1.58333287924733e-02 -7.27015407451143e-03 -4.94457941768884e-01 3.44944728392634e-01 2.18129051875263e-06 -5.55097836577573e-06 1.21587148831975e-01 -2.95141720383855e-06 3.01725479967890e-06 -1.09001570845577e+00 -5.37536204001507e-07 -4.71905073883160e-06 1.87439853062174e-01 -6.88330039783621e-07 1.50840183357054e-06 -3.68182580931597e-02 -4.85425638057545e-08 3.87545377722850e-08 8.80170608631424e-07 -7.99012363287825e-06 -9.23154603049649e-03 -1.32480188790197e-06 -2.74530166460615e-08 -8.12587797717581e-09 5.63693685870272e-07 -6.09115641338958e-06 -9.63927603718794e-03 -1.28114896425672e-06 -1.88836114648929e-08 3.80983302196307e-08
 -1.38165934007484e-06 5.09433404359899e-07 -5.72675354672311e-06 2.73962161532601e-07 3.38534876375763e-03 -1.68827079198453e-07 5.62559406906377e-07 -7.66314372359061e-02 9.31758238249879e-07 4.45120252110898e-07 6.47311368801740e-03 -1.52196105927159e-07 -6.48829769706280e-08 1.40455644102949e-07 -4.85055197590489e-08 -2.16991567452894e-07 1.94488805961211e-03 6.59173927057982e-08 -1.32790573833948e-07 1.11733324201940e-07 1.06438996853379e-07 3.44509027563835e-03 -7.76671245292371e-08 1.98015014841458e-07 1.16881416626941e-08 -4.71584034638447e-08 3.90340099799297e-09 -7.16806780739228e-04 2.57475321068763e-08 -9.37974736234470e-07 2.48123392563752e-07 1.59111717655158e-08 2.58237298472850e-06 2.45346730339402e-06 3.38545352154761e-03 8.65350858813776e-08 1.06848940040142e-06 -7.66314583814670e-02 8.55339978120327e-07 -3.50912889523269e-06 6.47324819221554e-03 5.40351081153995e-10 1.22494120658118e-06 9.93504418054177e-08 -5.44139494145849e-09 -1.23278484105097e-07 -1.94478308843651e-03 5.20213763806609e-08 2.16840141715170e-09 1.92083297689588e-07 4.98222319726913e-07 -3.44496915298727e-03 5.76407070432260e-09 2.00658278536859e-07 8.19559582593543e-09 5.90707527287158e-08 1.56914850644853e-07 -7.16720788167420e-04 8.54024453515825e-10 -9.34348362025252e-07
 -2.50422779583366e-06 3.16300307205927e-07 -7.37520380458027e-06 -7.59363139101029e-07 -1.64745540802244e-07 3.38533429178733e-03 1.28116630262441e-06 9.46630011852299e-07 -7.66313810585913e-02 1.07730603477821e-06 -1.52196105927159e-07 6.47310468079166e-03 4.11316060954277e-07 6.93092376151356e-08 1.94488562475319e-03 -3.62409915130848e-07 -4.84388363160543e-08 -1.35584071669636e-07 -7.46406418683466e-08 3.44510074876705e-03 -1.32727893639950e-07 1.10340673270481e-07 1.33891398827996e-07 9.39279304355923e-07 6.31493842737590e-09 -7.16808361148140e-04 9.25841769951337e-08 -4.73194277305649e-08 -8.15398982372368e-10 1.99319346362319e-07 1.16014354534443e-07 -6.41495427274947e-07 3.86105632630653e-06 3.85430772247784e-06 8.87436866399359e-08 3.38546063565438e-03 2.10658896082417e-06 8.69878810844647e-07 -7.66314091024691e-02 -4.83120230612786e-06 1.42241317076903e-09 6.47325161693385e-03 2.13358657458115e-06 4.31180810073184e-08 -1.94478522772521e-03 -1.32647722833911e-07 -5.37838632730384e-09 -9.58780061882793e-08 2.64139860737610e-09 -3.44495313937608e-03 9.22865663891779e-07 1.93003424170591e-07 -4.25425290505618e-09 9.36343223016745e-07 -7.85635797605009e-09 -7.16713384428301e-04 2.73300343930051e-07 5.89220539538140e-08 -1.29555725013245e-08 1.95282736666437e-07
 -4.95477609411426e-03 3.73687811876868e-04 7.46670447631772e-02 -6.21224537811335e-02 -7.98124520927258e-07 -1.41477490564675e-06 2.07211094471830e-02 -1.48845855112763e-06 -8.80142338106662e-06 -2.01033378017020e-01 -6.48829769706280e-08 4.11316060954277e-07 3.63369757809275e-02 -1.02000785902454e-07 7.48110457809523e-07 6.93413404242876e-03 2.20972258566954e-07 7.63046069912170e-10 1.54401732114922e-07 1.08675742847109e-06 4.69749818693960e-03 1.94371820424878e-07 -4.77917737146007e-09 1.06418106467800e-08 -1.30707362797049e-07 -2.56012860303030e-07 -2.06290737381248e-03 -1.25277831556412e-07 2.78933172840736e-09 1.39698875867303e-08 2.93799476105046e-04 5.97211603386377e-04 1.04273921328660e-01 -6.02768693531325e-02 -3.69033964767763e-08 1.30140188834730e-06 -2.04413992401902e-02 -1.90597309064893e-06 -1.03361103312353e-05 1.87468549488130e-01 2.88954190752158e-07 1.45745684234437e-06 -3.58013984493375e-02 1.15744270894562e-07 -5.31949405034852e-07 6.78695901310506e-03 -9.47237886264968e-08 -6.84650360118206e-09 -1.62031765624338e-07 6.59432724294692e-07 3.73944549711736e-03 2.87714382104571e-07 5.62058122718295e-09 1.80792422263638e-09 -1.20045893879735e-07 7.14789169714055e-07 2.04805257339313e-03 1.98565104779996e-07 4.54473221058361e-09 -6.16950761916117e-09
 2.99001684107134e-07 -8.62136216556969e-10 -2.27134641129069e-07 1.79422998396906e-07 7.34573768968634e-08 3.62501106892771e-08 -6.01872039476136e-08 -1.66277304881335e-06 -8.20518808813828e-07 5.71868859684330e-07 1.40455644102949e-07 6.93092376151356e-08 -1.02000785902454e-07 4.13052039224047e-12 2.08227878377208e-08 -1.94781979016419e-08 4.22002013384262e-08 -2.24951716640620e-14 -4.15149566058247e-12 3.68895126011577e-08 -1.06488380665096e-08 7.47538681660508e-08 -2.36602208700968e-13 1.43223730264383e-11 7.29061872245765e-13 -7.67639561226303e-09 5.64000815539205e-09 -1.55539940890404e-08 5.40604484515991e-13 -1.82559255084802e-11 1.40512923009065e-08 -1.15136082712972e-09 -1.57621458489344e-07 1.81454915859310e-07 7.34605195032996e-08 3.62509089464221e-08 6.05035290619778e-08 -1.66277294100120e-06 -8.20517067810635e-07 -6.05396138959401e-07 1.40458531513527e-07 6.93101925865209e-08 1.02513612491180e-07 2.28035397948904e-12 -2.08229992313952e-08 -2.00615415753962e-08 -4.21985708009261e-08 1.21388235041627e-13 5.63239481799767e-13 -3.68857791300764e-08 -1.34657331124321e-08 -7.47493584304805e-08 6.04262829563158e-14 1.43692643323433e-11 4.07629847162327e-13 -7.67500270881689e-09 -5.83399861312584e-09 -1.55515735825063e-08 -1.33938878687131e-13 -1.81685986025660e-11
 6.55072871660473e-07 1.05746291332401e-07 -2.09757514676191e-06 -1.37065169363991e-06 -5.09644354504461e-08 1.01714526741930e-03 7.65417451044843e-07 3.17271144370307e-07 -2.30243877005384e-02 -3.70040710238438e-06 -4.85055197590489e-08 1.94488562475319e-03 7.48110457809523e-07 2.08227878377208e-08 5.84353314647816e-04 1.54075721022388e-08 -1.53837830041657e-08 -4.07370754430247e-08 -2.24235904759539e-08 1.03510253040846e-03 5.71510766065168e-08 3.16785061482407e-08 4.02284561502834e-08 2.82212600472290e-07 1.89582588287881e-09 -2.15369654825749e-04 -5.69214419783350e-09 -1.39131437642553e-08 -2.44998564045671e-10 5.98874694337466e-08 -2.73613012107997e-07 -1.75421631176489e-07 2.85719537499873e-06 9.80452781322644e-08 2.52107029159783e-08 1.01718328016746e-03 2.64634808895502e-07 2.94207596894503e-07 -2.30243961518722e-02 1.83770925239628e-06 -2.34447942738916e-09 1.94492979184457e-03 3.97953788151265e-08 1.29571797571516e-08 -5.84323142879259e-04 7.49572265349949e-08 -7.82276397345414e-10 -2.88073027538277e-08 7.90912364380424e-10 -1.03505814376017e-03 3.19219634557217e-07 5.94727388686238e-08 -1.27812853753093e-09 2.81330239851117e-07 -2.36237766639754e-09 -2.15341095085663e-04 1.13712500176618e-07 1.80157939028161e-08 -3.89251587941785e-09 5.86742336764737e-08
 3.86575139209879e-04 7.99563227800210e-05 9.56572147441895e-03 -1.22220868490411e-02 -2.52273921828242e-07 -5.16319836456813e-07 4.07282454221432e-03 2.16445251931799e-06 3.58715919216079e-06 -4.07896172182151e-02 -2.16991567452894e-07 -3.62409915130848e-07 6.93413404242876e-03 -1.94781979016419e-08 1.54075721022388e-08 1.34315332938205e-03 -2.02085862419338e-08 2.95256269653705e-10 2.98447529322605e-08 -1.98143397162195e-08 9.38595277335343e-04 -7.27363013624134e-08 -1.01263827765844e-09 2.17258706340893e-09 -2.26723626520187e-08 -5.24936736590688e-09 -3.84010853517695e-04 -1.37044237563819e-09 3.67514902991134e-10 2.89183677135698e-09 -1.24483956136478e-03 1.36710573659766e-04 1.81905292846090e-02 -1.17097366860556e-02 -1.20494252230272e-07 8.25355297545080e-09 -3.99569933916371e-03 2.10278561159286e-06 3.30636758408109e-06 3.68197509575186e-02 -1.47325307956295e-07 -1.50059148079994e-07 -6.78654978510123e-03 2.27147600342493e-08 3.21646350586585e-08 1.29770290945971e-03 4.66522750710951e-08 -1.31649808621743e-09 -3.10289943114113e-08 3.74710222157711e-07 6.53119571744397e-04 1.64739016647202e-07 1.08183806176224e-09 3.18596743100968e-10 -2.20055749687630e-08 1.97046032438168e-07 3.77911439000634e-04 6.36335834249606e-08 8.39358607514727e-10 -1.15645384727982e-09
 3.99832007407758e-07 1.59311001752420e-07 -6.96566860174989e-07 -2.93383339207813e-07 1.01714949668863e-03 -5.21508603018090e-08 2.98485868557791e-07 -2.30244013358145e-02 3.11994837866672e-07 -9.66126702905651e-07 1.94488805961211e-03 -4.84388363160543e-08 2.20972258566954e-07 4.22002013384262e-08 -1.53837830041657e-08 -2.02085862419338e-08 5.84353954038675e-04 1.98053507695361e-08 -3.98968052486780e-08 3.21338605569374e-08 5.55557761633100e-08 1.03509922601234e-03 -2.33356656043128e-08 5.94945087461739e-08 3.51079189799976e-09 -1.38704932050048e-08 -1.35184346108534e-08 -2.15369145392666e-04 7.73604697509127e-09 -2.81820465634556e-07 -2.20099355949826e-07 5.33311741033929e-09 1.41952286644728e-06 3.29573348131055e-07 1.01718098447108e-03 2.45887977829300e-08 1.86592154227590e-07 -2.30244076966728e-02 2.89022778422103e-07 2.13928310738982e-07 1.94492847676850e-03 -2.53925199318822e-09 1.18036913218272e-07 2.98512479258095e-08 -8.23591269904276e-10 8.97379989403477e-09 -5.84322413621989e-04 1.56301456800041e-08 6.50418207434158e-10 5.91585510632042e-08 1.83538176183091e-07 -1.03506282666593e-03 1.73189782800303e-09 6.02886786164232e-08 2.46157807412876e-09 1.80523185787229e-08 6.14412490877387e-08 -2.15343304253516e-04 2.56639821411903e-10 -2.80731006607451e-07
 1.02872953800924e-08 5.32872064968281e-12 -3.91423169249692e-08 -4.00152875864491e-09 3.44757571316678e-08 -7.09094929133275e-08 1.19921917420018e-09 -7.80339344752932e-07 1.60509403131226e-06 -2.35971168680021e-08 6.59173927057982e-08 -1.35584071669636e-07 7.63046069912170e-10 -2.24951716640620e-14 -4.07370754430247e-08 2.95256269653705e-10 1.98053507695361e-08 3.51228050272273e-12 2.16065969308364e-13 -7.21581939056452e-08 6.61883654382741e-10 3.50781750893009e-08 -3.59593628425479e-12 -1.76552552997945e-11 3.29897194643423e-15 1.50133738171020e-08 2.76194845332683e-11 -7.29807434400128e-09 2.77822633642829e-13 -1.37239805573919e-11 2.53977971864617e-10 2.74975595853256e-10 2.50272477381062e-10 -1.75033669264491e-09 3.44713178269637e-08 -7.09092776066926e-08 -9.04398225453541e-10 -7.80337743536184e-07 1.60509387589266e-06 5.42689640591460e-09 6.59154830478958e-08 -1.35585590137427e-07 -1.36970762966666e-10 1.13351330383930e-13 4.07344983341000e-08 8.11853809842904e-11 -1.98031260225057e-08 2.53774329744786e-12 -3.47611631630421e-14 7.21584534716954e-08 -6.71216418870250e-10 -3.50833646830310e-08 1.47633109774287e-13 -1.75691049953205e-11 2.51110248862660e-13 1.50126585811764e-08 -6.29737878077246e-11 -7.29941510180331e-09 2.79758912010235e-13 -1.36049763586400e-11
 -2.07546474502349e-07 1.28692239722685e-09 2.45070984049116e-07 -2.72998180633818e-07 -6.94495523407384e-08 -3.90411382788949e-08 9.08560422696009e-08 1.57203007463561e-06 8.83630024977346e-07 -9.00953759109454e-07 -1.32790573833948e-07 -7.46406418683466e-08 1.54401732114922e-07 -4.15149566058247e-12 -2.24235904759539e-08 2.98447529322605e-08 -3.98968052486780e-08 2.16065969308364e-13 4.27877732401131e-12 -3.97254420373850e-08 1.96415641704499e-08 -7.06743933395661e-08 2.65052650389278e-14 -1.48427682019558e-11 -8.64626081409595e-13 8.26613475768689e-09 -8.59946060745477e-09 1.47049975358648e-08 -5.08662612772815e-13 1.70053698170983e-11 -1.27622607369635e-07 2.25928501553581e-09 3.49073608853608e-07 -2.66099414641981e-07 -6.94519462732321e-08 -3.90372943509216e-08 -8.98578481456336e-08 1.57202989858627e-06 8.83626020610245e-07 8.53625286641911e-07 -1.32793275175136e-07 -7.46403451015886e-08 -1.52402951179599e-07 -2.00824149660885e-12 2.24243270001167e-08 2.93723773667900e-08 3.98957066626624e-08 8.40480102279448e-15 -7.97171408240857e-13 3.97248783616587e-08 1.63697538170062e-08 7.06703473073197e-08 -4.30200573878394e-14 -1.49027435975793e-11 -5.80158249975716e-13 8.26681602946485e-09 8.57413607006069e-09 1.47032091511651e-08 1.51986405534753e-13 1.68915543958796e-11
 2.19592194737582e-07 1.88186327887298e-07 -4.09933997589246e-06 -2.04264067011055e-06 1.31000420160918e-08 1.80173470994231e-03 1.23343387815004e-06 -1.77790806319160e-06 -4.07845758821075e-02 -5.22502474066094e-06 1.11733324201940e-07 3.44510074876705e-03 1.08675742847109e-06 3.68895126011577e-08 1.03510253040846e-03 -1.98143397162195e-08 3.21338605569374e-08 -7.21581939056452e-08 -3.97254420373850e-08 1.83354355731936e-03 5.20340387967243e-08 1.61307677965836e-07 7.12569060497540e-08 4.99907273788125e-07 3.35941084304616e-09 -3.81498093038365e-04 6.08476532736232e-09 -4.65304354240999e-08 -4.33213041755222e-10 1.06053777715280e-07 2.06310200403208e-06 -3.07671658414362e-07 3.67118437531114e-06 5.25440367422584e-07 1.48029604585818e-07 1.80180203519699e-03 5.86696611889816e-07 -1.81876079987113e-06 -4.07845908435060e-02 2.40752295629949e-06 1.93506547123809e-07 3.44517898676033e-03 3.00371825749898e-07 2.29537312695598e-08 -1.03504909189994e-03 9.36898790600253e-08 -6.07696113393243e-08 -5.10265733428912e-08 1.40230043757635e-09 -1.83346493272150e-03 5.56143394826514e-07 1.54415113233839e-10 -2.26388922252822e-09 4.98344460552442e-07 -4.18303891182162e-09 -3.81447510668313e-04 1.87825155322802e-07 1.00255408533287e-08 -6.89508269400036e-09 1.03904947399009e-07
 3.59700122536341e-05 -1.49070517463504e-04 -1.58498610390786e-02 -8.68886277028683e-03 1.12329360576932e-07 -4.19232449094089e-07 2.60260594165792e-03 -5.46030384552447e-07 2.35981878965625e-06 -3.46492833575492e-02 1.06438996853379e-07 -1.32727893639950e-07 4.69749818693960e-03 -1.06488380665096e-08 5.71510766065168e-08 9.38595277335343e-04 5.55557761633100e-08 6.61883654382741e-10 1.96415641704499e-08 5.20340387967243e-08 1.40835825134039e-03 -7.26139113214121e-08 -4.70987204464874e-10 2.62877363502422e-09 -7.80928790757084e-09 -7.83335488684233e-08 -2.63454328533122e-04 2.48887576037202e-09 -6.34225123542468e-10 2.71150254223520e-09 -3.83357036807992e-03 2.34247193778761e-04 3.94656724091704e-02 -5.35677651672608e-03 -9.94813875344177e-08 2.76798397963551e-07 -2.10077463979926e-03 -3.43895448372841e-07 2.14383342414651e-06 9.22331452773110e-03 -7.13870024858381e-08 -2.66140541074381e-07 -3.73805473784550e-03 1.50905197099253e-08 5.99498538604011e-08 6.52862162182007e-04 -3.10122988317381e-09 -9.33444893907861e-10 -1.73759414006920e-08 3.31932731856378e-07 -4.11121628697009e-04 -6.88717488713586e-08 -6.51632489150587e-11 -1.15264184309096e-09 -2.11972136413422e-08 2.06400831355356e-07 2.28148356496829e-04 1.99409365524483e-09 2.63504176022392e-10 -1.54058732610376e-09
 2.11839902770630e-06 3.27213510868046e-07 1.67278135289573e-06 -1.96109556092410e-07 1.80173443095668e-03 1.02337309714618e-08 4.81542928002314e-07 -4.07844251847542e-02 -1.76960547206115e-06 1.40277160887053e-07 3.44509027563835e-03 1.10340673270481e-07 1.94371820424878e-07 7.47538681660508e-08 3.16785061482407e-08 -7.27363013624134e-08 1.03509922601234e-03 3.50781750893009e-08 -7.06743933395661e-08 1.61307677965836e-07 -7.26139113214121e-08 1.83352987093521e-03 -4.13317768798822e-08 1.05414209008196e-07 6.21893714404177e-09 -4.62782728355572e-08 -9.93704378009799e-09 -3.81495563347221e-04 1.37033953037698e-08 -4.99198672795004e-07 -8.55679763147034e-07 -1.83734783870035e-08 -4.09614038463719e-06 3.14222623003251e-07 1.80179027385593e-03 1.46086228305588e-07 2.88067783786660e-07 -4.07844364992495e-02 -1.81028174746323e-06 2.88753376757875e-06 3.44516191938574e-03 1.91705882871305e-07 2.34619528120241e-07 5.28782537181201e-08 -6.04001937741979e-08 2.60252254600208e-08 -1.03504336460928e-03 2.76836927462701e-08 1.15226410151217e-09 3.74725965663866e-10 4.62172372526393e-07 -1.83346534312098e-03 3.06782007781279e-09 1.06821410038122e-07 4.36221909577073e-09 1.02420225401509e-08 9.94803615367740e-08 -3.81449775782628e-04 4.54243474460621e-10 -4.97268613150819e-07
 -5.00095193538442e-09 -1.90366062922336e-10 4.68972264914185e-09 9.98529186546438e-09 -4.06204584572623e-08 7.00244529641517e-08 -3.43667838737349e-09 9.19438975441284e-07 -1.58505232242523e-06 3.63299375799191e-08 -7.76671245292371e-08 1.33891398827996e-07 -4.77917737146007e-09 -2.36602208700968e-13 4.02284561502834e-08 -1.01263827765844e-09 -2.33356656043128e-08 -3.59593628425479e-12 2.65052650389278e-14 7.12569060497540e-08 -4.70987204464874e-10 -4.13317768798822e-08 3.70250090958760e-12 1.70502481039011e-11 -8.34034747503339e-16 -1.48258612621255e-08 2.19237385518941e-10 8.59925206161629e-09 -3.25692315924107e-13 1.53738849178672e-11 5.69458460108936e-09 -1.44700332190587e-10 9.12828335747770e-09 1.03990315858679e-08 -4.06166403747730e-08 7.00237806641358e-08 3.54060883786723e-09 9.19437716009254e-07 -1.58505186422317e-06 -3.82878169053400e-08 -7.76657294008942e-08 1.33892262203760e-07 4.91999732369308e-09 -3.19037868006556e-13 -4.02257519701691e-08 -1.02216912247993e-09 2.33332816474835e-08 -2.60632546644921e-12 5.24756385854201e-14 -7.12577746393944e-08 -5.74066918662171e-10 4.13364379749394e-08 -1.58338528132042e-13 1.69586618229301e-11 -2.52977293033894e-13 -1.48253167904212e-08 -2.10155050496489e-10 8.60033866549246e-09 -2.78813300793250e-13 1.52499034750885e-11
 -2.32878028389847e-08 -7.92747326668992e-11 -5.49123591891730e-08 -2.27147036387650e-08 1.03546866146678e-07 4.91225106216603e-07 7.30739046318034e-09 -2.34430809040107e-06 -1.11196155697993e-05 -9.18463239263316e-08 1.98015014841458e-07 9.39279304355923e-07 1.06418106467800e-08 1.43223730264383e-11 2.82212600472290e-07 2.17258706340893e-09 5.94945087461739e-08 -1.76552552997945e-11 -1.48427682019558e-11 4.99907273788125e-07 2.62877363502422e-09 1.05414209008196e-07 1.70502481039011e-11 1.42359761541151e-10 1.26439647789057e-12 -1.04014522763793e-07 -4.76122694209954e-10 -2.19366668064314e-08 6.67464407608067e-13 2.33136963087825e-13 -6.01700836302373e-10 5.10553277292107e-10 4.31285805585121e-08 -1.59549067138009e-08 1.03586421200186e-07 4.91252519224010e-07 -5.85389196791563e-09 -2.34431946493097e-06 -1.11196222952963e-05 4.71749532670301e-08 1.98041261160088e-07 9.39305382288234e-07 -8.49257422858857e-09 9.33326075820381e-12 -2.82199494843302e-07 1.73597995237671e-09 -5.94990330589850e-08 -1.23229837646580e-11 4.05553530410413e-13 -4.99875656064019e-07 -3.11131205458047e-10 -1.05366680716272e-07 -4.40232618328295e-13 1.42006959852435e-10 -9.20730807890177e-13 -1.03996918505279e-07 4.89002557179173e-10 -2.19186152503242e-08 -1.85323993660839e-12 -2.51301000587376e-13
 3.20510962203942e-07 -8.66615684802770e-10 -9.27354625139828e-07 1.81023945403570e-07 6.11691692297588e-09 3.30561871103815e-09 -6.19871535611894e-08 -1.38352659765139e-07 -7.47352281487878e-08 4.14895204288895e-07 1.16881416626941e-08 6.31493842737590e-09 -1.30707362797049e-07 7.29061872245765e-13 1.89582588287881e-09 -2.26723626520187e-08 3.51079189799976e-09 3.29897194643423e-15 -8.64626081409595e-13 3.35941084304616e-09 -7.80928790757084e-09 6.21893714404177e-09 -8.34034747503339e-16 1.26439647789057e-12 8.34670097162043e-13 -6.99878933390560e-10 8.66714268624278e-09 -1.29375127503886e-09 1.09351817385527e-14 -1.52060655015008e-12 1.21828166200616e-07 2.42874233152849e-09 -3.89848695298173e-07 2.12130212325793e-07 6.11151344061468e-09 3.30034926743247e-09 6.66498731110422e-08 -1.38347852457956e-07 -7.47290184506948e-08 -6.62890343441244e-07 1.16861254229089e-08 6.31121708266762e-09 1.39611131554869e-07 -1.80209182070683e-13 -1.89539127038861e-09 -2.55800687969570e-08 -3.51064002226639e-09 2.50304125286959e-14 6.44021227240802e-13 -3.36114868024662e-09 -2.58106674641072e-08 -6.22125493949043e-09 -1.96253467390535e-14 1.26561078745371e-12 5.50428324931237e-13 -7.00107219717125e-10 -9.10032707749366e-09 -1.29446906432565e-09 -3.48974309289937e-14 -1.48013908019609e-12
 -2.10962489820110e-06 -3.07728201887449e-08 2.66809867817647e-06 5.06857963512471e-07 -1.52376154629967e-08 -3.74879737230794e-04 -2.65327678178514e-07 6.52911435074067e-07 8.48588382892061e-03 1.86121859599409e-06 -4.71584034638447e-08 -7.16808361148140e-04 -2.56012860303030e-07 -7.67639561226303e-09 -2.15369654825749e-04 -5.24936736590688e-09 -1.38704932050048e-08 1.50133738171020e-08 8.26613475768689e-09 -3.81498093038365e-04 -7.83335488684233e-08 -4.62782728355572e-08 -1.48258612621255e-08 -1.04014522763793e-07 -6.99878933390560e-10 7.93767935290003e-05 3.47420834969095e-10 1.23286972873806e-08 9.01175866845131e-11 -2.20628111521365e-08 -4.58672358409591e-07 4.87163120436830e-08 -3.04200241363454e-06 -2.60167622029932e-07 -4.32965856731988e-08 -3.74893778905117e-04 -1.48144900400926e-07 6.61394978431349e-07 8.48588694766487e-03 6.16514785252636e-07 -6.41567430054444e-08 -7.16824620740214e-04 -9.90247938028266e-08 -4.77628283034793e-09 2.15358527570697e-04 -6.28182634736238e-09 1.98241485412241e-08 1.06167109856873e-08 -2.92084846091852e-10 3.81481717546523e-04 -4.51035497729917e-08 1.26940281415153e-08 4.71078642497733e-10 -1.03689174303009e-07 8.70772634830236e-10 7.93662525382881e-05 -3.70992495616958e-08 5.60731043459783e-10 1.43465395071662e-09 -2.16155706329483e-08
 3.62941159135019e-04 -1.17232588430161e-05 -6.62650233344243e-03 3.30591877484923e-03 4.90682813808551e-08 1.32554593177189e-07 -1.09748015688482e-03 8.03842497841973e-08 -8.71640458387701e-07 1.01103229695266e-02 3.90340099799297e-09 9.25841769951337e-08 -2.06290737381248e-03 5.64000815539205e-09 -5.69214419783350e-09 -3.84010853517695e-04 -1.35184346108534e-08 2.76194845332683e-11 -8.59946060745477e-09 6.08476532736232e-09 -2.63454328533122e-04 -9.93704378009799e-09 2.19237385518941e-10 -4.76122694209954e-10 8.66714268624278e-09 3.47420834969095e-10 1.24787626162857e-04 7.85229964012778e-09 -2.44268378259700e-10 -6.83891741249898e-10 1.48463472972677e-03 -1.58294847268646e-05 -7.63586333466549e-03 3.25329788892645e-03 -1.36764188381034e-09 -1.92063374850841e-08 1.08969762775643e-03 1.11662052862479e-07 -7.76752510343909e-07 -9.64050089064691e-03 -1.05870934606515e-08 4.56716723951185e-08 2.04802440211014e-03 -6.58587944367965e-09 -6.52056458795524e-09 -3.77915614832286e-04 5.71074153205686e-09 3.94386813060464e-10 9.28078226604148e-09 -9.22221396751682e-08 -2.28230820278672e-04 -1.61995994882787e-08 -3.07090118403258e-10 -2.57589429303113e-11 7.84204641332031e-09 -4.94781322933221e-08 -1.23552311208839e-04 -1.01507297159828e-08 -2.86210053064900e-10 3.60621260364710e-10
 -1.85901193386614e-06 -7.27674019027399e-08 -7.23673870588900e-07 1.61140218228409e-07 -3.74879998423550e-04 -1.48673516184309e-08 -1.42629771407020e-07 8.48585965085264e-03 6.56614996184365e-07 3.41237893417647e-07 -7.16806780739228e-04 -4.73194277305649e-08 -1.25277831556412e-07 -1.55539940890404e-08 -1.39131437642553e-08 -1.37044237563819e-09 -2.15369145392666e-04 -7.29807434400128e-09 1.47049975358648e-08 -4.65304354240999e-08 2.48887576037202e-09 -3.81495563347221e-04 8.59925206161629e-09 -2.19366668064314e-08 -1.29375127503886e-09 1.23286972873806e-08 7.85229964012778e-09 7.93763275653098e-05 -2.85122252756058e-09 1.03865579824210e-07 7.12321643636756e-07 4.01901903945482e-09 4.25040652977427e-07 6.72576053259773e-08 -3.74891627161240e-04 -4.31404068207655e-08 -1.53485235334403e-08 8.48586200921569e-03 6.65084064069177e-07 -9.36389217425243e-07 -7.16821689340319e-04 -6.42520731410654e-08 4.01818108404232e-08 -1.10026835334327e-08 1.98868021129749e-08 -2.00457723482097e-08 2.15357521333745e-04 -5.75965968521712e-09 -2.39400915264752e-10 1.28858469929022e-08 -1.03226931973939e-07 3.81482131235620e-04 -6.38307385846211e-10 -2.22294454005882e-08 -9.07228219684587e-10 5.64152743118760e-10 -2.53566300069044e-08 7.93667967936112e-05 -9.44792671124990e-11 1.03464060356481e-07
 -4.07891446000689e-09 1.55274452429795e-10 6.27039830883165e-08 -1.50962449635560e-09 1.34653374622370e-08 -4.26666751272878e-10 7.98429588896775e-10 -3.04811315486783e-07 9.64773867145682e-09 9.57304325308512e-09 2.57475321068763e-08 -8.15398982372368e-10 2.78933172840736e-09 5.40604484515991e-13 -2.44998564045671e-10 3.67514902991134e-10 7.73604697509127e-09 2.77822633642829e-13 -5.08662612772815e-13 -4.33213041755222e-10 -6.34225123542468e-10 1.37033953037698e-08 -3.25692315924107e-13 6.67464407608067e-13 1.09351817385527e-14 9.01175866845131e-11 -2.44268378259700e-10 -2.85122252756058e-09 1.04860011126943e-13 -3.75721698769688e-12 -6.25233806257295e-09 -3.23264885414486e-10 -3.38752154234949e-09 -5.53869014583445e-09 1.34662125144685e-08 -4.25875324622625e-10 -1.40143692991303e-09 -3.04811804058031e-07 9.64725278925368e-09 2.07706802790041e-08 2.57482731592608e-08 -8.14558148024475e-10 -3.94964794446825e-09 3.97535014399904e-13 2.44676979758146e-10 7.03752124033476e-10 -7.73565188741262e-09 2.18484414506636e-13 -8.64707381092763e-15 4.34211676618864e-10 1.52884362591262e-09 -1.37026974155991e-08 2.46599262015843e-14 6.81346682029267e-13 2.03756892380563e-14 9.03502650302404e-11 2.83262674033556e-10 -2.85083036483567e-09 6.02797028854963e-15 -3.74079014722809e-12
 1.04141874436780e-08 3.61753213249482e-11 -3.34211628327604e-08 -2.79015941917074e-08 -4.90550520514897e-07 1.04253002659377e-07 9.01655881749314e-09 1.11041124618079e-05 -2.35950177131034e-06 -1.06294622387049e-07 -9.37974736234470e-07 1.99319346362319e-07 1.39698875867303e-08 -1.82559255084802e-11 5.98874694337466e-08 2.89183677135698e-09 -2.81820465634556e-07 -1.37239805573919e-11 1.70053698170983e-11 1.06053777715280e-07 2.71150254223520e-09 -4.99198672795004e-07 1.53738849178672e-11 2.33136963087825e-13 -1.52060655015008e-12 -2.20628111521365e-08 -6.83891741249898e-10 1.03865579824210e-07 -3.75721698769688e-12 1.42059582270381e-10 -5.06616206190047e-10 5.85448425425248e-10 4.11108696223650e-08 -2.35748792420118e-08 -4.90557969400859e-07 1.04221276216315e-07 -8.47138016364393e-09 1.11041133601488e-05 -2.35949205267994e-06 7.19389039440845e-08 -9.37989497550212e-07 1.99302068701136e-07 -1.27645679049204e-08 -1.30206807742820e-11 -5.98763651258890e-08 2.49129870664074e-09 2.81803687969712e-07 -1.04926698455750e-11 -2.91931419006897e-13 -1.06092247177510e-07 1.97046299180118e-10 4.99190492940213e-07 -9.64589844352757e-13 -2.47098773135505e-13 -1.46848485430219e-12 -2.20746394689766e-08 6.20587575678154e-10 1.03856505932506e-07 -5.21503266094792e-13 1.41398922119392e-10
 -1.57000065671176e-03 1.88679126678146e-03 -2.93023598365078e-02 -2.54351615715063e-03 1.14126695821012e-06 -1.31940675648698e-06 3.11039825589453e-03 5.70845420490482e-08 -6.00541136439463e-06 1.58333287924733e-02 2.48123392563752e-07 1.16014354534443e-07 2.93799476105046e-04 1.40512923009065e-08 -2.73613012107997e-07 -1.24483956136478e-03 -2.20099355949826e-07 2.53977971864617e-10 -1.27622607369635e-07 2.06310200403208e-06 -3.83357036807992e-03 -8.55679763147034e-07 5.69458460108936e-09 -6.01700836302373e-10 1.21828166200616e-07 -4.58672358409591e-07 1.48463472972677e-03 7.12321643636756e-07 -6.25233806257295e-09 -5.06616206190047e-10 1.99617103920997e+00 7.27107832910479e-03 -2.64208823400973e-02 1.34388106009645e-02 -1.42207004853186e-06 5.10115873190489e-06 -3.86955045854578e-04 1.00009663338988e-06 -6.93050499693282e-06 -5.75598610598442e-03 -1.01854250820926e-07 -8.47501090522471e-07 4.95070927142516e-03 -3.67706756143046e-07 -8.27550501588946e-07 3.86318628389473e-04 -5.22289776059682e-07 1.37300567095177e-08 2.42565970154336e-07 1.11766906535310e-06 3.36090151413808e-05 -5.87246613768932e-07 -1.07930282128560e-08 1.18288647356105e-09 3.22300349190135e-07 -9.82908270135550e-07 -3.65133213936247e-04 -4.41192748998100e-07 -1.58998449933561e-08 -1.16199182552523e-08
 1.88625343138388e-03 -5.88490504300237e-06 -8.13215891353916e-03 -1.53643211968235e-03 3.22585102133059e-08 -4.08146216253143e-07 4.72227582396040e-04 -2.21437565585740e-08 7.76444442930937e-06 -7.27015407451143e-03 1.59111717655158e-08 -6.41495427274947e-07 5.97211603386377e-04 -1.15136082712972e-09 -1.75421631176489e-07 1.36710573659766e-04 5.33311741033929e-09 2.74975595853256e-10 2.25928501553581e-09 -3.07671658414362e-07 2.34247193778761e-04 -1.83734783870035e-08 -1.44700332190587e-10 5.10553277292107e-10 2.42874233152849e-09 4.87163120436830e-08 -1.58294847268646e-05 4.01901903945482e-09 -3.23264885414486e-10 5.85448425425248e-10 7.27107832910479e-03 9.42142364553407e-05 3.90040939929343e-03 -7.62213949320228e-04 -3.01157154973023e-08 -2.71023223727152e-07 -3.54630136895621e-04 3.56352622180232e-08 7.74490039816757e-06 1.77484885397629e-03 -1.32003954986793e-08 -6.57731966513772e-07 -3.72239819699457e-04 8.91561320149999e-10 1.95414962078689e-07 7.96864958309715e-05 1.90795254842645e-09 -6.32089415357870e-11 -1.04853876042583e-09 4.00567747823537e-07 -1.49182652808908e-04 -1.21498748738569e-08 -7.50442312347709e-11 -2.29314541599019e-10 -3.71778052724301e-10 1.07054099354013e-07 1.16386903730386e-05 1.38512524087064e-09 -8.21577263565104e-11 -2.88105164541593e-10
 -2.93071035861061e-02 -8.13213852575195e-03 1.17709540972025e-02 -1.37401604539024e-01 3.83807312614492e-06 -5.44611872061135e-06 3.45629196872502e-02 -5.98183773364215e-07 -1.31417900029565e-05 -4.94457941768884e-01 2.58237298472850e-06 3.86105632630653e-06 1.04273921328660e-01 -1.57621458489344e-07 2.85719537499873e-06 1.81905292846090e-02 1.41952286644728e-06 2.50272477381062e-10 3.49073608853608e-07 3.67118437531114e-06 3.94656724091704e-02 -4.09614038463719e-06 9.12828335747770e-09 4.31285805585121e-08 -3.89848695298173e-07 -3.04200241363454e-06 -7.63586333466549e-03 4.25040652977427e-07 -3.38752154234949e-09 4.11108696223650e-08 -2.64208823400973e-02 3.90040939929343e-03 1.70064783216972e+00 -3.47467750094741e-02 -3.47305217514388e-06 1.54280565585015e-05 -1.90871657469716e-02 5.22364312236574e-06 -2.06605566222321e-05 -2.81152450282781e-01 -5.95567278641559e-06 -6.44645729775872e-06 -7.46891293585283e-02 2.40345084692304e-07 5.48276283478628e-07 9.56678133385159e-03 1.79819940530634e-07 -1.98717005862697e-08 -2.98127738543064e-07 3.93292039319305e-06 -1.58515608725081e-02 -2.43388531017979e-06 -1.80381670398615e-08 -5.92091206772854e-08 -7.54907189194514e-07 3.59736780488736e-06 6.62671948636669e-03 -5.79357217749920e-07 5.50978905581221e-09 -4.83835278726280e-08
 -2.53956661872850e-03 -1.53878625982470e-03 -1.37415520272255e-01 1.07476937338503e-01 3.02072587687091e-06 4.45779588898827e-06 -3.69396651920962e-02 -2.17530344693022e-05 -3.48744514084688e-05 3.44944728392634e-01 2.45346730339402e-06 3.85430772247784e-06 -6.02768693531325e-02 1.81454915859310e-07 9.80452781322644e-08 -1.17097366860556e-02 3.29573348131055e-07 -1.75033669264491e-09 -2.66099414641981e-07 5.25440367422584e-07 -5.35677651672608e-03 3.14222623003251e-07 1.03990315858679e-08 -1.59549067138009e-08 2.12130212325793e-07 -2.60167622029932e-07 3.25329788892645e-03 6.72576053259773e-08 -5.53869014583445e-09 -2.35748792420118e-08 1.34388106009645e-02 -7.62213949320228e-04 -3.47467750094741e-02 1.13832795372290e-01 8.03342302070115e-07 1.25587577848594e-06 3.78990291619621e-02 -2.03841318790517e-05 -3.26466242321109e-05 -3.92009315611397e-01 9.27027700441319e-07 7.94231681788285e-07 6.21096438026691e-02 -2.04449797183213e-07 -2.08949551154467e-07 -1.22204132319107e-02 -4.32031441565474e-07 1.14128442913657e-08 2.86558447708899e-07 -3.18100069708225e-06 -8.69093525268253e-03 -1.91281113530261e-06 -1.27375248395384e-08 -8.62836734285982e-09 1.60083472171040e-07 -1.53463575930165e-06 -3.30560200822274e-03 -6.84206255271017e-07 -8.35443858980747e-09 6.99146474800292e-09
 3.10184095541506e-06 3.16388788023671e-07 2.56369087728712e-06 3.36975049026841e-07 1.77054523699418e-03 -2.24478237742325e-10 2.94767332074336e-07 -4.00784202299823e-02 -1.50589098215623e-06 2.18129051875263e-06 3.38545352154761e-03 8.87436866399359e-08 -3.69033964767763e-08 7.34605195032996e-08 2.52107029159783e-08 -1.20494252230272e-07 1.01718098447108e-03 3.44713178269637e-08 -6.94519462732321e-08 1.48029604585818e-07 -9.94813875344177e-08 1.80179027385593e-03 -4.06166403747730e-08 1.03586421200186e-07 6.11151344061468e-09 -4.32965856731988e-08 -1.36764188381034e-09 -3.74891627161240e-04 1.34662125144685e-08 -4.90557969400859e-07 -1.42207004853186e-06 -3.01157154973023e-08 -3.47305217514388e-06 8.03342302070115e-07 1.77060011468232e-03 1.33261052353762e-07 4.55953074315300e-07 -4.00784313508199e-02 -1.54585967041720e-06 9.53808746411267e-07 3.38552391859025e-03 1.68685092694823e-07 4.47792942666598e-07 5.19619780385133e-08 -5.34358375358386e-08 -2.28839048319610e-08 -1.01712608964010e-03 2.72048020238648e-08 1.13339263382794e-09 1.08364112670170e-08 4.34894618985942e-07 -1.80172686629465e-03 3.01467848065055e-09 1.04969359796170e-07 4.28691870704838e-09 1.22378120057488e-08 8.86824263789175e-08 -3.74846633342654e-04 4.46403683470721e-10 -4.88661134975933e-07
 5.31890532497370e-07 1.19124284064028e-07 -4.80585545141411e-06 -2.05503191837698e-06 7.38231075208195e-10 1.77054381512014e-03 1.14446535900311e-06 -1.47144729755925e-06 -4.00785304123634e-02 -5.55097836577573e-06 8.65350858813776e-08 3.38546063565438e-03 1.30140188834730e-06 3.62509089464221e-08 1.01718328016746e-03 8.25355297545080e-09 2.45887977829300e-08 -7.09092776066926e-08 -3.90372943509216e-08 1.80180203519699e-03 2.76798397963551e-07 1.46086228305588e-07 7.00237806641358e-08 4.91252519224010e-07 3.30034926743247e-09 -3.74893778905117e-04 -1.92063374850841e-08 -4.31404068207655e-08 -4.25875324622625e-10 1.04221276216315e-07 5.10115873190489e-06 -2.71023223727152e-07 1.54280565585015e-05 1.25587577848594e-06 1.33261052353762e-07 1.77061010468176e-03 7.63255728085328e-07 -1.51154095206607e-06 -4.00785451519566e-02 -2.98771653983370e-06 1.66818867427199e-07 3.38553741842071e-03 2.89441094071458e-07 2.25553886793155e-08 -1.01713074501854e-03 5.77229491430031e-08 -5.27196595593117e-08 -5.01434325722947e-08 1.37871898423432e-09 -1.80172473748959e-03 3.64950000525622e-07 1.25201728888927e-08 -2.22496971626407e-09 4.89716111173964e-07 -4.11419303198371e-09 -3.74844037320137e-04 2.03768197257901e-07 1.24219641735805e-08 -6.77577448359300e-09 1.02109249320871e-07
 -3.10777708643525e-03 -4.73041117575411e-04 -3.45651528027051e-02 3.69405421549839e-02 1.08989439841472e-06 1.99240439271358e-06 -1.26008003019224e-02 -1.05382617652071e-05 -2.17315936824501e-05 1.21587148831975e-01 1.06848940040142e-06 2.10658896082417e-06 -2.04413992401902e-02 6.05035290619778e-08 2.64634808895502e-07 -3.99569933916371e-03 1.86592154227590e-07 -9.04398225453541e-10 -8.98578481456336e-08 5.86696611889816e-07 -2.10077463979926e-03 2.88067783786660e-07 3.54060883786723e-09 -5.85389196791563e-09 6.66498731110422e-08 -1.48144900400926e-07 1.08969762775643e-03 -1.53485235334403e-08 -1.40143692991303e-09 -8.47138016364393e-09 -3.86955045854578e-04 -3.54630136895621e-04 -1.90871657469716e-02 3.78990291619621e-02 4.55953074315300e-07 7.63255728085328e-07 1.27452547604612e-02 -1.01742848629789e-05 -2.09747113016663e-05 -1.28681441450082e-01 6.24138350265834e-07 1.15142306412667e-06 2.07170325912330e-02 -6.85047365058369e-08 -3.33462746859166e-07 -4.07233122812788e-03 -2.33051702089770e-07 3.83928096723785e-09 9.51370346894659e-08 -1.56796703918383e-06 -2.60332589951769e-03 -7.59853097394007e-07 -4.02406222230875e-09 -2.38629914378149e-09 5.43018231998600e-08 -6.45560572832095e-07 -1.09736319814407e-03 -2.56170772684263e-07 -2.64772326381232e-09 2.63916566147989e-09
 7.53543338667610e-06 -6.41216614986978e-06 2.34363680985515e-05 4.45975130862719e-07 -4.00771905402752e-02 1.51117933535553e-06 -8.38362878191539e-06 9.07195375976963e-01 3.93032532387816e-09 -2.95141720383855e-06 -7.66314583814670e-02 8.69878810844647e-07 -1.90597309064893e-06 -1.66277294100120e-06 2.94207596894503e-07 2.10278561159286e-06 -2.30244076966728e-02 -7.80337743536184e-07 1.57202989858627e-06 -1.81876079987113e-06 -3.43895448372841e-07 -4.07844364992495e-02 9.19437716009254e-07 -2.34431946493097e-06 -1.38347852457956e-07 6.61394978431349e-07 1.11662052862479e-07 8.48586200921569e-03 -3.04811804058031e-07 1.11041133601488e-05 1.00009663338988e-06 3.56352622180232e-08 5.22364312236574e-06 -2.03841318790517e-05 -4.00784313508199e-02 -1.51154095206607e-06 -1.01742848629789e-05 9.07195626775715e-01 9.08687918854678e-07 2.48527178675700e-06 -7.66330511237728e-02 -9.38840004577205e-07 -1.03905175240485e-05 -1.17616923223782e-06 3.44537256712421e-07 5.94512297241298e-07 2.30231650503587e-02 -6.15836764113275e-07 -2.56523342296514e-08 -1.77784518635732e-06 -7.58264168549235e-06 4.07830021537844e-02 -6.82386634590331e-08 -2.37561478102841e-06 -9.70217590437961e-08 -5.96043210156298e-07 -2.05637118683176e-06 8.48484385965106e-03 -1.01093553044730e-08 1.10611823074336e-05
 9.45053196253251e-06 -4.19243896635645e-06 3.38632534402548e-05 1.70859626279871e-05 1.45578002863205e-06 -4.00770495295918e-02 -1.83923260699557e-05 -4.41739639658878e-10 9.07195390936588e-01 3.01725479967890e-06 8.55339978120327e-07 -7.66314091024691e-02 -1.03361103312353e-05 -8.20517067810635e-07 -2.30243961518722e-02 3.30636758408109e-06 2.89022778422103e-07 1.60509387589266e-06 8.83626020610245e-07 -4.07845908435060e-02 2.14383342414651e-06 -1.81028174746323e-06 -1.58505186422317e-06 -1.11196222952963e-05 -7.47290184506948e-08 8.48588694766487e-03 -7.76752510343909e-07 6.65084064069177e-07 9.64725278925368e-09 -2.35949205267994e-06 -6.93050499693282e-06 7.74490039816757e-06 -2.06605566222321e-05 -3.26466242321109e-05 -1.54585967041720e-06 -4.00785451519566e-02 -2.09747113016663e-05 9.08687918854678e-07 9.07195723173072e-01 5.45607866382962e-06 -9.63709011752396e-07 -7.66331492223259e-02 -1.83788928254872e-05 -5.10482189495764e-07 2.30232077088083e-02 1.97561928709883e-07 3.48098812807170e-07 1.13503859746818e-06 -3.12413490981586e-08 4.07828433181712e-02 -1.28953139005334e-05 -1.78131125599024e-06 5.03607275631830e-08 -1.10848672813053e-05 9.30141809187722e-08 8.48476263521152e-03 -3.59353146640744e-06 -5.92817601045620e-07 1.53372330707388e-07 -2.31170499583704e-06
 -1.58481528749297e-02 7.27927900736864e-03 4.94430958667930e-01 -3.44991068273511e-01 -8.49654528651896e-06 -9.32844151462547e-06 1.21599542077785e-01 8.69975089965326e-06 1.15254804468452e-05 -1.09001570845577e+00 -3.50912889523269e-06 -4.83120230612786e-06 1.87468549488130e-01 -6.05396138959401e-07 1.83770925239628e-06 3.68197509575186e-02 2.13928310738982e-07 5.42689640591460e-09 8.53625286641911e-07 2.40752295629949e-06 9.22331452773110e-03 2.88753376757875e-06 -3.82878169053400e-08 4.71749532670301e-08 -6.62890343441244e-07 6.16514785252636e-07 -9.64050089064691e-03 -9.36389217425243e-07 2.07706802790041e-08 7.19389039440845e-08 -5.75598610598442e-03 1.77484885397629e-03 -2.81152450282781e-01 -3.92009315611397e-01 9.53808746411267e-07 -2.98771653983370e-06 -1.28681441450082e-01 2.48527178675700e-06 5.45607866382962e-06 1.44628071477576e+00 3.88605757905035e-06 8.34950066556365e-06 -2.01001453082669e-01 6.55575390337541e-07 -2.32226612594225e-06 4.07875397508306e-02 -2.71740712315568e-07 -3.52949147594528e-08 -9.35929985425493e-07 5.09894650827203e-06 3.46587639041615e-02 4.21836517239895e-06 4.90261960619355e-08 4.60712852075363e-08 -3.82011906543674e-07 3.41667088506745e-06 1.01097715959930e-02 1.87548852231769e-06 2.79540343512282e-08 -1.37725500302921e-08
 2.80702176677172e-07 5.85387862514583e-07 -2.77201372795633e-07 -3.86675050407369e-07 3.38541905107418e-03 -8.84710950295055e-08 8.76171251819961e-07 -7.66330299014259e-02 -8.87287352909784e-07 -5.37536204001507e-07 6.47324819221554e-03 1.42241317076903e-09 2.88954190752158e-07 1.40458531513527e-07 -2.34447942738916e-09 -1.47325307956295e-07 1.94492847676850e-03 6.59154830478958e-08 -1.32793275175136e-07 1.93506547123809e-07 -7.13870024858381e-08 3.44516191938574e-03 -7.76657294008942e-08 1.98041261160088e-07 1.16861254229089e-08 -6.41567430054444e-08 -1.05870934606515e-08 -7.16821689340319e-04 2.57482731592608e-08 -9.37989497550212e-07 -1.01854250820926e-07 -1.32003954986793e-08 -5.95567278641559e-06 9.27027700441319e-07 3.38552391859025e-03 1.66818867427199e-07 6.24138350265834e-07 -7.66330511237728e-02 -9.63709011752396e-07 3.88605757905035e-06 6.47338278025535e-03 1.54272241026840e-07 6.21007110841236e-07 9.93551987125700e-08 -5.16217946913446e-08 1.61712316748172e-08 -1.94482351247790e-03 5.20201164547274e-08 2.16568184122033e-09 1.10301889862844e-07 7.74677438644790e-07 -3.44504071418559e-03 5.76440782268888e-09 2.00685155110006e-07 8.19683242073704e-09 4.20495635668659e-08 1.78658944252562e-07 -7.16735671309875e-04 8.53866180490275e-10 -9.34362965511584e-07
 -4.75752849386336e-07 4.22952033831381e-07 -1.56700514442557e-06 -2.81675388601264e-06 -8.49459797500263e-08 3.38541112307905e-03 2.08482763163077e-06 -8.61993822040617e-07 -7.66331211568094e-02 -4.71905073883160e-06 5.40351081153995e-10 6.47325161693385e-03 1.45745684234437e-06 6.93101925865209e-08 1.94492979184457e-03 -1.50059148079994e-07 -2.53925199318822e-09 -1.35585590137427e-07 -7.46403451015886e-08 3.44517898676033e-03 -2.66140541074381e-07 1.91705882871305e-07 1.33892262203760e-07 9.39305382288234e-07 6.31121708266762e-09 -7.16824620740214e-04 4.56716723951185e-08 -6.42520731410654e-08 -8.14558148024475e-10 1.99302068701136e-07 -8.47501090522471e-07 -6.57731966513772e-07 -6.44645729775872e-06 7.94231681788285e-07 1.68685092694823e-07 3.38553741842071e-03 1.15142306412667e-06 -9.38840004577205e-07 -7.66331492223259e-02 8.34950066556365e-06 1.54272241026840e-07 6.47339872133801e-03 7.97661525863415e-07 4.31257426116759e-08 -1.94482941447425e-03 1.59541619447540e-07 -5.12840667357441e-08 -9.58791570914114e-08 2.63514693507425e-09 -3.44503135082959e-03 1.31154531950907e-06 1.11748225553882e-07 -4.25370562945259e-09 9.36369893883871e-07 -7.85618682777748e-09 -7.16729651350685e-04 3.28186164932480e-07 4.20267692434845e-08 -1.29556185452686e-08 1.95265254314852e-07
 -2.90144583706712e-04 -5.98370845017994e-04 -1.04278233650279e-01 6.02740961734698e-02 1.59030178511436e-06 2.55076362588194e-06 -2.04400915350687e-02 -1.11106741910437e-05 -1.98789192358376e-05 1.87439853062174e-01 1.22494120658118e-06 2.13358657458115e-06 -3.58013984493375e-02 1.02513612491180e-07 3.97953788151265e-08 -6.78654978510123e-03 1.18036913218272e-07 -1.36970762966666e-10 -1.52402951179599e-07 3.00371825749898e-07 -3.73805473784550e-03 2.34619528120241e-07 4.91999732369308e-09 -8.49257422858857e-09 1.39611131554869e-07 -9.90247938028266e-08 2.04802440211014e-03 4.01818108404232e-08 -3.94964794446825e-09 -1.27645679049204e-08 4.95070927142516e-03 -3.72239819699457e-04 -7.46891293585283e-02 6.21096438026691e-02 4.47792942666598e-07 2.89441094071458e-07 2.07170325912330e-02 -1.03905175240485e-05 -1.83788928254872e-05 -2.01001453082669e-01 6.21007110841236e-07 7.97661525863415e-07 3.63302598260675e-02 -1.15448263542026e-07 -1.61451238330070e-07 -6.93305526322126e-03 -2.08776723726472e-07 6.72411062323726e-09 1.64476189247031e-07 -1.82285984420256e-06 -4.69826730452673e-03 -9.61175118605939e-07 -6.47342358852311e-09 -2.87755367973364e-09 1.13681689193070e-07 -8.82895875729005e-07 -2.06272850857261e-03 -3.42333076363214e-07 -4.93515250295397e-09 5.12739974462412e-09
 -1.32336303407215e-08 1.38668768261429e-09 1.73366957516919e-07 -2.05786493843660e-07 5.19556673982233e-08 2.25436331366834e-08 6.86909596006318e-08 -1.17616690072750e-06 -5.10476476944222e-07 -6.88330039783621e-07 9.93504418054177e-08 4.31180810073184e-08 1.15744270894562e-07 2.28035397948904e-12 1.29571797571516e-08 2.27147600342493e-08 2.98512479258095e-08 1.13351330383930e-13 -2.00824149660885e-12 2.29537312695598e-08 1.50905197099253e-08 5.28782537181201e-08 -3.19037868006556e-13 9.33326075820381e-12 -1.80209182070683e-13 -4.77628283034793e-09 -6.58587944367965e-09 -1.10026835334327e-08 3.97535014399904e-13 -1.30206807742820e-11 -3.67706756143046e-07 8.91561320149999e-10 2.40345084692304e-07 -2.04449797183213e-07 5.19619780385133e-08 2.25553886793155e-08 -6.85047365058369e-08 -1.17616923223782e-06 -5.10482189495764e-07 6.55575390337541e-07 9.93551987125700e-08 4.31257426116759e-08 -1.15448263542026e-07 2.26018161897507e-12 -1.29565028002338e-08 2.20836740143971e-08 -2.98494960642569e-08 1.35325503536045e-13 -5.18728975930242e-13 -2.29428470259327e-08 1.22181117522825e-08 -5.28722588721375e-08 8.17234785133893e-14 9.32642475554688e-12 -3.31183947670557e-13 -4.77076414530159e-09 6.35149000833189e-09 -1.09993132606772e-08 -5.60521447700702e-14 -1.30559775677299e-11
 9.57555988128964e-07 -1.19706142824333e-07 -2.91280972457674e-07 9.28962637147567e-07 2.27580929313195e-08 -1.01709278473191e-03 -6.47111842825026e-07 3.21451959446497e-07 2.30231992693679e-02 1.50840183357054e-06 -5.44139494145849e-09 -1.94478522772521e-03 -5.31949405034852e-07 -2.08229992313952e-08 -5.84323142879259e-04 3.21646350586585e-08 -8.23591269904276e-10 4.07344983341000e-08 2.24243270001167e-08 -1.03504909189994e-03 5.99498538604011e-08 -6.04001937741979e-08 -4.02257519701691e-08 -2.82199494843302e-07 -1.89539127038861e-09 2.15358527570697e-04 -6.52056458795524e-09 1.98868021129749e-08 2.44676979758146e-10 -5.98763651258890e-08 -8.27550501588946e-07 1.95414962078689e-07 5.48276283478628e-07 -2.08949551154467e-07 -5.34358375358386e-08 -1.01713074501854e-03 -3.33462746859166e-07 3.44537256712421e-07 2.30232077088083e-02 -2.32226612594225e-06 -5.16217946913446e-08 -1.94482941447425e-03 -1.61451238330070e-07 -1.29565028002338e-08 5.84292985790206e-04 -5.92140957732917e-08 1.69938120307617e-08 2.88053306909270e-08 -7.91469845424251e-10 1.03500473291299e-03 -3.97281554897654e-07 -3.07619596862741e-08 1.27796644767816e-09 -2.81317524710219e-07 2.36084495397188e-09 2.15329994255090e-04 -1.06490332214048e-07 -1.20406033582238e-08 3.89230378045307e-09 -5.86635291689477e-08
 -1.24712744265068e-03 1.36964554982860e-04 1.81882518526377e-02 -1.17103152257922e-02 -2.48613538730031e-07 -3.42679091275067e-07 3.99581785985246e-03 7.38050994546173e-07 4.66904136539264e-07 -3.68182580931597e-02 -1.23278484105097e-07 -1.32647722833911e-07 6.78695901310506e-03 -2.00615415753962e-08 7.49572265349949e-08 1.29770290945971e-03 8.97379989403477e-09 8.11853809842904e-11 2.93723773667900e-08 9.36898790600253e-08 6.52862162182007e-04 2.60252254600208e-08 -1.02216912247993e-09 1.73597995237671e-09 -2.55800687969570e-08 -6.28182634736238e-09 -3.77915614832286e-04 -2.00457723482097e-08 7.03752124033476e-10 2.49129870664074e-09 3.86318628389473e-04 7.96864958309715e-05 9.56678133385159e-03 -1.22204132319107e-02 -2.28839048319610e-08 5.77229491430031e-08 -4.07233122812788e-03 5.94512297241298e-07 1.97561928709883e-07 4.07875397508306e-02 1.61712316748172e-08 1.59541619447540e-07 -6.93305526322126e-03 2.20836740143971e-08 -5.92140957732917e-08 1.34302561637428e-03 4.08132096287256e-09 -1.27085877810484e-09 -3.15579131682790e-08 1.99221642783870e-07 9.38793068079940e-04 1.26755233810176e-07 1.31351813827982e-09 7.83030192371105e-10 -1.98305453848169e-08 1.36068285740466e-07 3.83978525075873e-04 5.45696001089407e-08 9.28860115833263e-10 -9.05773351184306e-10
 7.76849913821690e-07 -1.63371468416848e-07 -1.54977089489010e-08 6.56189909410492e-08 -1.01709459654572e-03 2.39932160127386e-08 -2.33436786566282e-07 2.30231586819910e-02 3.25135276179928e-07 -4.85425638057545e-08 -1.94478308843651e-03 -5.37838632730384e-09 -9.47237886264968e-08 -4.21985708009261e-08 -7.82276397345414e-10 4.66522750710951e-08 -5.84322413621989e-04 -1.98031260225057e-08 3.98957066626624e-08 -6.07696113393243e-08 -3.10122988317381e-09 -1.03504336460928e-03 2.33332816474835e-08 -5.94990330589850e-08 -3.51064002226639e-09 1.98241485412241e-08 5.71074153205686e-09 2.15357521333745e-04 -7.73565188741262e-09 2.81803687969712e-07 -5.22289776059682e-07 1.90795254842645e-09 1.79819940530634e-07 -4.32031441565474e-07 -1.01712608964010e-03 -5.27196595593117e-08 -2.33051702089770e-07 2.30231650503587e-02 3.48098812807170e-07 -2.71740712315568e-07 -1.94482351247790e-03 -5.12840667357441e-08 -2.08776723726472e-07 -2.98494960642569e-08 1.69938120307617e-08 4.08132096287256e-09 5.84290878289723e-04 -1.56285350988029e-08 -6.50815838302864e-10 -3.05068313192330e-08 -2.10601731427122e-07 1.03500696085490e-03 -1.73178179742621e-09 -6.02932650464679e-08 -2.46212481381671e-09 -1.20857864586626e-08 -5.60963762300220e-08 2.15331682371826e-04 -2.56511725115574e-10 2.80714180944594e-07
 4.72823641863669e-10 -5.73665468375869e-11 -1.24705021930457e-08 1.18032550075909e-08 2.72078663589750e-08 -5.01431367912667e-08 -3.92558668490203e-09 -6.15837806545645e-07 1.13503851621970e-06 3.87545377722850e-08 5.20213763806609e-08 -9.58780061882793e-08 -6.84650360118206e-09 1.21388235041627e-13 -2.88073027538277e-08 -1.31649808621743e-09 1.56301456800041e-08 2.53774329744786e-12 8.40480102279448e-15 -5.10265733428912e-08 -9.33444893907861e-10 2.76836927462701e-08 -2.60632546644921e-12 -1.23229837646580e-11 2.50304125286959e-14 1.06167109856873e-08 3.94386813060464e-10 -5.75965968521712e-09 2.18484414506636e-13 -1.04926698455750e-11 1.37300567095177e-08 -6.32089415357870e-11 -1.98717005862697e-08 1.14128442913657e-08 2.72048020238648e-08 -5.01434325722947e-08 3.83928096723785e-09 -6.15836764113275e-07 1.13503859746818e-06 -3.52949147594528e-08 5.20201164547274e-08 -9.58791570914114e-08 6.72411062323726e-09 1.35325503536045e-13 2.88053306909270e-08 -1.27085877810484e-09 -1.56285350988029e-08 1.83954094757472e-12 1.03928059363213e-14 5.10265122641797e-08 -6.80677831088672e-10 -2.76873093352175e-08 1.08214800646784e-13 -1.22564863845929e-11 2.06846496802373e-13 1.06159639487793e-08 -3.86671431868335e-10 -5.76061120489817e-09 1.97806730689430e-13 -1.03999356990599e-11
 1.24601872512195e-07 -2.24584611444406e-09 -4.20982240260685e-07 2.78178361606778e-07 1.13806820286221e-09 1.38792199484635e-09 -9.38567024555405e-08 -2.56553157431723e-08 -3.12476645192902e-08 8.80170608631424e-07 2.16840141715170e-09 2.64139860737610e-09 -1.62031765624338e-07 5.63239481799767e-13 7.90912364380424e-10 -3.10289943114113e-08 6.50418207434158e-10 -3.47611631630421e-14 -7.97171408240857e-13 1.40230043757635e-09 -1.73759414006920e-08 1.15226410151217e-09 5.24756385854201e-14 4.05553530410413e-13 6.44021227240802e-13 -2.92084846091852e-10 9.28078226604148e-09 -2.39400915264752e-10 -8.64707381092763e-15 -2.91931419006897e-13 2.42565970154336e-07 -1.04853876042583e-09 -2.98127738543064e-07 2.86558447708899e-07 1.13339263382794e-09 1.37871898423432e-09 9.51370346894659e-08 -2.56523342296514e-08 -3.12413490981586e-08 -9.35929985425493e-07 2.16568184122033e-09 2.63514693507425e-09 1.64476189247031e-07 -5.18728975930242e-13 -7.91469845424251e-10 -3.15579131682790e-08 -6.50815838302864e-10 1.03928059363213e-14 7.82544658197835e-13 -1.40883107710991e-09 -2.11720342403380e-08 -1.15528462217570e-09 -3.08281037094163e-14 4.33419519529346e-13 5.36738584242149e-13 -2.95542971653458e-10 -9.28766000753032e-09 -2.40988675194664e-10 -2.87888883410484e-14 -2.11308915574107e-13
 9.82788636922815e-07 -1.89161358422969e-07 -7.51714558710990e-07 -1.38614840657528e-06 1.45786933652416e-07 -1.80165763515355e-03 -1.35110259017328e-07 -1.81873500543217e-06 4.07828284290857e-02 -7.99012363287825e-06 1.92083297689588e-07 -3.44495313937608e-03 6.59432724294692e-07 -3.68857791300764e-08 -1.03505814376017e-03 3.74710222157711e-07 5.91585510632042e-08 7.21584534716954e-08 3.97248783616587e-08 -1.83346493272150e-03 3.31932731856378e-07 3.74725965663866e-10 -7.12577746393944e-08 -4.99875656064019e-07 -3.36114868024662e-09 3.81481717546523e-04 -9.22221396751682e-08 1.28858469929022e-08 4.34211676618864e-10 -1.06092247177510e-07 1.11766906535310e-06 4.00567747823537e-07 3.93292039319305e-06 -3.18100069708225e-06 1.08364112670170e-08 -1.80172473748959e-03 -1.56796703918383e-06 -1.77784518635732e-06 4.07828433181712e-02 5.09894650827203e-06 1.10301889862844e-07 -3.44503135082959e-03 -1.82285984420256e-06 -2.29428470259327e-08 1.03500473291299e-03 1.99221642783870e-07 -3.05068313192330e-08 5.10265122641797e-08 -1.40883107710991e-09 1.83338646287174e-03 -5.76101286494604e-07 -1.61837269136493e-07 2.26418599956925e-09 -4.98313783574015e-07 4.17818404259157e-09 3.81431229050737e-04 -1.08028222864048e-07 -4.36546977468971e-08 6.89492749788739e-09 -1.03944787077148e-07
 -3.83150434182288e-03 2.34467471439887e-04 3.94654940576521e-02 -5.35962503761039e-03 8.02235620993223e-09 4.82569635127649e-07 2.10174666318961e-03 -7.24634506719303e-06 -1.27498112428865e-05 -9.23154603049649e-03 4.98222319726913e-07 9.22865663891779e-07 3.73944549711736e-03 -1.34657331124321e-08 3.19219634557217e-07 6.53119571744397e-04 1.83538176183091e-07 -6.71216418870250e-10 1.63697538170062e-08 5.56143394826514e-07 -4.11121628697009e-04 4.62172372526393e-07 -5.74066918662171e-10 -3.11131205458047e-10 -2.58106674641072e-08 -4.51035497729917e-08 -2.28230820278672e-04 -1.03226931973939e-07 1.52884362591262e-09 1.97046299180118e-10 3.36090151413808e-05 -1.49182652808908e-04 -1.58515608725081e-02 -8.69093525268253e-03 4.34894618985942e-07 3.64950000525622e-07 -2.60332589951769e-03 -7.58264168549235e-06 -1.28953139005334e-05 3.46587639041615e-02 7.74677438644790e-07 1.31154531950907e-06 -4.69826730452673e-03 1.22181117522825e-08 -3.97281554897654e-07 9.38793068079940e-04 -2.10601731427122e-07 -6.80677831088672e-10 -2.11720342403380e-08 -5.76101286494604e-07 1.40870133122589e-03 -1.91729086228084e-07 1.45668045933141e-09 1.76285080033118e-09 -7.92262377346434e-09 -1.33265508734535e-07 2.63524840408669e-04 -2.63282204458152e-08 8.85631325668151e-10 1.26177557907690e-10
 3.11208227565097e-06 -2.47336559134907e-07 4.77319048475785e-06 -5.61314769554985e-07 -1.80167115331108e-03 1.48423242958217e-07 -1.37461750955572e-07 4.07829909229996e-02 -1.82196965861842e-06 -1.32480188790197e-06 -3.44496915298727e-03 1.93003424170591e-07 2.87714382104571e-07 -7.47493584304805e-08 5.94727388686238e-08 1.64739016647202e-07 -1.03506282666593e-03 -3.50833646830310e-08 7.06703473073197e-08 1.54415113233839e-10 -6.88717488713586e-08 -1.83346534312098e-03 4.13364379749394e-08 -1.05366680716272e-07 -6.22125493949043e-09 1.26940281415153e-08 -1.61995994882787e-08 3.81482131235620e-04 -1.37026974155991e-08 4.99190492940213e-07 -5.87246613768932e-07 -1.21498748738569e-08 -2.43388531017979e-06 -1.91281113530261e-06 -1.80172686629465e-03 1.25201728888927e-08 -7.59853097394007e-07 4.07830021537844e-02 -1.78131125599024e-06 4.21836517239895e-06 -3.44504071418559e-03 1.11748225553882e-07 -9.61175118605939e-07 -5.28722588721375e-08 -3.07619596862741e-08 1.26755233810176e-07 1.03500696085490e-03 -2.76873093352175e-08 -1.15528462217570e-09 -1.61837269136493e-07 -1.91729086228084e-07 1.83340091013453e-03 -3.06759878911091e-09 -1.06773349548952e-07 -4.36218271187889e-09 -4.38371836419470e-08 -6.93057168544836e-08 3.81436377928126e-04 -4.54679942705153e-10 4.97260414598685e-07
 -1.30672917532543e-10 2.89075482210631e-10 2.90678241565851e-08 -9.79008061317577e-09 3.01430443397255e-09 -2.22511308921026e-09 3.57755259143678e-09 -6.82383792486522e-08 5.03609557346313e-08 -2.74530166460615e-08 5.76407070432260e-09 -4.25425290505618e-09 5.62058122718295e-09 6.04262829563158e-14 -1.27812853753093e-09 1.08183806176224e-09 1.73189782800303e-09 1.47633109774287e-13 -4.30200573878394e-14 -2.26388922252822e-09 -6.51632489150587e-11 3.06782007781279e-09 -1.58338528132042e-13 -4.40232618328295e-13 -1.96253467390535e-14 4.71078642497733e-10 -3.07090118403258e-10 -6.38307385846211e-10 2.46599262015843e-14 -9.64589844352757e-13 -1.07930282128560e-08 -7.50442312347709e-11 -1.80381670398615e-08 -1.27375248395384e-08 3.01467848065055e-09 -2.22496971626407e-09 -4.02406222230875e-09 -6.82386634590331e-08 5.03607275631830e-08 4.90261960619355e-08 5.76440782268888e-09 -4.25370562945259e-09 -6.47342358852311e-09 8.17234785133893e-14 1.27796644767816e-09 1.31351813827982e-09 -1.73178179742621e-09 1.08214800646784e-13 -3.08281037094163e-14 2.26418599956925e-09 1.45668045933141e-09 -3.06759878911091e-09 9.79852170610869e-15 -4.34743114184882e-13 7.20005009567911e-16 4.71121467979116e-10 3.29194728441708e-10 -6.38190223391158e-10 1.03742247675229e-14 -9.60374438988798e-13
 1.74061591374095e-09 5.25665195807847e-10 2.29320468153080e-08 -4.24985195471459e-09 1.04928887427250e-07 4.89690450164435e-07 2.15597695294322e-09 -2.37560260902251e-06 -1.10848609038388e-05 -8.12587797717581e-09 2.00658278536859e-07 9.36343223016745e-07 1.80792422263638e-09 1.43692643323433e-11 2.81330239851117e-07 3.18596743100968e-10 6.02886786164232e-08 -1.75691049953205e-11 -1.49027435975793e-11 4.98344460552442e-07 -1.15264184309096e-09 1.06821410038122e-07 1.69586618229301e-11 1.42006959852435e-10 1.26561078745371e-12 -1.03689174303009e-07 -2.57589429303113e-11 -2.22294454005882e-08 6.81346682029267e-13 -2.47098773135505e-13 1.18288647356105e-09 -2.29314541599019e-10 -5.92091206772854e-08 -8.62836734285982e-09 1.04969359796170e-07 4.89716111173964e-07 -2.38629914378149e-09 -2.37561478102841e-06 -1.10848672813053e-05 4.60712852075363e-08 2.00685155110006e-07 9.36369893883871e-07 -2.87755367973364e-09 9.32642475554688e-12 -2.81317524710219e-07 7.83030192371105e-10 -6.02932650464679e-08 -1.22564863845929e-11 4.33419519529346e-13 -4.98313783574015e-07 1.76285080033118e-09 -1.06773349548952e-07 -4.34743114184882e-13 1.41667983238718e-10 -8.70320565429417e-13 -1.03672315355549e-07 1.33398364626146e-10 -2.22112978794397e-08 -1.84689753339092e-12 -7.17536669680840e-13
 1.19865037094790e-07 1.87991188778451e-09 -3.61806520356682e-07 1.82378464648036e-07 4.28794919003124e-09 -4.10356291713158e-09 -5.76337288408708e-08 -9.70221648822794e-08 9.30082112287965e-08 5.63693685870272e-07 8.19559582593543e-09 -7.85635797605009e-09 -1.20045893879735e-07 4.07629847162327e-13 -2.36237766639754e-09 -2.20055749687630e-08 2.46157807412876e-09 2.51110248862660e-13 -5.80158249975716e-13 -4.18303891182162e-09 -2.11972136413422e-08 4.36221909577073e-09 -2.52977293033894e-13 -9.20730807890177e-13 5.50428324931237e-13 8.70772634830236e-10 7.84204641332031e-09 -9.07228219684587e-10 2.03756892380563e-14 -1.46848485430219e-12 3.22300349190135e-07 -3.71778052724301e-10 -7.54907189194514e-07 1.60083472171040e-07 4.28691870704838e-09 -4.11419303198371e-09 5.43018231998600e-08 -9.70217590437961e-08 9.30141809187722e-08 -3.82011906543674e-07 8.19683242073704e-09 -7.85618682777748e-09 1.13681689193070e-07 -3.31183947670557e-13 2.36084495397188e-09 -1.98305453848169e-08 -2.46212481381671e-09 2.06846496802373e-13 5.36738584242149e-13 4.17818404259157e-09 -7.92262377346434e-09 -4.36218271187889e-09 7.20005009567911e-16 -8.70320565429417e-13 6.10096086068479e-13 8.67199413252365e-10 -7.49346707125416e-09 -9.07839056521727e-10 -2.38083764962663e-16 -1.39390878575725e-12
 8.42646700121205e-07 -4.26103589467462e-08 -1.86806346837236e-06 -1.41963489423056e-06 4.03224207152065e-08 -3.74830142094184e-04 3.29926283205923e-07 -6.04563688308890e-07 8.48475955986103e-03 -6.09115641338958e-06 5.90707527287158e-08 -7.16713384428301e-04 7.14789169714055e-07 -7.67500270881689e-09 -2.15341095085663e-04 1.97046032438168e-07 1.80523185787229e-08 1.50126585811764e-08 8.26681602946485e-09 -3.81447510668313e-04 2.06400831355356e-07 1.02420225401509e-08 -1.48253167904212e-08 -1.03996918505279e-07 -7.00107219717125e-10 7.93662525382881e-05 -4.94781322933221e-08 5.64152743118760e-10 9.03502650302404e-11 -2.20746394689766e-08 -9.82908270135550e-07 1.07054099354013e-07 3.59736780488736e-06 -1.53463575930165e-06 1.22378120057488e-08 -3.74844037320137e-04 -6.45560572832095e-07 -5.96043210156298e-07 8.48476263521152e-03 3.41667088506745e-06 4.20495635668659e-08 -7.16729651350685e-04 -8.82895875729005e-07 -4.77076414530159e-09 2.15329994255090e-04 1.36068285740466e-07 -1.20857864586626e-08 1.06159639487793e-08 -2.95542971653458e-10 3.81431229050737e-04 -1.33265508734535e-07 -4.38371836419470e-08 4.71121467979116e-10 -1.03672315355549e-07 8.67199413252365e-10 7.93557795741862e-05 4.08452473276851e-09 -1.11943585742224e-08 1.43452272643081e-09 -2.16283339900425e-08
 -1.48429954864948e-03 1.58961359214811e-05 7.63697411991943e-03 -3.25319707752738e-03 3.22855637741383e-08 6.41002210388560e-08 1.08966420125974e-03 -2.01735705924932e-06 -3.50037998695746e-06 -9.63927603718794e-03 1.56914850644853e-07 2.73300343930051e-07 2.04805257339313e-03 -5.83399861312584e-09 1.13712500176618e-07 3.77911439000634e-04 6.14412490877387e-08 -6.29737878077246e-11 8.57413607006069e-09 1.87825155322802e-07 2.28148356496829e-04 9.94803615367740e-08 -2.10155050496489e-10 4.89002557179173e-10 -9.10032707749366e-09 -3.70992495616958e-08 -1.23552311208839e-04 -2.53566300069044e-08 2.83262674033556e-10 6.20587575678154e-10 -3.65133213936247e-04 1.16386903730386e-05 6.62671948636669e-03 -3.30560200822274e-03 8.86824263789175e-08 2.03768197257901e-07 -1.09736319814407e-03 -2.05637118683176e-06 -3.59353146640744e-06 1.01097715959930e-02 1.78658944252562e-07 3.28186164932480e-07 -2.06272850857261e-03 6.35149000833189e-09 -1.06490332214048e-07 3.83978525075873e-04 -5.60963762300220e-08 -3.86671431868335e-10 -9.28766000753032e-09 -1.08028222864048e-07 2.63524840408669e-04 -6.93057168544836e-08 3.29194728441708e-10 1.33398364626146e-10 -7.49346707125416e-09 4.08452473276851e-09 1.24785243278309e-04 -8.43177560113951e-09 2.89446883274468e-10 -3.48518845869831e-10
 1.74135129034539e-06 -4.37351141988558e-08 9.20912012087244e-07 -3.91847636507298e-07 -3.74835051496261e-04 4.06880647361498e-08 6.75895480266742e-08 8.48484152665951e-03 -6.01271428571923e-07 -1.28114896425672e-06 -7.16720788167420e-04 5.89220539538140e-08 1.98565104779996e-07 -1.55515735825063e-08 1.80157939028161e-08 6.36335834249606e-08 -2.15343304253516e-04 -7.29941510180331e-09 1.47032091511651e-08 1.00255408533287e-08 1.99409365524483e-09 -3.81449775782628e-04 8.60033866549246e-09 -2.19186152503242e-08 -1.29446906432565e-09 5.60731043459783e-10 -1.01507297159828e-08 7.93667967936112e-05 -2.85083036483567e-09 1.03856505932506e-07 -4.41192748998100e-07 1.38512524087064e-09 -5.79357217749920e-07 -6.84206255271017e-07 -3.74846633342654e-04 1.24219641735805e-08 -2.56170772684263e-07 8.48484385965106e-03 -5.92817601045620e-07 1.87548852231769e-06 -7.16735671309875e-04 4.20267692434845e-08 -3.42333076363214e-07 -1.09993132606772e-08 -1.20406033582238e-08 5.45696001089407e-08 2.15331682371826e-04 -5.76061120489817e-09 -2.40988675194664e-10 -4.36546977468971e-08 -2.63282204458152e-08 3.81436377928126e-04 -6.38190223391158e-10 -2.22112978794397e-08 -9.07839056521727e-10 -1.11943585742224e-08 -8.43177560113951e-09 7.93572820890725e-05 -9.46152531080463e-11 1.03454852380038e-07
 -1.68997035545976e-09 9.60608946835369e-11 2.54416334139109e-08 -7.02326693688860e-09 4.46637289605917e-10 -6.77569407596743e-09 2.43964139463436e-09 -1.01093220116084e-08 1.53372477542879e-07 -1.88836114648929e-08 8.54024453515825e-10 -1.29555725013245e-08 4.54473221058361e-09 -1.33938878687131e-13 -3.89251587941785e-09 8.39358607514727e-10 2.56639821411903e-10 2.79758912010235e-13 1.51986405534753e-13 -6.89508269400036e-09 2.63504176022392e-10 4.54243474460621e-10 -2.78813300793250e-13 -1.85323993660839e-12 -3.48974309289937e-14 1.43465395071662e-09 -2.86210053064900e-10 -9.44792671124990e-11 6.02797028854963e-15 -5.21503266094792e-13 -1.58998449933561e-08 -8.21577263565104e-11 5.50978905581221e-09 -8.35443858980747e-09 4.46403683470721e-10 -6.77577448359300e-09 -2.64772326381232e-09 -1.01093553044730e-08 1.53372330707388e-07 2.79540343512282e-08 8.53866180490275e-10 -1.29556185452686e-08 -4.93515250295397e-09 -5.60521447700702e-14 3.89230378045307e-09 9.28860115833263e-10 -2.56511725115574e-10 1.97806730689430e-13 -2.87888883410484e-14 6.89492749788739e-09 8.85631325668151e-10 -4.54679942705153e-10 1.03742247675229e-14 -1.84689753339092e-12 -2.38083764962663e-16 1.43452272643081e-09 2.89446883274468e-10 -9.46152531080463e-11 2.69245666661742e-14 -5.14469038523968e-13
 1.20245932117913e-09 7.65441426065863e-11 4.88610147262820e-09 1.04529902879445e-08 -4.88653834101679e-07 1.02143148614391e-07 -3.26989160200417e-09 1.10611817313792e-05 -2.31171549277708e-06 3.80983302196307e-08 -9.34348362025252e-07 1.95282736666437e-07 -6.16950761916117e-09 -1.81685986025660e-11 5.86742336764737e-08 -1.15645384727982e-09 -2.80731006607451e-07 -1.36049763586400e-11 1.68915543958796e-11 1.03904947399009e-07 -1.54058732610376e-09 -4.97268613150819e-07 1.52499034750885e-11 -2.51301000587376e-13 -1.48013908019609e-12 -2.16155706329483e-08 3.60621260364710e-10 1.03464060356481e-07 -3.74079014722809e-12 1.41398922119392e-10 -1.16199182552523e-08 -2.88105164541593e-10 -4.83835278726280e-08 6.99146474800292e-09 -4.88661134975933e-07 1.02109249320871e-07 2.63916566147989e-09 1.10611823074336e-05 -2.31170499583704e-06 -1.37725500302921e-08 -9.34362965511584e-07 1.95265254314852e-07 5.12739974462412e-09 -1.30559775677299e-11 -5.86635291689477e-08 -9.05773351184306e-10 2.80714180944594e-07 -1.03999356990599e-11 -2.11308915574107e-13 -1.03944787077148e-07 1.26177557907690e-10 4.97260414598685e-07 -9.60374438988798e-13 -7.17536669680840e-13 -1.39390878575725e-12 -2.16283339900425e-08 -3.48518845869831e-10 1.03454852380038e-07 -5.14469038523968e-13 1.40758520023988e-10
