Paoks:
 2.93640464661703e-02 -1.95521149424202e-01 4.30675515993479e-02 8.90631752385075e-17 -8.28587818841762e-17 2.61219045181791e-03 -3.92634917895514e-17 -3.24751249738830e-18 2.87515616732964e-03 4.07409858013468e-17 2.83673352174146e-17 -4.50464095932710e-05 -4.58382678347018e-17 -4.68867471145101e-18 2.93640469860755e-02 -1.95521152424074e-01 4.30675527857092e-02 -7.69965567712424e-17 1.28406754010273e-16 -2.61219097180329e-03 4.20336848668826e-17 -1.97126251449530e-17 -2.87515664434199e-03 -2.84521420233804e-17 5.38036043174206e-17 -4.50466711470563e-05 -2.93796680800662e-17 -1.11423106625537e-17
 -1.95521149424202e-01 1.30188187504074e+00 -2.86766239839998e-01 -5.93029111776680e-16 5.51717022125947e-16 -1.73933275934151e-02 2.61436823904537e-16 2.16236334113673e-17 -1.91442905955765e-02 -2.71274750287961e-16 -1.88884525646030e-16 2.99942509328771e-04 3.05215114850764e-16 3.12196437202632e-17 -1.95521152886002e-01 1.30188189501545e+00 -2.86766247739411e-01 5.12683267238495e-16 -8.54999196614256e-16 1.73933310557492e-02 -2.79882215456099e-16 1.31256948218973e-16 1.91442937717737e-02 1.89449213629361e-16 -3.58252483063825e-16 2.99944250890405e-04 1.95625166284014e-16 7.41913206851080e-17
 4.30675515993479e-02 -2.86766239839998e-01 6.31661580735947e-02 1.30626850070042e-16 -1.21527013259807e-16 3.83123787794714e-03 -5.75868336322523e-17 -4.76304967750035e-18 4.21692346575291e-03 5.97538391116925e-17 4.16056988133264e-17 -6.60685022331181e-05 -6.72299019642990e-17 -6.87676816955772e-18 4.30675523618805e-02 -2.86766244239839e-01 6.31661598136027e-02 -1.12929026506546e-16 1.88331145382615e-16 -3.83123864059739e-03 6.16498102194733e-17 -2.89120404971076e-17 -4.21692416537564e-03 -4.17300829473766e-17 7.89124723610894e-17 -6.60688858478614e-05 -4.30904634505228e-17 -1.63421631943114e-17
 8.90631752385075e-17 -5.93029111776680e-16 1.30626850070042e-16 2.70134744293627e-31 -2.51316391952370e-31 7.92295354234115e-18 -1.19088874680717e-31 -9.84992906128783e-33 8.72054666797943e-18 1.23570215773744e-31 8.60400813773672e-32 -1.36628862649880e-19 -1.39030623231544e-31 -1.42210733096140e-32 8.90631768154156e-17 -5.93029120875497e-16 1.30626853668358e-16 -2.33535859452453e-31 3.89466528307002e-31 -7.92295511949263e-18 1.27491061067907e-31 -5.97897496763134e-32 -8.72054811479076e-18 -8.62973062605196e-32 1.63190037357638e-31 -1.36629655960524e-19 -8.91105566693167e-32 -3.37953956122567e-32
 -8.28587818841762e-17 5.51717022125947e-16 -1.21527013259807e-16 -2.51316391952370e-31 2.33808979400682e-31 -7.37101813050415e-18 1.10792805955734e-31 9.16375507024348e-33 -8.11304865717918e-18 -1.14961964119940e-31 -8.00462853143558e-32 1.27110908622700e-19 1.29345355751283e-31 1.32303930144489e-32 -8.28587833512325e-17 5.51717030590914e-16 -1.21527016607454e-16 2.17267089217116e-31 -3.62335185487802e-31 7.37101959778678e-18 -1.18609672212096e-31 5.56246261608376e-32 8.11305000320153e-18 8.02855911827042e-32 -1.51821756577581e-31 1.27111646669075e-19 8.29028625901500e-32 3.14411125162165e-32
 2.61219045181791e-03 -1.73933275934151e-02 3.83123787794714e-03 7.92295354234115e-18 -7.37101813050415e-18 2.32377338199280e-04 -3.49283326723578e-18 -2.88894827475847e-19 2.55770453722598e-04 3.62426936732085e-18 2.52352421127716e-18 -4.00727471820976e-06 -4.07771748023992e-18 -4.17098894290428e-19 2.61219049806805e-03 -1.73933278602801e-02 3.83123798348442e-03 -6.84952159616053e-18 1.14229112517241e-17 -2.32377384456558e-04 3.73926633001660e-18 -1.75361155497543e-18 -2.55770496157047e-04 -2.53106852329996e-18 4.78630428654559e-18 -4.00729798572166e-06 -2.61358013190535e-18 -9.91206629421594e-19
 -3.92634917895514e-17 2.61436823904537e-16 -5.75868336322523e-17 -1.19088874680717e-31 1.10792805955734e-31 -3.49283326723578e-18 5.25003183496606e-32 4.34234022972859e-33 -3.84445211594668e-18 -5.44759171169516e-32 -3.79307611668438e-32 6.02328202705924e-20 6.12916361799301e-32 6.26935872918687e-33 -3.92634924847312e-17 2.61436827915750e-16 -5.75868352185693e-17 1.02954260002766e-31 -1.71696279585094e-31 3.49283396252285e-18 -5.62044213680431e-32 2.63583050933072e-32 3.84445275377331e-18 3.80441587305471e-32 -7.19423114521733e-32 6.02331700015096e-20 3.92843798885280e-32 1.48986967351325e-32
 -3.24751249738830e-18 2.16236334113673e-17 -4.76304967750035e-18 -9.84992906128783e-33 9.16375507024348e-33 -2.88894827475847e-19 4.34234022972859e-33 3.59158177768292e-34 -3.17977482977461e-19 -4.50574346755039e-33 -3.13728136012489e-33 4.98190119284669e-21 5.06947664121582e-33 5.18543305643102e-34 -3.24751255488714e-18 2.16236337431377e-17 -4.76304980870580e-18 8.51542312666449e-33 -1.42011264993006e-32 2.88894884983556e-19 -4.64870933485775e-33 2.18011494391001e-33 3.17977535732574e-19 3.14666055663837e-33 -5.95040188438125e-33 4.98193011934998e-21 3.24924016753126e-33 1.23228224584489e-33
 2.87515616732964e-03 -1.91442905955765e-02 4.21692346575291e-03 8.72054666797943e-18 -8.11304865717918e-18 2.55770453722598e-04 -3.84445211594668e-18 -3.17977482977461e-19 2.81518522866299e-04 3.98911971225703e-18 2.77756401506247e-18 -4.41068169904178e-06 -4.48821583961480e-18 -4.59087681555117e-19 2.87515621823572e-03 -1.91442908893064e-02 4.21692358191449e-03 -7.53905376491717e-18 1.25728404341258e-17 -2.55770504636534e-04 4.11569326522625e-18 -1.93014528243119e-18 -2.81518569572567e-04 -2.78586780287607e-18 5.26813513103566e-18 -4.41070730886296e-06 -2.87668574465094e-18 -1.09099007375063e-18
 4.07409858013468e-17 -2.71274750287961e-16 5.97538391116925e-17 1.23570215773744e-31 -1.14961964119940e-31 3.62426936732085e-18 -5.44759171169516e-32 -4.50574346755039e-33 3.98911971225703e-18 5.65258581094331e-32 3.93581042260714e-32 -6.24993948213316e-20 -6.35980542110714e-32 -6.50527610581296e-33 4.07409865226864e-17 -2.71274754450117e-16 5.97538407577030e-17 -1.06828451922788e-31 1.78157249136510e-31 -3.62427008877173e-18 5.83194063635909e-32 -2.73501740321468e-32 -3.98912037408522e-18 -3.94757689655578e-32 7.46495167851844e-32 -6.24997577127017e-20 -4.07626599241779e-32 -1.54593380384506e-32
 2.83673352174146e-17 -1.88884525646030e-16 4.16056988133264e-17 8.60400813773672e-32 -8.00462853143558e-32 2.52352421127716e-18 -3.79307611668438e-32 -3.13728136012489e-33 2.77756401506247e-18 3.93581042260714e-32 2.74044555904193e-32 -4.35173879303542e-20 -4.42823679274136e-32 -4.52952584101030e-33 2.83673357196725e-17 -1.88884528544076e-16 4.16056999594187e-17 -7.43830431896668e-32 1.24048211113752e-31 -2.52352471361255e-18 4.06069248805933e-32 -1.90435145287743e-32 -2.77756447588347e-18 -2.74863837775416e-32 5.19773349812597e-32 -4.35176406061533e-20 -2.83824265829229e-32 -1.07641043963536e-32
 -4.50464095932710e-05 2.99942509328771e-04 -6.60685022331181e-05 -1.36628862649880e-19 1.27110908622700e-19 -4.00727471820976e-06 6.02328202705924e-20 4.98190119284669e-21 -4.41068169904178e-06 -6.24993948213316e-20 -4.35173879303542e-20 6.91042026371435e-08 7.03189660970910e-20 7.19274033791499e-21 -4.50464103908402e-05 2.99942513930774e-04 -6.60685040530756e-05 1.18117863543937e-19 -1.96984541703169e-19 4.00727551590208e-06 -6.44824815751974e-20 3.02404843099942e-20 4.41068243081061e-06 4.36474872380988e-20 -8.25383245619454e-20 6.91046038781292e-08 4.50703741929344e-20 1.70930491647028e-20
 -4.58382678347018e-17 3.05215114850764e-16 -6.72299019642990e-17 -1.39030623231544e-31 1.29345355751283e-31 -4.07771748023992e-18 6.12916361799301e-32 5.06947664121582e-33 -4.48821583961480e-18 -6.35980542110714e-32 -4.42823679274136e-32 7.03189660970910e-20 7.15550835443115e-32 7.31917950957100e-33 -4.58382686462913e-17 3.05215119533665e-16 -6.72299038162490e-17 1.20194224447103e-31 -2.00447277894367e-31 4.07771829195466e-18 -6.56160010926078e-32 3.07720733298949e-32 4.48821658424719e-18 4.44147542145195e-32 -8.39892426956747e-32 7.03193743913798e-20 4.58626537013634e-32 1.73935230975748e-32
 -4.68867471145101e-18 3.12196437202632e-17 -6.87676816955772e-18 -1.42210733096140e-32 1.32303930144489e-32 -4.17098894290428e-19 6.26935872918687e-33 5.18543305643102e-34 -4.59087681555117e-19 -6.50527610581296e-33 -4.52952584101030e-33 7.19274033791499e-21 7.31917950957100e-33 7.48659438852444e-34 -4.68867479446634e-18 3.12196441992647e-17 -6.87676835898877e-18 1.22943480905481e-32 -2.05032198474789e-32 4.17098977318573e-19 -6.71168653446682e-33 3.14759367786509e-33 4.59087757721587e-19 4.54306728281903e-33 -8.59103663518031e-33 7.19278210125372e-21 4.69116907700481e-33 1.77913729604107e-33
 2.93640469860755e-02 -1.95521152886002e-01 4.30675523618805e-02 8.90631768154156e-17 -8.28587833512325e-17 2.61219049806805e-03 -3.92634924847312e-17 -3.24751255488714e-18 2.87515621823572e-03 4.07409865226864e-17 2.83673357196725e-17 -4.50464103908402e-05 -4.58382686462913e-17 -4.68867479446634e-18 2.93640475059807e-02 -1.95521155885874e-01 4.30675535482418e-02 -7.69965581345051e-17 1.28406756283779e-16 -2.61219101805344e-03 4.20336856111101e-17 -1.97126254939749e-17 -2.87515669524808e-03 -2.84521425271398e-17 5.38036052700404e-17 -4.50466719446302e-05 -2.93796686002479e-17 -1.11423108598339e-17
 -1.95521152424074e-01 1.30188189501545e+00 -2.86766244239839e-01 -5.93029120875497e-16 5.51717030590914e-16 -1.73933278602801e-02 2.61436827915750e-16 2.16236337431377e-17 -1.91442908893064e-02 -2.71274754450117e-16 -1.88884528544076e-16 2.99942513930774e-04 3.05215119533665e-16 3.12196441992647e-17 -1.95521155885874e-01 1.30188191499017e+00 -2.86766252139252e-01 5.12683275104570e-16 -8.54999209732468e-16 1.73933313226143e-02 -2.79882219750319e-16 1.31256950232843e-16 1.91442940655037e-02 1.89449216536071e-16 -3.58252488560476e-16 2.99944255492435e-04 1.95625169285482e-16 7.41913218234219e-17
 4.30675527857092e-02 -2.86766247739411e-01 6.31661598136027e-02 1.30626853668358e-16 -1.21527016607454e-16 3.83123798348442e-03 -5.75868352185693e-17 -4.76304980870580e-18 4.21692358191449e-03 5.97538407577030e-17 4.16056999594187e-17 -6.60685040530756e-05 -6.72299038162490e-17 -6.87676835898877e-18 4.30675535482418e-02 -2.86766252139252e-01 6.31661615536107e-02 -1.12929029617348e-16 1.88331150570483e-16 -3.83123874613469e-03 6.16498119177112e-17 -2.89120412935338e-17 -4.21692428153723e-03 -4.17300840968953e-17 7.89124745348536e-17 -6.60688876678294e-05 -4.30904646375152e-17 -1.63421636444811e-17
 -7.69965567712424e-17 5.12683267238495e-16 -1.12929026506546e-16 -2.33535859452453e-31 2.17267089217116e-31 -6.84952159616053e-18 1.02954260002766e-31 8.51542312666449e-33 -7.53905376491717e-18 -1.06828451922788e-31 -7.43830431896668e-32 1.18117863543937e-19 1.20194224447103e-31 1.22943480905481e-32 -7.69965581345051e-17 5.12683275104570e-16 -1.12929029617348e-16 2.01895531035112e-31 -3.36700118505580e-31 6.84952295963351e-18 -1.10218086151242e-31 5.16892064869951e-32 7.53905501570898e-18 7.46054182651746e-32 -1.41080429057911e-31 1.18118549373831e-19 7.70375187851998e-32 2.92166665953389e-32
 1.28406754010273e-16 -8.54999196614256e-16 1.88331145382615e-16 3.89466528307002e-31 -3.62335185487802e-31 1.14229112517241e-17 -1.71696279585094e-31 -1.42011264993006e-32 1.25728404341258e-17 1.78157249136510e-31 1.24048211113752e-31 -1.96984541703169e-19 -2.00447277894367e-31 -2.05032198474789e-32 1.28406756283779e-16 -8.54999209732468e-16 1.88331150570483e-16 -3.36700118505580e-31 5.61513022207292e-31 -1.14229135255808e-17 1.83810124366386e-31 -8.62018186356188e-32 -1.25728425200647e-17 -1.24419064861193e-31 2.35279091810881e-31 -1.96985685458088e-19 -1.28475066146173e-31 -4.87244816888881e-32
 -2.61219097180329e-03 1.73933310557492e-02 -3.83123864059739e-03 -7.92295511949263e-18 7.37101959778678e-18 -2.32377384456558e-04 3.49283396252285e-18 2.88894884983556e-19 -2.55770504636534e-04 -3.62427008877173e-18 -2.52352471361255e-18 4.00727551590208e-06 4.07771829195466e-18 4.17098977318573e-19 -2.61219101805344e-03 1.73933313226143e-02 -3.83123874613469e-03 6.84952295963351e-18 -1.14229135255808e-17 2.32377430713845e-04 -3.73926707435890e-18 1.75361190405120e-18 2.55770547070991e-04 2.53106902713713e-18 -4.78630523931236e-18 4.00729878341862e-06 2.61358065216736e-18 9.91206826732229e-19
 4.20336848668826e-17 -2.79882215456099e-16 6.16498102194733e-17 1.27491061067907e-31 -1.18609672212096e-31 3.73926633001660e-18 -5.62044213680431e-32 -4.64870933485775e-33 4.11569326522625e-18 5.83194063635909e-32 4.06069248805933e-32 -6.44824815751974e-20 -6.56160010926078e-32 -6.71168653446682e-33 4.20336856111101e-17 -2.79882219750319e-16 6.16498119177112e-17 -1.10218086151242e-31 1.83810124366386e-31 -3.73926707435890e-18 6.01698633573518e-32 -2.82179867204796e-32 -4.11569394805405e-18 -4.07283230864106e-32 7.70181232067727e-32 -6.44828559810002e-20 -4.20560467030270e-32 -1.59498581238886e-32
 -1.97126251449530e-17 1.31256948218973e-16 -2.89120404971076e-17 -5.97897496763134e-32 5.56246261608376e-32 -1.75361155497543e-18 2.63583050933072e-32 2.18011494391001e-33 -1.93014528243119e-18 -2.73501740321468e-32 -1.90435145287743e-32 3.02404843099942e-20 3.07720733298949e-32 3.14759367786509e-33 -1.97126254939749e-17 1.31256950232843e-16 -2.89120412935338e-17 5.16892064869951e-32 -8.62018186356188e-32 1.75361190405120e-18 -2.82179867204796e-32 1.32334482767257e-32 1.93014560265837e-18 1.91004468993749e-32 -3.61193503960224e-32 3.02406598958670e-20 1.97231122220404e-32 7.48003833846886e-33
 -2.87515664434199e-03 1.91442937717737e-02 -4.21692416537564e-03 -8.72054811479076e-18 8.11305000320153e-18 -2.55770496157047e-04 3.84445275377331e-18 3.17977535732574e-19 -2.81518569572567e-04 -3.98912037408522e-18 -2.77756447588347e-18 4.41068243081061e-06 4.48821658424719e-18 4.59087757721587e-19 -2.87515669524808e-03 1.91442940655037e-02 -4.21692428153723e-03 7.53905501570898e-18 -1.25728425200647e-17 2.55770547070991e-04 -4.11569394805405e-18 1.93014560265837e-18 2.81518616278842e-04 2.78586826507474e-18 -5.26813600506315e-18 4.41070804063604e-06 2.87668622191706e-18 1.09099025475497e-18
 -2.84521420233804e-17 1.89449213629361e-16 -4.17300829473766e-17 -8.62973062605196e-32 8.02855911827042e-32 -2.53106852329996e-18 3.80441587305471e-32 3.14666055663837e-33 -2.78586780287607e-18 -3.94757689655578e-32 -2.74863837775416e-32 4.36474872380988e-20 4.44147542145195e-32 4.54306728281903e-33 -2.84521425271398e-17 1.89449216536071e-16 -4.17300840968953e-17 7.46054182651746e-32 -1.24419064861193e-31 2.53106902713713e-18 -4.07283230864106e-32 1.91004468993749e-32 2.78586826507474e-18 2.75685568966540e-32 -5.21327260932054e-32 4.36477406692959e-20 2.84672785059395e-32 1.07962846947828e-32
 5.38036043174206e-17 -3.58252483063825e-16 7.89124723610894e-17 1.63190037357638e-31 -1.51821756577581e-31 4.78630428654559e-18 -7.19423114521733e-32 -5.95040188438125e-33 5.26813513103566e-18 7.46495167851844e-32 5.19773349812597e-32 -8.25383245619454e-20 -8.39892426956747e-32 -8.59103663518031e-33 5.38036052700404e-17 -3.58252488560476e-16 7.89124745348536e-17 -1.41080429057911e-31 2.35279091810881e-31 -4.78630523931236e-18 7.70181232067727e-32 -3.61193503960224e-32 -5.26813600506315e-18 -5.21327260932054e-32 9.85840912927526e-32 -8.25388038057169e-20 -5.38322277271343e-32 -2.04160034537639e-32
 -4.50466711470563e-05 2.99944250890405e-04 -6.60688858478614e-05 -1.36629655960524e-19 1.27111646669075e-19 -4.00729798572166e-06 6.02331700015096e-20 4.98193011934998e-21 -4.41070730886296e-06 -6.24997577127017e-20 -4.35176406061533e-20 6.91046038781292e-08 7.03193743913798e-20 7.19278210125372e-21 -4.50466719446302e-05 2.99944255492435e-04 -6.60688876678294e-05 1.18118549373831e-19 -1.96985685458088e-19 4.00729878341862e-06 -6.44828559810002e-20 3.02406598958670e-20 4.41070804063604e-06 4.36477406692959e-20 -8.25388038057169e-20 6.91050051214445e-08 4.50706358858659e-20 1.70931484123843e-20
 -2.93796680800662e-17 1.95625166284014e-16 -4.30904634505228e-17 -8.91105566693167e-32 8.29028625901500e-32 -2.61358013190535e-18 3.92843798885280e-32 3.24924016753126e-33 -2.87668574465094e-18 -4.07626599241779e-32 -2.83824265829229e-32 4.50703741929344e-20 4.58626537013634e-32 4.69116907700481e-33 -2.93796686002479e-17 1.95625169285482e-16 -4.30904646375152e-17 7.70375187851998e-32 -1.28475066146173e-31 2.61358065216736e-18 -4.20560467030270e-32 1.97231122220404e-32 2.87668622191706e-18 2.84672785059395e-32 -5.38322277271343e-32 4.50706358858659e-20 2.93952980046294e-32 1.11482383495052e-32
 -1.11423106625537e-17 7.41913206851080e-17 -1.63421631943114e-17 -3.37953956122567e-32 3.14411125162165e-32 -9.91206629421594e-19 1.48986967351325e-32 1.23228224584489e-33 -1.09099007375063e-18 -1.54593380384506e-32 -1.07641043963536e-32 1.70930491647028e-20 1.73935230975748e-32 1.77913729604107e-33 -1.11423108598339e-17 7.41913218234219e-17 -1.63421636444811e-17 2.92166665953389e-32 -4.87244816888881e-32 9.91206826732229e-19 -1.59498581238886e-32 7.48003833846886e-33 1.09099025475497e-18 1.07962846947828e-32 -2.04160034537639e-32 1.70931484123843e-20 1.11482383495052e-32 4.22799654141300e-33
