Paoks:
 1.99793841653363e+00 6.30820169359056e-03 -1.51168118826242e-04 8.80713274652790e-03 -4.16549721646104e-03 5.89309873936134e-06 -2.18224589631088e-06 -1.98658530892378e-02 -1.00421936371661e-05 3.41074060212384e-06 5.33612882864403e-03 3.14471879337833e-06 -1.35464556721098e-06 -1.79924428686446e-06 -2.10966546529807e-07 1.19438243744944e-04 9.41556363016868e-07 -2.05624937369754e-04 4.86733523780703e-06 -4.79517716177275e-07 1.06517511779128e-03 -2.29559480824610e-06 -1.84728309731194e-03 4.88174051630149e-06 -3.28054783481153e-06 -1.24945869367686e-06 1.53114150727736e-06 6.30282973579046e-04 -1.98782002202014e-06 -8.19056434825681e-04 6.02971202646806e-04 1.02647276207102e-03 -3.22745308161445e-02 1.36766081958828e-03 1.62128098134630e-03 -4.79541741219990e-06 2.16647615222171e-06 2.46480713427446e-02 -8.94198254511285e-06 2.90956931592665e-06 -3.09755179994959e-03 -9.79145710264049e-07 5.82635939758042e-07 6.71927866190489e-07 4.04799928864020e-07 2.70903430556933e-04 -3.42350656121750e-07 -4.68539079884957e-04 4.62772150969641e-06 4.88809170413499e-07 2.01591643833751e-03 -1.97957214521275e-06 -3.49001972914785e-03 -1.29472410293794e-06 -1.70260180949128e-06 3.34087863727870e-07 -3.14617394710865e-07 -8.44517157622444e-04 4.03558789019909e-07 1.08702223967781e-03
 6.30820169359056e-03 2.32313212589732e-04 1.43450664029869e-02 -3.11328112588473e-03 -9.23140023231315e-04 -1.26312185670972e-07 3.56330588238647e-08 2.88947465185880e-03 3.10991410357761e-06 -4.91683952245365e-07 -1.40439781823220e-03 -6.66329302947918e-07 1.32487138269547e-07 1.27920756326721e-07 -6.97521536483423e-08 -9.56391104345709e-05 -2.56931615972315e-08 1.65573935066480e-04 1.46493731472765e-07 1.41641929261267e-07 1.39090377143529e-04 2.96732627833017e-09 -2.40755628542450e-04 1.31928883993991e-08 -1.66462808345672e-08 -3.13569113006712e-09 -7.81018645844438e-09 -3.50029564107646e-05 1.06058385656091e-08 4.51445756082447e-05 9.96348815357702e-04 -1.60808534144209e-04 -1.06265381235171e-02 -1.24000424287649e-03 4.92425479040857e-04 -7.54465747773671e-08 -1.21528454235359e-08 -1.38171552974007e-02 4.01435042795328e-06 -6.40217357206045e-07 2.37784324811591e-03 -4.84117660134864e-07 5.92367278588286e-08 -7.94382493453542e-08 -8.03297409934307e-08 -1.41283903301718e-04 1.70514772975594e-08 2.44677187495958e-04 -2.01777578810232e-07 -2.79378539376655e-09 -3.13088847275272e-04 5.68423173481697e-08 5.42115047542230e-04 3.63876682537963e-08 -3.19809943003409e-08 -9.29722749300091e-09 6.26459561056340e-09 5.81825806916153e-05 -8.53486200205197e-09 -7.51029391402996e-05
 -1.51168118826242e-04 1.43450664029869e-02 2.01657128772503e+00 -1.81763348246943e-01 -1.81977275115555e-02 5.71070614498050e-06 -7.29002770533169e-07 -4.81586140311341e-01 -3.17384188058609e-05 1.09563062517120e-05 3.93241487993916e-02 -5.03079020511330e-06 2.94990876188175e-06 1.39373847185975e-07 2.07039672611521e-06 -7.77046861060927e-04 -1.07001199104128e-07 1.35261168738099e-03 -7.06008514664652e-06 2.20336144790689e-05 1.42794378986930e-02 3.68240869735017e-06 -2.47323924199430e-02 -3.56855685212354e-06 2.44521000751640e-06 9.76168392822605e-07 -1.38876294824215e-06 -2.83045411464142e-03 1.84493656728783e-06 3.64958121427836e-03 -2.12852122403220e-02 -1.47205569998803e-02 -7.35026754873500e-02 -9.95536108495036e-02 3.82347772855687e-04 3.46124034820766e-06 -3.12397953140070e-06 -4.23552298766974e-01 -3.26570811758481e-05 1.20844002398477e-05 9.89925128030633e-02 1.34159137271025e-05 -6.12130150734922e-06 1.56223700604139e-06 2.58275348002094e-07 -5.98308256706956e-03 -4.43352548323013e-07 1.03675449231493e-02 -5.03059031373867e-06 -1.22615356123939e-05 -2.53933005035980e-02 3.41506138791031e-06 4.39485448975659e-02 -4.88076048258799e-08 -3.47913973971684e-06 9.79340756749423e-09 1.71195162421632e-07 3.39083988642828e-03 -2.20320809029700e-07 -4.38302280825264e-03
 8.80713274652790e-03 -3.11328112588473e-03 -1.81763348246943e-01 1.10206750299035e-01 3.89793444203750e-02 1.25614057450561e-06 -7.31905729808661e-07 -3.09067749875823e-01 -6.16353385341132e-06 3.21436282571329e-06 9.07424694528073e-02 1.58356892082814e-06 -8.52708807724122e-07 -9.64549344175521e-07 3.46347346841410e-06 6.94606017588193e-03 5.24005873208614e-07 -1.20264452529392e-02 6.46558749903774e-07 -1.56572933549474e-06 3.43522254527885e-03 -3.11975065874566e-07 -5.95374167746698e-03 7.30043545764864e-07 1.43168506448048e-07 -1.89847838268957e-07 2.80998087295765e-07 2.79271831903604e-03 -3.74187472438265e-07 -3.60353835668431e-03 2.41788879696238e-03 2.02212665204482e-04 -7.56739532833195e-02 6.20453610551450e-02 -2.34276965644481e-02 5.63223343964845e-07 4.65214756017823e-08 3.81307886304341e-01 -7.93213300649005e-06 4.30983960081591e-06 -7.52644099711796e-02 2.87982709530133e-07 -3.15305792358171e-07 4.80615146002124e-07 1.71520391285019e-06 5.13249956448189e-03 -3.43185024244460e-07 -8.88619830078433e-03 9.23978479795456e-07 -3.00272971997495e-06 6.31200841402152e-03 -4.82013877066857e-07 -1.09370506156786e-02 2.41172664283341e-07 6.03158579705711e-07 -5.60944096425150e-08 7.22906940439067e-08 -2.48949584471219e-03 -9.56386015259802e-08 3.21374838568072e-03
 -4.16549721646104e-03 -9.23140023231315e-04 -1.81977275115555e-02 3.89793444203750e-02 1.50804675856003e-02 9.28066447911271e-07 -3.86472430924173e-07 -1.35643600023959e-01 -1.03266163964076e-05 3.46732141241411e-06 3.70879163861959e-02 1.82380515448088e-06 -6.20642835561760e-07 -6.16374135883186e-07 1.44344098103546e-06 2.71835796827541e-03 2.67481283429237e-07 -4.70635387805128e-03 -4.05534714858520e-07 -2.62809434263797e-08 1.67147821981905e-03 1.00795083958584e-07 -2.89661904366082e-03 9.17834231892858e-08 1.45474564485877e-07 -2.27416088810113e-08 5.55851977831283e-08 1.01425474649195e-03 -7.49397663263163e-08 -1.30878298197278e-03 4.24431447144929e-04 -2.66957946527591e-04 -2.49574473119348e-02 2.17286012859937e-02 -9.34017357783819e-03 5.15284705126031e-07 -1.16211956895974e-07 1.42909337452177e-01 -1.30070537986507e-05 4.45986834634344e-06 -2.75362544462657e-02 1.72231640008847e-06 -6.28695376796428e-07 4.03023276168558e-07 7.19002169654647e-07 1.88797837087263e-03 -1.94225935104086e-07 -3.26854568960161e-03 5.75062988724717e-07 -1.52918625128040e-06 1.86048276314731e-03 -1.94224487978499e-07 -3.22504670462127e-03 1.75910480753850e-08 1.51454326921183e-07 -2.29854331680143e-09 1.91454619675448e-08 -8.93623528269951e-04 -2.53783656715258e-08 1.15343063045468e-03
 5.89309873936134e-06 -1.26312185670972e-07 5.71070614498050e-06 1.25614057450561e-06 9.28066447911271e-07 1.25089902847678e-03 2.98272411163129e-07 -6.22376918939219e-06 -3.11635539460691e-02 -3.56845188581763e-06 1.54355884385890e-06 5.87334101887716e-03 4.93464494415868e-07 -1.05517050561521e-03 1.49427962920533e-09 3.32477811726175e-08 -2.67717338403117e-07 -2.98878219771587e-08 -2.09567843729974e-03 -1.80497743456304e-08 8.48958932191569e-08 -1.27195147053892e-07 -2.25621921813983e-07 -3.98004809474055e-04 -2.32788647871120e-09 1.02860796605295e-04 -1.43031516811386e-07 3.71434338940861e-08 -7.46375553655702e-08 -5.92320361284439e-08 -1.17263830404457e-06 5.67998708421554e-08 2.30357622569501e-06 -7.47609898374035e-07 5.77632499927625e-08 8.42802818385177e-04 7.98749532292774e-08 5.39124754121852e-06 -3.97951356073008e-02 -4.83679336311590e-06 -2.25115717995209e-07 5.54376081208090e-03 6.34735772468567e-07 7.51090075780017e-04 3.82618323272751e-09 2.96553246951547e-08 1.35880982076581e-07 -4.42671860211785e-08 1.55947998437525e-03 1.38681524178390e-08 2.51297738784754e-07 2.45844993687768e-07 -3.96379921240132e-07 -3.36287973711428e-04 -1.95801156875329e-09 8.67537319979691e-05 -5.81251719754036e-08 -9.24277157900162e-08 -1.46492024495902e-07 1.07619909094960e-07
 -2.18224589631088e-06 3.56330588238647e-08 -7.29002770533169e-07 -7.31905729808661e-07 -3.86472430924173e-07 2.98272411163129e-07 1.25114736640198e-03 2.35563350438699e-06 -3.55692430891157e-06 -3.11669170213172e-02 -6.45175153470320e-07 4.91224932286372e-07 5.87372355943897e-03 -2.66669331227827e-07 -1.04128165969643e-08 -1.11780069361076e-08 -1.05576486593507e-03 1.98844415023391e-08 -1.25798697441100e-07 3.36398575991722e-08 -5.88345143783056e-08 -2.09581436201238e-03 6.77080433587270e-08 3.46425534624302e-08 5.75565638374534e-09 1.91160560622224e-08 2.51581804056784e-04 -2.56572536338832e-08 -3.24853859500286e-04 2.75899942581780e-08 3.69293068902636e-07 -2.35912150877186e-08 -1.50025108977845e-06 2.67498297203490e-07 4.51857684927361e-09 8.02174205701673e-08 8.42885314519644e-04 -2.82936211663429e-06 -4.82340335869989e-06 -3.97987757082992e-02 1.90315827346590e-07 6.33055551343790e-07 5.54413315338912e-03 1.35781160332584e-07 -2.86132556134082e-09 -7.38693449265066e-09 7.51284547565362e-04 2.73845102922897e-08 2.44390555017139e-07 -2.00920076014826e-08 -1.13422653544271e-07 1.55932748833890e-03 2.22661749829031e-07 -1.11926499340572e-07 5.57113170260938e-09 -1.13462621629990e-07 2.12728259873948e-04 3.83956044121640e-08 -2.74473645003040e-04 -5.32043609015118e-08
 -1.98658530892378e-02 2.88947465185880e-03 -4.81586140311341e-01 -3.09067749875823e-01 -1.35643600023959e-01 -6.22376918939219e-06 2.35563350438699e-06 1.44365097381400e+00 2.19590068748859e-06 -7.76348029771087e-07 -3.64825640302460e-01 4.50028833381928e-06 -1.90667834422787e-06 2.16192048826782e-06 -1.41230922874341e-05 -2.59925113648821e-02 -1.29875277176883e-06 4.49998455310141e-02 -7.00644200359985e-07 -6.80602561700929e-06 -2.21156643187182e-02 7.63377105846244e-08 3.83187213754363e-02 -1.07221149801541e-06 -1.85246395677328e-06 2.51037440795569e-07 -3.55998902128048e-07 -9.11058014576509e-03 4.71833680328067e-07 1.17570848867394e-02 -1.53913751893382e-02 8.33044455734961e-03 4.14705950559849e-01 -1.79544761148167e-01 8.76128394073081e-02 -3.23215021432366e-06 1.28204899998401e-06 -1.15677361151790e+00 -1.38638315562783e-06 -7.23705366622282e-07 2.22768666100683e-01 -2.02012421342972e-06 1.63105258638068e-06 -1.72982144451602e-06 -6.22568989803459e-06 -1.57576650269934e-02 1.10455046957079e-06 2.72770316607474e-02 1.52436177079334e-06 1.83589055519842e-05 -8.59095198458530e-03 -1.13743267229441e-06 1.49164697210113e-02 -1.40494627587915e-06 -3.06716362060551e-07 3.39336031981184e-07 -5.29110140170501e-07 7.43945927015345e-03 6.95147193314728e-07 -9.60086536956749e-03
 -1.00421936371661e-05 3.10991410357761e-06 -3.17384188058609e-05 -6.16353385341132e-06 -1.03266163964076e-05 -3.11635539460691e-02 -3.55692430891157e-06 2.19590068748859e-06 7.76375333632535e-01 -7.61320297973378e-06 -2.47875541362437e-06 -1.46322115148147e-01 5.89558434031107e-06 2.62873846501031e-02 -3.57314638033191e-08 1.31881398018974e-06 3.40043298003526e-06 -2.97177334575899e-06 5.22094841341267e-02 4.51143976238186e-07 -5.06098159757284e-07 -3.32149494223360e-06 2.83190164892325e-06 9.91546531023602e-03 5.81767155414437e-08 -2.56256356549782e-03 4.34253446686579e-06 -3.68159578947229e-07 8.53300019010165e-07 7.55943707287440e-07 -6.72625660291951e-07 -2.01740929783308e-06 -5.01871841851777e-06 2.87817601776229e-05 -1.01470709682824e-05 -2.09966849585032e-02 6.20289694447905e-07 1.68448001709283e-06 9.91413294598461e-01 -2.74540167569115e-06 -1.64256012456529e-05 -1.38111306446628e-01 1.35509736050657e-06 -1.87118515600560e-02 -9.42893395405735e-08 7.12931182530156e-07 -1.05885597787014e-06 -1.40994068997443e-06 -3.88512102336066e-02 -3.47709648344281e-07 -5.59136004407214e-06 -1.29596506862582e-06 8.71213676476445e-06 8.37791734776068e-03 4.85520371772546e-08 -2.16128973170077e-03 2.10681542775915e-06 1.68041503630297e-06 2.79959691363630e-06 -1.87898614349683e-06
 3.41074060212384e-06 -4.91683952245365e-07 1.09563062517120e-05 3.21436282571329e-06 3.46732141241411e-06 -3.56845188581763e-06 -3.11669170213172e-02 -7.76348029771087e-07 -7.61320297973378e-06 7.76388748473547e-01 9.14990371152643e-07 5.89743660944081e-06 -1.46318382951577e-01 3.38519630779278e-06 2.58744313942076e-07 -6.69878173062179e-07 2.62998084045488e-02 1.14629463461238e-06 -3.33711093817961e-06 -8.38203923543704e-07 1.13149843142562e-06 5.22081380260330e-02 -1.10717146725941e-06 -2.09206460369564e-06 -1.43435824680568e-07 -1.58546408835761e-07 -6.26707161732392e-03 3.53399457421197e-07 8.09232690406640e-03 -3.18377266674155e-07 8.16188737965868e-07 4.87272483932231e-07 4.60674967008914e-06 -1.29797723619426e-05 3.80944660018032e-06 6.04004708895135e-07 -2.09968370733523e-02 -1.89199442264207e-06 -2.71495841000502e-06 9.91414120841548e-01 7.43718891467691e-06 1.34686453648336e-06 -1.38108064968030e-01 -1.06347790952612e-06 7.07955057676284e-08 -5.95576138316709e-07 -1.87150003487796e-02 6.67502310222288e-07 -1.27311724733726e-06 5.01260764603847e-07 1.96348596527711e-06 -3.88438903877423e-02 -4.05262922792087e-06 1.74988760240054e-06 -1.38759038810713e-07 3.09427870985693e-06 -5.29920348119124e-03 -6.14659490271138e-07 6.83732170842193e-03 8.84464202489020e-07
 5.33612882864403e-03 -1.40439781823220e-03 3.93241487993916e-02 9.07424694528073e-02 3.70879163861959e-02 1.54355884385890e-06 -6.45175153470320e-07 -3.64825640302460e-01 -2.47875541362437e-06 9.14990371152643e-07 9.58570362404802e-02 -3.59717693197304e-07 1.54963362067008e-07 -6.94569266970819e-07 3.68415542848928e-06 6.99108109652945e-03 3.91970588678636e-07 -1.21037251548385e-02 2.77102165021605e-07 8.41661703067993e-07 5.29226421068189e-03 -1.02252569231247e-07 -9.17002610456887e-03 4.03272488150827e-07 3.84213033393203e-07 -9.96491366301055e-08 1.47122226628282e-07 2.56415579637581e-03 -1.95545868459390e-07 -3.30887275709905e-03 2.00552177745062e-03 -1.59416872688347e-03 -1.08738872963234e-01 5.24771112197124e-02 -2.34596449380345e-02 8.01253670476518e-07 -2.37782080668922e-07 3.27833522299118e-01 -2.39414751933041e-06 1.18109763132903e-06 -6.39456746221931e-02 5.32212558641771e-07 -3.76329999934114e-07 4.72977478095737e-07 1.64687823690858e-06 4.48030697068807e-03 -3.04703858608776e-07 -7.75603012206050e-03 -1.84779348332221e-08 -4.36445832194440e-06 3.41814544781320e-03 9.33199471339746e-08 -5.92866448518127e-03 3.40040986237876e-07 2.34230230397272e-07 -8.14145238820260e-08 1.25222770358963e-07 -2.14052336793170e-03 -1.64909508979140e-07 2.76272806247877e-03
 3.14471879337833e-06 -6.66329302947918e-07 -5.03079020511330e-06 1.58356892082814e-06 1.82380515448088e-06 5.87334101887716e-03 4.91224932286372e-07 4.50028833381928e-06 -1.46322115148147e-01 5.89743660944081e-06 -3.59717693197304e-07 2.75770758381940e-02 -1.95218263898417e-06 -4.95433786301771e-03 6.70460757179818e-09 -2.96927896426666e-07 -4.89704483200943e-07 6.43809549352325e-07 -9.83983107677676e-03 -8.51531483784778e-08 -4.04165789168699e-08 9.26062192530041e-07 -2.98506867449480e-07 -1.86875057419095e-03 -1.09792710300867e-08 4.82961912714530e-04 -8.54444477075102e-07 6.19679387021753e-08 -1.14316649218300e-07 -1.32888963196242e-07 -7.10632278743954e-08 4.86956021058908e-07 4.52775213483607e-06 -5.32447539009459e-06 2.04955669571723e-06 3.95720884327952e-03 -2.37571067686457e-07 8.59577626704560e-07 -1.86849947400859e-01 6.21595831281491e-06 2.87345284057684e-06 2.60295987933897e-02 -1.04919603388480e-06 3.52659025859628e-03 1.77705135591451e-08 -1.27623298075678e-07 9.19913015993154e-08 2.53999176362183e-07 7.32222036953120e-03 6.56272231828576e-08 1.18290815816134e-06 2.09527475187807e-08 -1.86534694892494e-06 -1.57897157607836e-03 -9.13617098348929e-09 4.07334553744054e-04 -4.27530323393436e-07 -3.20905954514723e-07 -4.88330716393764e-07 3.59574283125193e-07
 -1.35464556721098e-06 1.32487138269547e-07 2.94990876188175e-06 -8.52708807724122e-07 -6.20642835561760e-07 4.93464494415868e-07 5.87372355943897e-03 -1.90667834422787e-06 5.89558434031107e-06 -1.46318382951577e-01 1.54963362067008e-07 -1.95218263898417e-06 2.75751925346024e-02 -4.86933095158386e-07 -4.87515822623349e-08 1.45934374424490e-07 -4.95646727180181e-03 -2.50113850383861e-07 9.28873582113198e-07 1.58025819426665e-07 -1.49593101985096e-07 -9.83915641808073e-03 9.84309634998572e-08 4.51232009638714e-07 2.70380366350839e-08 1.51587313057609e-08 1.18109362447594e-03 -6.35611930064648e-08 -1.52508157936849e-03 5.60764251148930e-08 -9.77748057538761e-08 -1.43130102078213e-07 -2.87430169141403e-06 2.38828201294249e-06 -7.66389189540828e-07 -2.34458509919700e-07 3.95706821819491e-03 -5.30376252087548e-07 6.20801569501533e-06 -1.86842108741895e-01 -1.24812940837828e-06 -1.04734972204180e-06 2.60278742695804e-02 9.29133092570375e-08 -1.33453663117658e-08 1.06183386452517e-07 3.52703280057349e-03 -1.15282904519810e-07 1.66859910038369e-08 -9.45091889265547e-08 -4.33539557593919e-07 7.32052756067120e-03 8.73627212313321e-07 -2.81643970437013e-07 2.61439725274865e-08 -5.95567312653875e-07 9.98688989530054e-04 1.18864840435086e-07 -1.28856303870903e-03 -1.70598494449953e-07
 -1.79924428686446e-06 1.27920756326721e-07 1.39373847185975e-07 -9.64549344175521e-07 -6.16374135883186e-07 -1.05517050561521e-03 -2.66669331227827e-07 2.16192048826782e-06 2.62873846501031e-02 3.38519630779278e-06 -6.94569266970819e-07 -4.95433786301771e-03 -4.86933095158386e-07 8.90067703704643e-04 -1.23336031227110e-09 9.38053983439244e-10 2.38536048085592e-07 -2.49380873190195e-08 1.76776709858188e-03 1.52815400623182e-08 -3.09101813786138e-08 1.32515045693884e-07 1.19781984711431e-07 3.35728898904334e-04 1.96870180565331e-09 -8.67661425769332e-05 1.17624585724909e-07 -2.94609993003719e-08 6.68673448914677e-08 4.75308300902116e-08 -7.33262716218761e-07 -8.01866358037414e-08 -6.35282069060719e-07 5.91419302587190e-07 -1.84911034754962e-07 -7.10929246137146e-04 -7.75226504349407e-08 -2.91908927278746e-06 3.35683805451960e-02 4.55895818347093e-06 -8.12492949708608e-09 -4.67632712306548e-03 -6.02151180168257e-07 -6.33566813469297e-04 -3.20910214723458e-09 -1.16778880526068e-08 -1.23664414498610e-07 1.42715435465262e-08 -1.31546775790174e-03 -1.17497724113942e-08 -2.38996243789893e-07 -2.26139437036496e-07 3.81049195193426e-07 2.83668906170774e-04 1.64009802111818e-09 -7.31793510856980e-05 4.64696780968699e-08 7.40413257181325e-08 1.26874364787223e-07 -8.57464783728779e-08
 -2.10966546529807e-07 -6.97521536483423e-08 2.07039672611521e-06 3.46347346841410e-06 1.44344098103546e-06 1.49427962920533e-09 -1.04128165969643e-08 -1.41230922874341e-05 -3.57314638033191e-08 2.58744313942076e-07 3.68415542848928e-06 6.70460757179818e-09 -4.87515822623349e-08 -1.23336031227110e-09 1.46492636480024e-10 2.59524613030332e-07 8.77871517346218e-09 -4.49299938682410e-07 -2.38111782481237e-09 3.98013098935026e-11 1.77537606755997e-07 1.73899232234256e-08 -3.07662691409921e-07 -4.39842449562611e-10 2.04711754828204e-11 1.13648405481367e-10 -2.08259392453702e-09 9.05719399883423e-08 2.68863726685800e-09 -1.16880119898336e-07 4.68271063895414e-07 -4.32683550892939e-08 -1.35067955769722e-06 1.88269182739037e-06 -9.12848290419770e-07 9.92118061349705e-10 -7.00336192182361e-09 1.36019814188672e-05 -4.55917229059306e-08 3.30403585249975e-07 -2.54312439409436e-06 6.35781937975347e-09 -4.60354843718368e-08 8.77706508154004e-10 7.65159884536670e-11 1.74004913427515e-07 -6.24833736103986e-09 -3.01227967682995e-07 1.78190063669401e-09 -1.73227052079047e-10 1.40164361374816e-07 -1.29409418409462e-08 -2.43082343575434e-07 -3.72475438954572e-10 8.00334628189966e-12 9.74630265844936e-11 -1.76179955862078e-09 -8.03976214194160e-08 2.27289664735573e-09 1.03755178811123e-07
 1.19438243744944e-04 -9.56391104345709e-05 -7.77046861060927e-04 6.94606017588193e-03 2.71835796827541e-03 3.32477811726175e-08 -1.11780069361076e-08 -2.59925113648821e-02 1.31881398018974e-06 -6.69878173062179e-07 6.99108109652945e-03 -2.96927896426666e-07 1.45934374424490e-07 9.38053983439244e-10 2.59524613030332e-07 5.31791570537110e-04 3.89606985544060e-09 -9.20737885899666e-04 1.14077680840986e-07 1.91772584123781e-08 4.17897512809643e-04 -5.37496675466127e-08 -7.24039346826157e-04 4.91595190492672e-08 1.65348818861399e-08 -1.25047615095771e-08 1.70834623323672e-08 2.07018088525309e-04 -2.25324908817939e-08 -2.67130166969271e-04 4.43421032424200e-04 -1.28002757710780e-04 -1.30944793191856e-02 4.23846419349585e-03 -1.70204998034142e-03 2.24836062232824e-08 5.30504525198563e-10 2.27919775245812e-02 1.71982401346300e-06 -8.47922960421576e-07 -4.67067888674154e-03 -2.32330057396254e-07 1.08882957533469e-07 -4.74883070595736e-09 9.69358725001005e-08 3.33459862790965e-04 -3.33076588098805e-09 -5.77275160827836e-04 -7.03250571882852e-08 -2.95191829139688e-07 2.67589108340607e-04 4.15353855782898e-08 -4.64055852351610e-04 4.54243895254656e-08 2.52090742806488e-08 -1.11547601658256e-08 1.56804209315732e-08 -1.64935636064408e-04 -2.06938818831171e-08 2.12912999711147e-04
 9.41556363016868e-07 -2.56931615972315e-08 -1.07001199104128e-07 5.24005873208614e-07 2.67481283429237e-07 -2.67717338403117e-07 -1.05576486593507e-03 -1.29875277176883e-06 3.40043298003526e-06 2.62998084045488e-02 3.91970588678636e-07 -4.89704483200943e-07 -4.95646727180181e-03 2.38536048085592e-07 8.77871517346218e-09 3.89606985544060e-09 8.90893818841882e-04 -7.20509912822987e-09 1.32977287017335e-07 -2.83952589562026e-08 5.20604437931265e-08 1.76852642100615e-03 -6.12963061114461e-08 -2.41406258988771e-08 -4.85859918829759e-09 -1.74468783052445e-08 -2.12294119577961e-04 2.25040988394802e-08 2.74123819042840e-04 -2.43771126505274e-08 3.63327997487893e-07 1.85518532433626e-08 2.28928223230186e-08 -2.13281876529712e-07 3.82034403740528e-08 -7.84776215340469e-08 -7.11258104503583e-04 1.46229124327145e-06 4.57963273065801e-06 3.35836930976712e-02 -3.98716773272623e-08 -6.05167780167891e-07 -4.67834658111913e-03 -1.24194593001652e-07 2.40571034436416e-09 -5.04586233458443e-10 -6.33961955114816e-04 -1.14445889376544e-08 -2.26192211620190e-07 1.69650318553878e-08 9.02218815389778e-08 -1.31581876254933e-03 -1.78371308418514e-07 9.87548373865979e-08 -4.69866228935411e-09 9.46329034825601e-08 -1.79508047689949e-04 -3.04968074200397e-08 2.31611111629531e-04 4.24502438754434e-08
 -2.05624937369754e-04 1.65573935066480e-04 1.35261168738099e-03 -1.20264452529392e-02 -4.70635387805128e-03 -2.98878219771587e-08 1.98844415023391e-08 4.49998455310141e-02 -2.97177334575899e-06 1.14629463461238e-06 -1.21037251548385e-02 6.43809549352325e-07 -2.50113850383861e-07 -2.49380873190195e-08 -4.49299938682410e-07 -9.20737885899666e-04 -7.20509912822987e-09 1.59415519802732e-03 -2.43790209514728e-07 -3.31179121794944e-08 -7.23566773472530e-04 9.21477035866098e-08 1.25363457178917e-03 -9.39039985115062e-08 -2.86056082837590e-08 2.39225341529673e-08 -2.94724304656880e-08 -3.58450328522595e-04 3.88704299725340e-08 4.62533934850707e-04 -7.67334109732522e-04 2.21635240041603e-04 2.26803132158146e-02 -7.33889073133134e-03 2.94676433211632e-03 -2.03156415664271e-08 -5.50540261447676e-10 -3.94579767406007e-02 -3.85670265216698e-06 1.45079502313911e-06 8.08643074299426e-03 5.24723377194705e-07 -1.86124449667274e-07 2.48215935662820e-08 -1.67781510414972e-07 -5.77336716953162e-04 6.09028363019927e-09 9.99467074104560e-04 1.56196067187750e-07 5.11022513252110e-07 -4.63318872021053e-04 -7.12306677557993e-08 8.03492334376366e-04 -8.60810910300319e-08 -4.36606440183171e-08 2.12307485299809e-08 -2.70601636516209e-08 2.85571791721432e-04 3.57101317171692e-08 -3.68640510407019e-04
 4.86733523780703e-06 1.46493731472765e-07 -7.06008514664652e-06 6.46558749903774e-07 -4.05534714858520e-07 -2.09567843729974e-03 -1.25798697441100e-07 -7.00644200359985e-07 5.22094841341267e-02 -3.33711093817961e-06 2.77102165021605e-07 -9.83983107677676e-03 9.28873582113198e-07 1.76776709858188e-03 -2.38111782481237e-09 1.14077680840986e-07 1.32977287017335e-07 -2.43790209514728e-07 3.51096970680991e-03 3.02912932592130e-08 -9.34826387360084e-08 -4.13363091026969e-07 2.93333684564333e-07 6.66792638595591e-04 3.90725126121212e-09 -1.72326607286244e-04 3.14840792647322e-07 -1.51336312120485e-08 2.79222917772161e-08 3.84000486441321e-08 -8.54014486437732e-07 -6.85855614361598e-08 4.45935158539641e-06 2.28692353798366e-06 -8.38183615348531e-07 -1.41197957120444e-03 1.18135957029937e-07 5.23549370898203e-06 6.66703003220976e-02 -3.79220345217597e-06 -1.94301888615205e-06 -9.28767282885226e-03 5.93692818537904e-07 -1.25832966173451e-03 -6.30767269057161e-09 9.64649785991560e-08 -3.10800510558451e-09 -1.78845358571545e-07 -2.61265592287236e-03 -2.33797998935180e-08 -2.56340082126743e-07 5.41760042065804e-08 3.78683014578607e-07 5.63395967243475e-04 3.26909051003944e-09 -1.45341852508585e-04 1.60958681991673e-07 9.14725500222457e-08 1.63390521863157e-07 -9.85819596987350e-08
 -4.79517716177275e-07 1.41641929261267e-07 2.20336144790689e-05 -1.56572933549474e-06 -2.62809434263797e-08 -1.80497743456304e-08 3.36398575991722e-08 -6.80602561700929e-06 4.51143976238186e-07 -8.38203923543704e-07 8.41661703067993e-07 -8.51531483784778e-08 1.58025819426665e-07 1.52815400623182e-08 3.98013098935026e-11 1.91772584123781e-08 -2.83952589562026e-08 -3.31179121794944e-08 3.02912932592130e-08 2.44395404294848e-10 1.67790397448825e-07 -5.63361686069217e-08 -2.90640434391809e-07 5.73102176174470e-09 3.07701835393403e-11 -1.47976841792373e-09 6.75503440910856e-09 -2.19046476816627e-08 -8.71811323307467e-09 2.82350755491851e-08 1.09961517416778e-07 -1.58550699864270e-07 -3.02812428304169e-07 -8.84697044008381e-07 -1.02207672662628e-07 -1.21701197825723e-08 2.26378899368653e-08 -2.77986815846916e-06 5.76181604319534e-07 -1.07036598112233e-06 7.55180935331005e-07 -8.01712831242026e-08 1.49057847488379e-07 -1.08612896257959e-08 1.44073254122276e-11 -4.41394068832520e-08 2.02010942256537e-08 7.65188309722444e-08 -2.26469355742822e-08 -1.53775977962074e-10 -2.55232499588240e-07 4.19788500459228e-08 4.41676787631254e-07 4.87099017272413e-09 -3.60397794051910e-11 -1.26043814460255e-09 5.72540601651453e-09 2.78162798985976e-08 -7.38399967940555e-09 -3.59754703067434e-08
 1.06517511779128e-03 1.39090377143529e-04 1.42794378986930e-02 3.43522254527885e-03 1.67147821981905e-03 8.48958932191569e-08 -5.88345143783056e-08 -2.21156643187182e-02 -5.06098159757284e-07 1.13149843142562e-06 5.29226421068189e-03 -4.04165789168699e-08 -1.49593101985096e-07 -3.09101813786138e-08 1.77537606755997e-07 4.17897512809643e-04 5.20604437931265e-08 -7.23566773472530e-04 -9.34826387360084e-08 1.67790397448825e-07 5.57834464904475e-04 1.14095530889931e-07 -9.66232660901627e-04 -1.78683218190444e-08 6.26316098690404e-09 5.05547264772185e-09 -1.49128853119680e-08 1.64487535581781e-04 1.93338210733116e-08 -2.12256014750876e-04 1.08658288883743e-03 -3.04072320447822e-04 -2.47140067767886e-02 2.84005794265321e-03 -1.13513015955553e-03 9.49235946367696e-08 -8.19569911940414e-08 7.15269202811822e-03 -5.78536785315648e-07 1.44364202432976e-06 -1.98701851805069e-03 1.74009165208595e-07 -2.44418585459463e-07 3.21928095048667e-08 3.88509485616638e-09 1.73197798740366e-04 -3.98281357898264e-08 -2.99739327999963e-04 -3.96512942115140e-08 -2.89498341206931e-07 -8.01540342216382e-05 -9.11107096464691e-09 1.38081531701892e-04 3.15028488895330e-08 -4.34206995097421e-09 -7.46111771550530e-09 7.11694420519931e-09 -9.67096086636768e-05 -1.01635339744868e-08 1.24857737350218e-04
 -2.29559480824610e-06 2.96732627833017e-09 3.68240869735017e-06 -3.11975065874566e-07 1.00795083958584e-07 -1.27195147053892e-07 -2.09581436201238e-03 7.63377105846244e-08 -3.32149494223360e-06 5.22081380260330e-02 -1.02252569231247e-07 9.26062192530041e-07 -9.83915641808073e-03 1.32515045693884e-07 1.73899232234256e-08 -5.37496675466127e-08 1.76852642100615e-03 9.21477035866098e-08 -4.13363091026969e-07 -5.63361686069217e-08 1.14095530889931e-07 3.51072796866606e-03 -1.40255675440069e-07 -1.76577349131482e-07 -9.64282992496173e-09 -1.38418624263568e-09 -4.21428255889660e-04 2.01260812178149e-08 5.44167240412075e-04 -1.67088157186845e-08 2.51416186512087e-07 -7.20247305196218e-09 -2.38667641829642e-06 -1.03767864754337e-06 3.23087178043806e-07 1.16612090099021e-07 -1.41192898450611e-03 -2.70855605952416e-06 -3.77029064959830e-06 6.66674849995220e-02 9.18952174006167e-07 5.90386900992763e-07 -9.28705489237044e-03 -3.80030409539382e-09 4.74406574939796e-09 -6.36712666805567e-08 -1.25848721897042e-03 8.57984885119722e-08 5.49663439755794e-08 3.37014586005395e-08 6.69818167388727e-08 -2.61205122036216e-03 -1.59892136840306e-07 8.73566160024898e-08 -9.33379493950281e-09 2.15894633819551e-07 -3.56344102034458e-04 -3.09902711690584e-08 4.59774599471463e-04 4.61318691775558e-08
 -1.84728309731194e-03 -2.40755628542450e-04 -2.47323924199430e-02 -5.95374167746698e-03 -2.89661904366082e-03 -2.25621921813983e-07 6.77080433587270e-08 3.83187213754363e-02 2.83190164892325e-06 -1.10717146725941e-06 -9.17002610456887e-03 -2.98506867449480e-07 9.84309634998572e-08 1.19781984711431e-07 -3.07662691409921e-07 -7.24039346826157e-04 -6.12963061114461e-08 1.25363457178917e-03 2.93333684564333e-07 -2.90640434391809e-07 -9.66232660901627e-04 -1.40255675440069e-07 1.67362498749305e-03 5.58810493987013e-08 -1.08786281857459e-08 -1.52008518063299e-08 1.89442327826670e-08 -2.84963539303778e-04 -2.45795205076414e-08 3.67719226232086e-04 -1.88157208397563e-03 5.26609289581802e-04 4.27953359886059e-02 -4.92064489485364e-03 1.96705563190723e-03 -2.17289619569540e-07 1.18879880980414e-07 -1.24074631453945e-02 3.49890996072426e-06 -1.41165115222603e-06 3.44471924595589e-03 -6.49195811174562e-07 2.71670662475788e-07 -1.02907567537413e-07 -6.85816809558785e-09 -3.00181641305001e-04 4.84415853349104e-08 5.19500056236986e-04 -2.91909380148999e-08 5.01589023202726e-07 1.38593450250582e-04 -2.68687892677555e-08 -2.38752835035822e-04 -3.34622650555079e-08 7.51434100275932e-09 7.48311163981251e-09 -1.81407254759655e-08 1.67586757757453e-04 2.51184588016105e-08 -2.16364175289388e-04
 4.88174051630149e-06 1.31928883993991e-08 -3.56855685212354e-06 7.30043545764864e-07 9.17834231892858e-08 -3.98004809474055e-04 3.46425534624302e-08 -1.07221149801541e-06 9.91546531023602e-03 -2.09206460369564e-06 4.03272488150827e-07 -1.86875057419095e-03 4.51232009638714e-07 3.35728898904334e-04 -4.39842449562611e-10 4.91595190492672e-08 -2.41406258988771e-08 -9.39039985115062e-08 6.66792638595591e-04 5.73102176174470e-09 -1.78683218190444e-08 -1.76577349131482e-07 5.58810493987013e-08 1.26635235419439e-04 7.35229894957529e-10 -3.27277452613953e-05 7.15705344251863e-08 1.02656518295523e-08 -9.90410463310140e-09 -9.67229179462955e-09 -6.81102362846286e-07 2.47364417713453e-09 1.05104563125429e-06 7.41492564593386e-07 -2.55864208259100e-07 -2.68158847218366e-04 6.18821321493685e-08 3.11767947325652e-06 1.26618192166310e-02 -2.58237748707382e-06 -7.76166281281477e-07 -1.76388639135722e-03 3.72167477940210e-07 -2.38978110916798e-04 -1.18850198651031e-09 4.49964157575944e-08 3.45605055830821e-08 -8.01574356431083e-08 -4.96187590917269e-04 -4.44344913474626e-09 2.48912008429293e-09 8.32410477418719e-08 -1.66995554275391e-08 1.06998430690851e-04 6.22235038578715e-10 -2.76028846154723e-05 4.05215621817012e-08 3.28760400976671e-09 1.81890266938833e-08 -5.45241372940892e-10
 -3.28054783481153e-06 -1.66462808345672e-08 2.44521000751640e-06 1.43168506448048e-07 1.45474564485877e-07 -2.32788647871120e-09 5.75565638374534e-09 -1.85246395677328e-06 5.81767155414437e-08 -1.43435824680568e-07 3.84213033393203e-07 -1.09792710300867e-08 2.70380366350839e-08 1.96870180565331e-09 2.04711754828204e-11 1.65348818861399e-08 -4.85859918829759e-09 -2.86056082837590e-08 3.90725126121212e-09 3.07701835393403e-11 6.26316098690404e-09 -9.64282992496173e-09 -1.08786281857459e-08 7.35229894957529e-10 1.40089782320101e-11 -1.89807265131676e-10 1.15554167928028e-09 -1.23713739910830e-09 -1.49155476746935e-09 1.59942636569935e-09 7.53126403209119e-07 -1.75193639760589e-09 2.26918046214632e-06 -1.93464258586692e-08 -9.90517991478668e-08 -1.56341614925196e-09 3.87483892740135e-09 1.77115702988259e-06 7.42973923789172e-08 -1.83161656473352e-07 -2.28847105045353e-07 -1.03397682819041e-08 2.55083309167300e-08 -1.39934789613141e-09 1.86206246105736e-11 1.27285416331833e-08 3.45623343504423e-09 -2.20276191448944e-08 -2.92366122038932e-09 -3.34949759172429e-11 -3.88970921795901e-09 7.18192927152433e-09 6.68078622724434e-09 6.29690953552784e-10 -2.54399041170116e-13 -1.63123169225994e-10 9.79739531806573e-10 -2.07156882399067e-09 -1.26361630005569e-09 2.66107671815923e-09
 -1.24945869367686e-06 -3.13569113006712e-09 9.76168392822605e-07 -1.89847838268957e-07 -2.27416088810113e-08 1.02860796605295e-04 1.91160560622224e-08 2.51037440795569e-07 -2.56256356549782e-03 -1.58546408835761e-07 -9.96491366301055e-08 4.82961912714530e-04 1.51587313057609e-08 -8.67661425769332e-05 1.13648405481367e-10 -1.25047615095771e-08 -1.74468783052445e-08 2.39225341529673e-08 -1.72326607286244e-04 -1.47976841792373e-09 5.05547264772185e-09 -1.38418624263568e-09 -1.52008518063299e-08 -3.27277452613953e-05 -1.89807265131676e-10 8.45819401142491e-06 -1.28526061847986e-08 -2.66130862115940e-09 -4.72836676539921e-09 2.51010244355569e-09 1.74758533837742e-07 -9.83800415838741e-10 -2.64844854613857e-07 -1.92747228419102e-07 6.52124700852196e-08 6.93032618269379e-05 2.91698117532405e-09 -7.99306225662650e-07 -3.27233424172633e-03 -2.25483032905739e-07 2.00250309126627e-07 4.55860704511160e-04 2.81977458278034e-08 6.17617622965754e-05 3.07222459709637e-10 -1.15993236146731e-08 7.92300382634594e-09 2.06653047492216e-08 1.28235258330475e-04 1.14743190597668e-09 -1.09354391110539e-09 1.34702941132246e-08 5.09519852989046e-09 -2.76527916551659e-05 -1.60781806669291e-10 7.13371654835472e-06 -5.69992684395626e-09 -8.41657511121969e-10 -1.08585436272138e-08 1.30270550713176e-10
 1.53114150727736e-06 -7.81018645844438e-09 -1.38876294824215e-06 2.80998087295765e-07 5.55851977831283e-08 -1.43031516811386e-07 2.51581804056784e-04 -3.55998902128048e-07 4.34253446686579e-06 -6.26707161732392e-03 1.47122226628282e-07 -8.54444477075102e-07 1.18109362447594e-03 1.17624585724909e-07 -2.08259392453702e-09 1.70834623323672e-08 -2.12294119577961e-04 -2.94724304656880e-08 3.14840792647322e-07 6.75503440910856e-09 -1.49128853119680e-08 -4.21428255889660e-04 1.89442327826670e-08 7.15705344251863e-08 1.15554167928028e-09 -1.28526061847986e-08 5.05883258804362e-05 2.64760275708221e-09 -6.53219035365428e-05 -4.52954669611108e-09 -1.56794278390615e-07 7.95926852109729e-09 4.23630798985662e-07 2.46883564331011e-07 -7.69245498519984e-08 -1.20660616152492e-07 1.69488142248240e-04 1.18835979638442e-06 5.48875520733818e-06 -8.00277345625409e-03 -2.75007431345835e-07 -7.72452277254912e-07 1.11481926886147e-03 -9.45953988280962e-08 -5.65997248538252e-10 1.83198428055812e-08 1.51068961063742e-04 -2.87883505461077e-08 -2.03948025980491e-07 -4.04789049896169e-09 1.29208919664715e-08 3.13550953437493e-04 -1.71108757025930e-08 3.20710445037530e-08 1.12154333175155e-09 -3.68947274911987e-08 4.27756021347420e-05 -1.78520136834536e-09 -5.51913872990743e-05 1.56937918689353e-09
 6.30282973579046e-04 -3.50029564107646e-05 -2.83045411464142e-03 2.79271831903604e-03 1.01425474649195e-03 3.71434338940861e-08 -2.56572536338832e-08 -9.11058014576509e-03 -3.68159578947229e-07 3.53399457421197e-07 2.56415579637581e-03 6.19679387021753e-08 -6.35611930064648e-08 -2.94609993003719e-08 9.05719399883423e-08 2.07018088525309e-04 2.25040988394802e-08 -3.58450328522595e-04 -1.51336312120485e-08 -2.19046476816627e-08 1.64487535581781e-04 2.01260812178149e-08 -2.84963539303778e-04 1.02656518295523e-08 -1.23713739910830e-09 -2.66130862115940e-09 2.64760275708221e-09 8.76397254326695e-05 -3.66159435556204e-09 -1.13082827158584e-04 1.09472106661395e-03 -4.37633529090993e-05 -7.28533175359544e-03 1.80335926870684e-03 -6.20628965827377e-04 3.09251096268969e-08 -1.51377081983779e-08 8.04749451784562e-03 -4.68684428957502e-07 4.57612575122714e-07 -1.76621159296246e-03 6.05835540136117e-08 -6.22984201169697e-08 1.70962068189609e-08 2.52845620715940e-08 1.28488156472982e-04 -1.50981442559206e-08 -2.22442474874666e-04 2.33402032306806e-08 -9.32468353489228e-08 1.18525186347861e-04 -1.77976880046421e-08 -2.05479566090426e-04 9.94515172448755e-09 1.45896247198277e-08 -2.29688953480191e-09 2.44287934457767e-09 -6.68188715194032e-05 -3.46131299870684e-09 8.62730742536313e-05
 -1.98782002202014e-06 1.06058385656091e-08 1.84493656728783e-06 -3.74187472438265e-07 -7.49397663263163e-08 -7.46375553655702e-08 -3.24853859500286e-04 4.71833680328067e-07 8.53300019010165e-07 8.09232690406640e-03 -1.95545868459390e-07 -1.14316649218300e-07 -1.52508157936849e-03 6.68673448914677e-08 2.68863726685800e-09 -2.25324908817939e-08 2.74123819042840e-04 3.88704299725340e-08 2.79222917772161e-08 -8.71811323307467e-09 1.93338210733116e-08 5.44167240412075e-04 -2.45795205076414e-08 -9.90410463310140e-09 -1.49155476746935e-09 -4.72836676539921e-09 -6.53219035365428e-05 -3.66159435556204e-09 8.43466101550206e-05 6.16448530697965e-09 2.04995200454957e-07 -1.06211979388069e-08 -5.47462136299253e-07 -3.24628278694024e-07 1.00900148447724e-07 -1.89205900770346e-08 -2.18850767325598e-04 -1.57107476621406e-06 1.16267806471860e-06 1.03335438407537e-02 3.62318557473874e-07 -1.51862278658244e-07 -1.43950516510364e-03 -3.35640950904537e-08 7.29922875964221e-10 -2.41305297282495e-08 -1.95067099486880e-04 3.79941367874997e-08 -5.99521090595152e-08 5.22389439729242e-09 -1.76983880103343e-08 -4.04871215453233e-04 2.38427479785631e-08 2.83049266360316e-08 -1.44788122740848e-09 2.96550558689567e-08 -5.52337790203843e-05 2.56078762027378e-09 7.12656444773097e-05 -2.35414231279801e-09
 -8.19056434825681e-04 4.51445756082447e-05 3.64958121427836e-03 -3.60353835668431e-03 -1.30878298197278e-03 -5.92320361284439e-08 2.75899942581780e-08 1.17570848867394e-02 7.55943707287440e-07 -3.18377266674155e-07 -3.30887275709905e-03 -1.32888963196242e-07 5.60764251148930e-08 4.75308300902116e-08 -1.16880119898336e-07 -2.67130166969271e-04 -2.43771126505274e-08 4.62533934850707e-04 3.84000486441321e-08 2.82350755491851e-08 -2.12256014750876e-04 -1.67088157186845e-08 3.67719226232086e-04 -9.67229179462955e-09 1.59942636569935e-09 2.51010244355569e-09 -4.52954669611108e-09 -1.13082827158584e-04 6.16448530697965e-09 1.45912458577256e-04 -1.41172928822672e-03 5.64776721007789e-05 9.39905274341994e-03 -2.32684543518151e-03 8.00871813173450e-04 -4.74874153630848e-08 1.58059273978379e-08 -1.03848936617323e-02 9.63431786990106e-07 -4.14720334199241e-07 2.27909060955932e-03 -1.28140501342042e-07 5.59054979796584e-08 -2.88338850161634e-08 -3.26382748064413e-08 -1.65797475376654e-04 1.61656603390866e-08 2.87033453809966e-04 -4.41789635706205e-08 1.20343410349444e-07 -1.52927766850998e-04 1.60804449128210e-08 2.65121186264700e-04 -9.79638796549219e-09 -1.88155327444915e-08 2.18115688773530e-09 -4.08961277956644e-09 8.62204850978498e-05 5.67774915007413e-09 -1.11323408634962e-04
 6.02971202646806e-04 9.96348815357702e-04 -2.12852122403220e-02 2.41788879696238e-03 4.24431447144929e-04 -1.17263830404457e-06 3.69293068902636e-07 -1.53913751893382e-02 -6.72625660291951e-07 8.16188737965868e-07 2.00552177745062e-03 -7.10632278743954e-08 -9.77748057538761e-08 -7.33262716218761e-07 4.68271063895414e-07 4.43421032424200e-04 3.63327997487893e-07 -7.67334109732522e-04 -8.54014486437732e-07 1.09961517416778e-07 1.08658288883743e-03 2.51416186512087e-07 -1.88157208397563e-03 -6.81102362846286e-07 7.53126403209119e-07 1.74758533837742e-07 -1.56794278390615e-07 1.09472106661395e-03 2.04995200454957e-07 -1.41172928822672e-03 1.99245045546469e+00 7.33024079800777e-03 -1.91097570368571e-02 1.23630949411993e-02 5.25167682138234e-03 4.53315267475385e-07 -1.20031398474635e-07 1.33160452180826e-02 -1.41507940703102e-06 1.62156944523296e-06 -3.09787251386588e-03 1.11600743130344e-06 -7.68666585761370e-07 -2.35893988626012e-07 1.50276959647640e-06 -2.02021019854321e-04 1.77939069587776e-07 3.51225949723971e-04 -1.15085596089189e-06 -1.24808001125237e-06 1.11323630345983e-03 3.30038059569165e-07 -1.92984898980735e-03 2.12245631289788e-06 1.66918206578366e-06 -5.32299256442705e-07 6.04622820075142e-07 -4.33895682899901e-04 -8.36931530593492e-07 5.62622829377115e-04
 1.02647276207102e-03 -1.60808534144209e-04 -1.47205569998803e-02 2.02212665204482e-04 -2.66957946527591e-04 5.67998708421554e-08 -2.35912150877186e-08 8.33044455734961e-03 -2.01740929783308e-06 4.87272483932231e-07 -1.59416872688347e-03 4.86956021058908e-07 -1.43130102078213e-07 -8.01866358037414e-08 -4.32683550892939e-08 -1.28002757710780e-04 1.85518532433626e-08 2.21635240041603e-04 -6.85855614361598e-08 -1.58550699864270e-07 -3.04072320447822e-04 -7.20247305196218e-09 5.26609289581802e-04 2.47364417713453e-09 -1.75193639760589e-09 -9.83800415838741e-10 7.95926852109729e-09 -4.37633529090993e-05 -1.06211979388069e-08 5.64776721007789e-05 7.33024079800777e-03 2.47821579910394e-04 1.50275513167308e-02 -4.60667493107925e-04 2.75337492076430e-04 4.80192873819804e-09 2.72799449536408e-08 3.83001389729199e-03 -2.62636226251105e-06 6.29659804368332e-07 -3.73486892157513e-04 2.82317056731929e-07 -5.13936862742270e-08 4.13333038650819e-08 4.14359009535323e-08 -2.07357559985007e-06 -8.41352365598784e-09 3.50532192752988e-06 1.60136592272572e-07 1.31210049173551e-07 2.11481541259978e-04 -6.54414864941927e-08 -3.65873642600486e-04 -3.25571552962383e-08 2.32532079170259e-08 8.15031450033666e-09 -9.20920845728446e-09 6.70323409631532e-06 1.22492368137310e-08 -8.65199789984289e-06
 -3.22745308161445e-02 -1.06265381235171e-02 -7.35026754873500e-02 -7.56739532833195e-02 -2.49574473119348e-02 2.30357622569501e-06 -1.50025108977845e-06 4.14705950559849e-01 -5.01871841851777e-06 4.60674967008914e-06 -1.08738872963234e-01 4.52775213483607e-06 -2.87430169141403e-06 -6.35282069060719e-07 -1.35067955769722e-06 -1.30944793191856e-02 2.28928223230186e-08 2.26803132158146e-02 4.45935158539641e-06 -3.02812428304169e-07 -2.47140067767886e-02 -2.38667641829642e-06 4.27953359886059e-02 1.05104563125429e-06 2.26918046214632e-06 -2.64844854613857e-07 4.23630798985662e-07 -7.28533175359544e-03 -5.47462136299253e-07 9.39905274341994e-03 -1.91097570368571e-02 1.50275513167308e-02 1.91514981051025e+00 -1.22727216671129e-01 1.71809347460255e-02 -3.42613599106008e-06 2.43277745888447e-06 3.68440660366779e-01 -5.32862990656357e-06 4.95266615008034e-06 -5.24203079885809e-03 -2.45044045137703e-06 1.22390268128674e-07 2.81842286021711e-07 6.38613837151085e-06 -2.39232625501147e-03 -1.18588973335054e-07 4.13853937221360e-03 2.23604017811943e-06 3.62692697317505e-06 6.90621481681113e-03 -2.03567280784533e-06 -1.19416657751812e-02 -1.93866960870962e-06 -6.05603541762448e-07 4.60329332451503e-07 -7.84122397737089e-07 2.75589790287795e-03 1.09084137898328e-06 -3.56422120593661e-03
 1.36766081958828e-03 -1.24000424287649e-03 -9.95536108495036e-02 6.20453610551450e-02 2.17286012859937e-02 -7.47609898374035e-07 2.67498297203490e-07 -1.79544761148167e-01 2.87817601776229e-05 -1.29797723619426e-05 5.24771112197124e-02 -5.32447539009459e-06 2.38828201294249e-06 5.91419302587190e-07 1.88269182739037e-06 4.23846419349585e-03 -2.13281876529712e-07 -7.33889073133134e-03 2.28692353798366e-06 -8.84697044008381e-07 2.84005794265321e-03 -1.03767864754337e-06 -4.92064489485364e-03 7.41492564593386e-07 -1.93464258586692e-08 -1.92747228419102e-07 2.46883564331011e-07 1.80335926870684e-03 -3.24628278694024e-07 -2.32684543518151e-03 1.23630949411993e-02 -4.60667493107925e-04 -1.22727216671129e-01 3.84591056514754e-02 -1.30887819123687e-02 -4.09247236366042e-07 3.14229895692015e-07 1.86713667072005e-01 3.66362027470989e-05 -1.64129964993637e-05 -3.98368621728272e-02 -5.41608903101157e-06 2.41133258146028e-06 -5.30302291081854e-07 6.34430282538676e-07 2.83097284983467e-03 1.75124677963285e-07 -4.90130336892126e-03 -1.19515315656619e-06 -1.70901162839801e-06 3.11757260926306e-03 5.51020572566999e-07 -5.40285783408049e-03 5.67333486358515e-07 3.68689210968293e-07 -1.41380201640578e-07 1.74024300750047e-07 -1.44497257703357e-03 -2.29275048206496e-07 1.86567273764014e-03
 1.62128098134630e-03 4.92425479040857e-04 3.82347772855687e-04 -2.34276965644481e-02 -9.34017357783819e-03 5.77632499927625e-08 4.51857684927361e-09 8.76128394073081e-02 -1.01470709682824e-05 3.80944660018032e-06 -2.34596449380345e-02 2.04955669571723e-06 -7.66389189540828e-07 -1.84911034754962e-07 -9.12848290419770e-07 -1.70204998034142e-03 3.82034403740528e-08 2.94676433211632e-03 -8.38183615348531e-07 -1.02207672662628e-07 -1.13513015955553e-03 3.23087178043806e-07 1.96705563190723e-03 -2.55864208259100e-07 -9.90517991478668e-08 6.52124700852196e-08 -7.69245498519984e-08 -6.20628965827377e-04 1.00900148447724e-07 8.00871813173450e-04 5.25167682138234e-03 2.75337492076430e-04 1.71809347460255e-02 -1.30887819123687e-02 5.86022257827875e-03 1.14219148726067e-07 -7.34655136909234e-08 -8.67759299703872e-02 -1.31150922991515e-05 4.85615659513800e-06 1.66661348678993e-02 1.83674616130146e-06 -6.49341990512749e-07 1.43117455288870e-07 -4.42824530119227e-07 -1.14993736889316e-03 -2.10189734199661e-08 1.99076990726288e-03 5.03115390401349e-07 1.02067368559631e-06 -1.01929760447907e-03 -1.98254435576603e-07 1.76728867133647e-03 -1.86555483489930e-07 -7.09103012063834e-08 4.67854767923271e-08 -5.28130470904225e-08 5.41216440873330e-04 6.83396594340434e-08 -6.98528460877907e-04
 -4.79541741219990e-06 -7.54465747773671e-08 3.46124034820766e-06 5.63223343964845e-07 5.15284705126031e-07 8.42802818385177e-04 8.02174205701673e-08 -3.23215021432366e-06 -2.09966849585032e-02 6.04004708895135e-07 8.01253670476518e-07 3.95720884327952e-03 -2.34458509919700e-07 -7.10929246137146e-04 9.92118061349705e-10 2.24836062232824e-08 -7.84776215340469e-08 -2.03156415664271e-08 -1.41197957120444e-03 -1.21701197825723e-08 9.49235946367696e-08 1.16612090099021e-07 -2.17289619569540e-07 -2.68158847218366e-04 -1.56341614925196e-09 6.93032618269379e-05 -1.20660616152492e-07 3.09251096268969e-08 -1.89205900770346e-08 -4.74874153630848e-08 4.53315267475385e-07 4.80192873819804e-09 -3.42613599106008e-06 -4.09247236366042e-07 1.14219148726067e-07 5.67844933031863e-04 -2.75561475680802e-08 6.80551742710699e-07 -2.68122797115124e-02 5.82619358282382e-07 2.13911224663684e-07 3.73515164886424e-03 -1.07476251166492e-07 5.06052724858676e-04 2.54897482607863e-09 1.95428951490980e-09 1.90386710095244e-08 1.38492795375900e-09 1.05071164461857e-03 9.35856530531525e-09 1.26085593783360e-07 1.51434865976500e-08 -1.92209622979755e-07 -2.26576600242223e-04 -1.31008057770100e-09 5.84510058120675e-05 -5.96920015702774e-08 -5.57461689876198e-08 -7.22118103423591e-08 6.41225211890914e-08
 2.16647615222171e-06 -1.21528454235359e-08 -3.12397953140070e-06 4.65214756017823e-08 -1.16211956895974e-07 7.98749532292774e-08 8.42885314519644e-04 1.28204899998401e-06 6.20289694447905e-07 -2.09968370733523e-02 -2.37782080668922e-07 -2.37571067686457e-07 3.95706821819491e-03 -7.75226504349407e-08 -7.00336192182361e-09 5.30504525198563e-10 -7.11258104503583e-04 -5.50540261447676e-10 1.18135957029937e-07 2.26378899368653e-08 -8.19569911940414e-08 -1.41192898450611e-03 1.18879880980414e-07 6.18821321493685e-08 3.87483892740135e-09 2.91698117532405e-09 1.69488142248240e-04 -1.51377081983779e-08 -2.18850767325598e-04 1.58059273978379e-08 -1.20031398474635e-07 2.72799449536408e-08 2.43277745888447e-06 3.14229895692015e-07 -7.34655136909234e-08 -2.75561475680802e-08 5.67843333268842e-04 1.03603119327710e-06 6.02593695263678e-07 -2.68120330257446e-02 -3.27619793064755e-07 -1.10160975107156e-07 3.73502649388040e-03 1.87728704385045e-08 -1.90684827234758e-09 2.02141968747335e-08 5.06132801909213e-04 -2.51793103844568e-08 1.37096816119943e-08 -1.35333589825801e-08 -8.58609256624906e-09 1.05050315457843e-03 3.25738237412102e-08 -4.28569833389652e-08 3.75446593394692e-09 -8.48349106992310e-08 1.43312885279167e-04 1.52221440034474e-08 -1.84910107518231e-04 -2.21155091731394e-08
 2.46480713427446e-02 -1.38171552974007e-02 -4.23552298766974e-01 3.81307886304341e-01 1.42909337452177e-01 5.39124754121852e-06 -2.82936211663429e-06 -1.15677361151790e+00 1.68448001709283e-06 -1.89199442264207e-06 3.27833522299118e-01 8.59577626704560e-07 -5.30376252087548e-07 -2.91908927278746e-06 1.36019814188672e-05 2.27919775245812e-02 1.46229124327145e-06 -3.94579767406007e-02 5.23549370898203e-06 -2.77986815846916e-06 7.15269202811822e-03 -2.70855605952416e-06 -1.24074631453945e-02 3.11767947325652e-06 1.77115702988259e-06 -7.99306225662650e-07 1.18835979638442e-06 8.04749451784562e-03 -1.57107476621406e-06 -1.03848936617323e-02 1.33160452180826e-02 3.83001389729199e-03 3.68440660366779e-01 1.86713667072005e-01 -8.67759299703872e-02 6.80551742710699e-07 1.03603119327710e-06 1.57636609820724e+00 3.55466886139895e-06 -2.23488331219324e-06 -2.84692450393897e-01 -3.44255238848823e-06 1.01502351088776e-06 1.46118765067467e-06 9.12970936028397e-06 1.85570860898519e-02 -1.03925478223902e-06 -3.21287896408359e-02 1.99463543374972e-06 -1.26075776753250e-05 2.34340766073570e-02 -1.18333521272827e-06 -4.06044704670786e-02 6.30833369091157e-07 1.63007474658527e-06 -1.53013317834766e-07 1.63077446083956e-07 -8.35948093511174e-03 -1.91746823414376e-07 1.07882127571972e-02
 -8.94198254511285e-06 4.01435042795328e-06 -3.26570811758481e-05 -7.93213300649005e-06 -1.30070537986507e-05 -3.97951356073008e-02 -4.82340335869989e-06 -1.38638315562783e-06 9.91413294598461e-01 -2.71495841000502e-06 -2.39414751933041e-06 -1.86849947400859e-01 6.20801569501533e-06 3.35683805451960e-02 -4.55917229059306e-08 1.71982401346300e-06 4.57963273065801e-06 -3.85670265216698e-06 6.66703003220976e-02 5.76181604319534e-07 -5.78536785315648e-07 -3.77029064959830e-06 3.49890996072426e-06 1.26618192166310e-02 7.42973923789172e-08 -3.27233424172633e-03 5.48875520733818e-06 -4.68684428957502e-07 1.16267806471860e-06 9.63431786990106e-07 -1.41507940703102e-06 -2.62636226251105e-06 -5.32862990656357e-06 3.66362027470989e-05 -1.31150922991515e-05 -2.68122797115124e-02 6.02593695263678e-07 3.55466886139895e-06 1.26601178349084e+00 5.44170841457192e-06 -2.11047570132639e-05 -1.76364935100304e-01 4.83985719897106e-07 -2.38946004627228e-02 -1.20383006295351e-07 9.20045308894093e-07 -1.52104123162747e-06 -1.81713310821472e-06 -4.96120944238499e-02 -4.44087335263645e-07 -7.19816845544268e-06 -2.00547390292322e-06 1.12257120596112e-05 1.06984061597543e-02 6.19827703104826e-08 -2.75991683265202e-03 2.64252936465624e-06 2.14388995508292e-06 3.63672692892916e-06 -2.39692952118849e-06
 2.90956931592665e-06 -6.40217357206045e-07 1.20844002398477e-05 4.30983960081591e-06 4.45986834634344e-06 -4.83679336311590e-06 -3.97987757082992e-02 -7.23705366622282e-07 -2.74540167569115e-06 9.91414120841548e-01 1.18109763132903e-06 6.21595831281491e-06 -1.86842108741895e-01 4.55895818347093e-06 3.30403585249975e-07 -8.47922960421576e-07 3.35836930976712e-02 1.45079502313911e-06 -3.79220345217597e-06 -1.07036598112233e-06 1.44364202432976e-06 6.66674849995220e-02 -1.41165115222603e-06 -2.58237748707382e-06 -1.83161656473352e-07 -2.25483032905739e-07 -8.00277345625409e-03 4.57612575122714e-07 1.03335438407537e-02 -4.14720334199241e-07 1.62156944523296e-06 6.29659804368332e-07 4.95266615008034e-06 -1.64129964993637e-05 4.85615659513800e-06 5.82619358282382e-07 -2.68120330257446e-02 -2.23488331219324e-06 5.44170841457192e-06 1.26599201880233e+00 9.40874940366704e-06 4.78848114743302e-07 -1.76357895549985e-01 -1.52615574624485e-06 9.03982675729979e-08 -7.53943189679360e-07 -2.38982283838407e-02 8.40968412663422e-07 -1.97482013763670e-06 6.40094055977289e-07 2.52662301935094e-06 -4.96019314130288e-02 -5.20851144107262e-06 2.30981325118410e-06 -1.77183360691262e-07 3.93183580684993e-06 -6.76684863869930e-03 -7.89015419115054e-07 8.73095768480116e-03 1.13475806820184e-06
 -3.09755179994959e-03 2.37784324811591e-03 9.89925128030633e-02 -7.52644099711796e-02 -2.75362544462657e-02 -2.25115717995209e-07 1.90315827346590e-07 2.22768666100683e-01 -1.64256012456529e-05 7.43718891467691e-06 -6.39456746221931e-02 2.87345284057684e-06 -1.24812940837828e-06 -8.12492949708608e-09 -2.54312439409436e-06 -4.67067888674154e-03 -3.98716773272623e-08 8.08643074299426e-03 -1.94301888615205e-06 7.55180935331005e-07 -1.98701851805069e-03 9.18952174006167e-07 3.44471924595589e-03 -7.76166281281477e-07 -2.28847105045353e-07 2.00250309126627e-07 -2.75007431345835e-07 -1.76621159296246e-03 3.62318557473874e-07 2.27909060955932e-03 -3.09787251386588e-03 -3.73486892157513e-04 -5.24203079885809e-03 -3.98368621728272e-02 1.66661348678993e-02 2.13911224663684e-07 -3.27619793064755e-07 -2.84692450393897e-01 -2.11047570132639e-05 9.40874940366704e-06 5.37194969822764e-02 3.47794131845035e-06 -1.46330406110653e-06 1.32444506405578e-07 -1.47551950190959e-06 -3.58748750068164e-03 1.92510329948110e-08 6.21117868686400e-03 4.32683982950896e-07 2.31914254779415e-06 -4.39948182131479e-03 -1.52610323366163e-07 7.62328353350201e-03 -3.51619748501970e-07 -3.63918653882596e-07 8.75787875264143e-08 -1.01263888032702e-07 1.67901783209848e-03 1.29723409147302e-07 -2.16717135974784e-03
 -9.79145710264049e-07 -4.84117660134864e-07 1.34159137271025e-05 2.87982709530133e-07 1.72231640008847e-06 5.54376081208090e-03 6.33055551343790e-07 -2.02012421342972e-06 -1.38111306446628e-01 1.34686453648336e-06 5.32212558641771e-07 2.60295987933897e-02 -1.04734972204180e-06 -4.67632712306548e-03 6.35781937975347e-09 -2.32330057396254e-07 -6.05167780167891e-07 5.24723377194705e-07 -9.28767282885226e-03 -8.01712831242026e-08 1.74009165208595e-07 5.90386900992763e-07 -6.49195811174562e-07 -1.76388639135722e-03 -1.03397682819041e-08 4.55860704511160e-04 -7.72452277254912e-07 6.05835540136117e-08 -1.51862278658244e-07 -1.28140501342042e-07 1.11600743130344e-06 2.82317056731929e-07 -2.45044045137703e-06 -5.41608903101157e-06 1.83674616130146e-06 3.73515164886424e-03 -1.10160975107156e-07 -3.44255238848823e-06 -1.76364935100304e-01 4.78848114743302e-07 3.47794131845035e-06 2.45689580452710e-02 -2.39752510257200e-07 3.32869702812354e-03 1.67591163688751e-08 -1.57549937920408e-07 1.88542983017089e-07 3.04050545079297e-07 6.91133675013867e-03 6.18112015470331e-08 8.73894986727087e-07 2.30936765789440e-07 -1.34079916283733e-06 -1.49036819589360e-03 -8.64667189347002e-09 3.84477113424978e-04 -3.74732916915723e-07 -2.84323490004515e-07 -4.98096492639055e-07 3.15394259606825e-07
 5.82635939758042e-07 5.92367278588286e-08 -6.12130150734922e-06 -3.15305792358171e-07 -6.28695376796428e-07 6.34735772468567e-07 5.54413315338912e-03 1.63105258638068e-06 1.35509736050657e-06 -1.38108064968030e-01 -3.76329999934114e-07 -1.04919603388480e-06 2.60278742695804e-02 -6.02151180168257e-07 -4.60354843718368e-08 1.08882957533469e-07 -4.67834658111913e-03 -1.86124449667274e-07 5.93692818537904e-07 1.49057847488379e-07 -2.44418585459463e-07 -9.28705489237044e-03 2.71670662475788e-07 3.72167477940210e-07 2.55083309167300e-08 2.81977458278034e-08 1.11481926886147e-03 -6.22984201169697e-08 -1.43950516510364e-03 5.59054979796584e-08 -7.68666585761370e-07 -5.13936862742270e-08 1.22390268128674e-07 2.41133258146028e-06 -6.49341990512749e-07 -1.07476251166492e-07 3.73502649388040e-03 1.01502351088776e-06 4.83985719897106e-07 -1.76357895549985e-01 -1.46330406110653e-06 -2.39752510257200e-07 2.45673802646825e-02 1.89155542727510e-07 -1.25935879174060e-08 1.13002089426807e-07 3.32912151220194e-03 -1.30978691101402e-07 2.26444860889534e-07 -8.91354460404472e-08 -2.97562423720772e-07 6.90975305862007e-03 6.31420228119247e-07 -3.11273310008703e-07 2.46882398891065e-08 -5.50427889469042e-07 9.42649850480288e-04 1.05210475517462e-07 -1.21625831291840e-03 -1.51996670829832e-07
 6.71927866190489e-07 -7.94382493453542e-08 1.56223700604139e-06 4.80615146002124e-07 4.03023276168558e-07 7.51090075780017e-04 1.35781160332584e-07 -1.72982144451602e-06 -1.87118515600560e-02 -1.06347790952612e-06 4.72977478095737e-07 3.52659025859628e-03 9.29133092570375e-08 -6.33566813469297e-04 8.77706508154004e-10 -4.74883070595736e-09 -1.24194593001652e-07 2.48215935662820e-08 -1.25832966173451e-03 -1.08612896257959e-08 3.21928095048667e-08 -3.80030409539382e-09 -1.02907567537413e-07 -2.38978110916798e-04 -1.39934789613141e-09 6.17617622965754e-05 -9.45953988280962e-08 1.70962068189609e-08 -3.35640950904537e-08 -2.88338850161634e-08 -2.35893988626012e-07 4.13333038650819e-08 2.81842286021711e-07 -5.30302291081854e-07 1.43117455288870e-07 5.06052724858676e-04 1.87728704385045e-08 1.46118765067467e-06 -2.38946004627228e-02 -1.52615574624485e-06 1.32444506405578e-07 3.32869702812354e-03 1.89155542727510e-07 4.50984693867869e-04 2.28221416828226e-09 6.52067785602756e-10 5.55770434125633e-08 3.10985486766707e-09 9.36374519623608e-04 8.35721614155101e-09 1.45092131682246e-07 9.36232676291583e-08 -2.27910766425258e-07 -2.01920824674954e-04 -1.17077037911445e-09 5.20904348013697e-05 -4.22661322426410e-08 -4.83559855968891e-08 -7.84564777135335e-08 5.54194819517551e-08
 4.04799928864020e-07 -8.03297409934307e-08 2.58275348002094e-07 1.71520391285019e-06 7.19002169654647e-07 3.82618323272751e-09 -2.86132556134082e-09 -6.22568989803459e-06 -9.42893395405735e-08 7.07955057676284e-08 1.64687823690858e-06 1.77705135591451e-08 -1.33453663117658e-08 -3.20910214723458e-09 7.65159884536670e-11 9.69358725001005e-08 2.40571034436416e-09 -1.67781510414972e-07 -6.30767269057161e-09 1.44073254122276e-11 3.88509485616638e-09 4.74406574939796e-09 -6.85816809558785e-09 -1.18850198651031e-09 1.86206246105736e-11 3.07222459709637e-10 -5.65997248538252e-10 2.52845620715940e-08 7.29922875964221e-10 -3.26382748064413e-08 1.50276959647640e-06 4.14359009535323e-08 6.38613837151085e-06 6.34430282538676e-07 -4.42824530119227e-07 2.54897482607863e-09 -1.90684827234758e-09 9.12970936028397e-06 -1.20383006295351e-07 9.03982675729979e-08 -1.47551950190959e-06 1.67591163688751e-08 -1.25935879174060e-08 2.28221416828226e-09 6.76668318482121e-11 9.02058560648390e-08 -1.71264611594393e-09 -1.56172302804503e-07 4.72507744978701e-09 -8.03493137509106e-11 1.13264501252813e-07 -3.54764391899049e-09 -1.96268212387122e-07 -1.01642829788254e-09 3.82968755813406e-12 2.62505863365193e-10 -4.83607258488892e-10 -3.62903729159245e-08 6.23552513861097e-10 4.68080035205337e-08
 2.70903430556933e-04 -1.41283903301718e-04 -5.98308256706956e-03 5.13249956448189e-03 1.88797837087263e-03 2.96553246951547e-08 -7.38693449265066e-09 -1.57576650269934e-02 7.12931182530156e-07 -5.95576138316709e-07 4.48030697068807e-03 -1.27623298075678e-07 1.06183386452517e-07 -1.16778880526068e-08 1.74004913427515e-07 3.33459862790965e-04 -5.04586233458443e-10 -5.77336716953162e-04 9.64649785991560e-08 -4.41394068832520e-08 1.73197798740366e-04 -6.36712666805567e-08 -3.00181641305001e-04 4.49964157575944e-08 1.27285416331833e-08 -1.15993236146731e-08 1.83198428055812e-08 1.28488156472982e-04 -2.41305297282495e-08 -1.65797475376654e-04 -2.02021019854321e-04 -2.07357559985007e-06 -2.39232625501147e-03 2.83097284983467e-03 -1.14993736889316e-03 1.95428951490980e-09 2.02141968747335e-08 1.85570860898519e-02 9.20045308894093e-07 -7.53943189679360e-07 -3.58748750068164e-03 -1.57549937920408e-07 1.13002089426807e-07 6.52067785602756e-10 9.02058560648390e-08 2.43757927618096e-04 8.76452209696768e-10 -4.22021993710568e-04 -1.38744693201908e-08 -1.64928596933915e-07 2.79378284066478e-04 1.86196158648390e-08 -4.84148760017741e-04 2.17564900731144e-08 2.40284073958269e-08 -5.34926240699458e-09 8.48053541056409e-09 -1.16134274426643e-04 -1.09821728027811e-08 1.49906528953162e-04
 -3.42350656121750e-07 1.70514772975594e-08 -4.43352548323013e-07 -3.43185024244460e-07 -1.94225935104086e-07 1.35880982076581e-07 7.51284547565362e-04 1.10455046957079e-06 -1.05885597787014e-06 -1.87150003487796e-02 -3.04703858608776e-07 9.19913015993154e-08 3.52703280057349e-03 -1.23664414498610e-07 -6.24833736103986e-09 -3.33076588098805e-09 -6.33961955114816e-04 6.09028363019927e-09 -3.10800510558451e-09 2.02010942256537e-08 -3.98281357898264e-08 -1.25848721897042e-03 4.84415853349104e-08 3.45605055830821e-08 3.45623343504423e-09 7.92300382634594e-09 1.51068961063742e-04 -1.50981442559206e-08 -1.95067099486880e-04 1.61656603390866e-08 1.77939069587776e-07 -8.41352365598784e-09 -1.18588973335054e-07 1.75124677963285e-07 -2.10189734199661e-08 1.90386710095244e-08 5.06132801909213e-04 -1.03925478223902e-06 -1.52104123162747e-06 -2.38982283838407e-02 1.92510329948110e-08 1.88542983017089e-07 3.32912151220194e-03 5.55770434125633e-08 -1.71264611594393e-09 8.76452209696768e-10 4.51128691679589e-04 7.24609434004497e-09 9.28590067589654e-08 -1.20691749929871e-08 -5.86200901398037e-08 9.36339463559129e-04 1.17268578202975e-07 -5.55883660942607e-08 3.34460806736211e-09 -7.11295330562662e-08 1.27738317302441e-04 2.09741146304442e-08 -1.64814961311011e-04 -2.92659774553601e-08
 -4.68539079884957e-04 2.44677187495958e-04 1.03675449231493e-02 -8.88619830078433e-03 -3.26854568960161e-03 -4.42671860211785e-08 2.73845102922897e-08 2.72770316607474e-02 -1.40994068997443e-06 6.67502310222288e-07 -7.75603012206050e-03 2.53999176362183e-07 -1.15282904519810e-07 1.42715435465262e-08 -3.01227967682995e-07 -5.77275160827836e-04 -1.14445889376544e-08 9.99467074104560e-04 -1.78845358571545e-07 7.65188309722444e-08 -2.99739327999963e-04 8.57984885119722e-08 5.19500056236986e-04 -8.01574356431083e-08 -2.20276191448944e-08 2.06653047492216e-08 -2.87883505461077e-08 -2.22442474874666e-04 3.79941367874997e-08 2.87033453809966e-04 3.51225949723971e-04 3.50532192752988e-06 4.13853937221360e-03 -4.90130336892126e-03 1.99076990726288e-03 1.38492795375900e-09 -2.51793103844568e-08 -3.21287896408359e-02 -1.81713310821472e-06 8.40968412663422e-07 6.21117868686400e-03 3.04050545079297e-07 -1.30978691101402e-07 3.10985486766707e-09 -1.56172302804503e-07 -4.22021993710568e-04 7.24609434004497e-09 7.30653466924236e-04 3.27790438177390e-08 2.85463058498865e-07 -4.83791350097893e-04 -1.40232557694150e-08 8.38386198506237e-04 -3.95565595909934e-08 -4.16127703431918e-08 9.74705079943736e-09 -1.21979345310150e-08 2.01064799843291e-04 1.58065000503569e-08 -2.59535166801699e-04
 4.62772150969641e-06 -2.01777578810232e-07 -5.03059031373867e-06 9.23978479795456e-07 5.75062988724717e-07 1.55947998437525e-03 2.44390555017139e-07 1.52436177079334e-06 -3.88512102336066e-02 -1.27311724733726e-06 -1.84779348332221e-08 7.32222036953120e-03 1.66859910038369e-08 -1.31546775790174e-03 1.78190063669401e-09 -7.03250571882852e-08 -2.26192211620190e-07 1.56196067187750e-07 -2.61265592287236e-03 -2.26469355742822e-08 -3.96512942115140e-08 5.49663439755794e-08 -2.91909380148999e-08 -4.96187590917269e-04 -2.92366122038932e-09 1.28235258330475e-04 -2.03948025980491e-07 2.33402032306806e-08 -5.99521090595152e-08 -4.41789635706205e-08 -1.15085596089189e-06 1.60136592272572e-07 2.23604017811943e-06 -1.19515315656619e-06 5.03115390401349e-07 1.05071164461857e-03 1.37096816119943e-08 1.99463543374972e-06 -4.96120944238499e-02 -1.97482013763670e-06 4.32683982950896e-07 6.91133675013867e-03 2.26444860889534e-07 9.36374519623608e-04 4.72507744978701e-09 -1.38744693201908e-08 9.28590067589654e-08 3.27790438177390e-08 1.94418408136011e-03 1.74405996649229e-08 3.76142451605087e-07 1.47590671499543e-07 -6.02708416099477e-07 -4.19245978090134e-04 -2.42293003572616e-09 1.08154798659284e-04 -9.41412826546863e-08 -9.58064705804145e-08 -1.54660520152407e-07 1.09154979216386e-07
 4.88809170413499e-07 -2.79378539376655e-09 -1.22615356123939e-05 -3.00272971997495e-06 -1.52918625128040e-06 1.38681524178390e-08 -2.00920076014826e-08 1.83589055519842e-05 -3.47709648344281e-07 5.01260764603847e-07 -4.36445832194440e-06 6.56272231828576e-08 -9.45091889265547e-08 -1.17497724113942e-08 -1.73227052079047e-10 -2.95191829139688e-07 1.69650318553878e-08 5.11022513252110e-07 -2.33797998935180e-08 -1.53775977962074e-10 -2.89498341206931e-07 3.37014586005395e-08 5.01589023202726e-07 -4.44344913474626e-09 -3.34949759172429e-11 1.14743190597668e-09 -4.04789049896169e-09 -9.32468353489228e-08 5.22389439729242e-09 1.20343410349444e-07 -1.24808001125237e-06 1.31210049173551e-07 3.62692697317505e-06 -1.70901162839801e-06 1.02067368559631e-06 9.35856530531525e-09 -1.35333589825801e-08 -1.26075776753250e-05 -4.44087335263645e-07 6.40094055977289e-07 2.31914254779415e-06 6.18112015470331e-08 -8.91354460404472e-08 8.35721614155101e-09 -8.03493137509106e-11 -1.64928596933915e-07 -1.20691749929871e-08 2.85463058498865e-07 1.74405996649229e-08 2.56297091738234e-10 -2.37968242580282e-08 -2.51044408167311e-08 4.17467661622436e-08 -3.76900877497398e-09 6.61039897491082e-12 9.74356302229923e-10 -3.42924560223752e-09 7.47614372855953e-08 4.42224241250436e-09 -9.64554776865596e-08
 2.01591643833751e-03 -3.13088847275272e-04 -2.53933005035980e-02 6.31200841402152e-03 1.86048276314731e-03 2.51297738784754e-07 -1.13422653544271e-07 -8.59095198458530e-03 -5.59136004407214e-06 1.96348596527711e-06 3.41814544781320e-03 1.18290815816134e-06 -4.33539557593919e-07 -2.38996243789893e-07 1.40164361374816e-07 2.67589108340607e-04 9.02218815389778e-08 -4.63318872021053e-04 -2.56340082126743e-07 -2.55232499588240e-07 -8.01540342216382e-05 6.69818167388727e-08 1.38593450250582e-04 2.48912008429293e-09 -3.88970921795901e-09 -1.09354391110539e-09 1.29208919664715e-08 1.18525186347861e-04 -1.76983880103343e-08 -1.52927766850998e-04 1.11323630345983e-03 2.11481541259978e-04 6.90621481681113e-03 3.11757260926306e-03 -1.01929760447907e-03 1.26085593783360e-07 -8.58609256624906e-09 2.34340766073570e-02 -7.19816845544268e-06 2.52662301935094e-06 -4.39948182131479e-03 8.73894986727087e-07 -2.97562423720772e-07 1.45092131682246e-07 1.13264501252813e-07 2.79378284066478e-04 -5.86200901398037e-08 -4.83791350097893e-04 3.76142451605087e-07 -2.37968242580282e-08 5.43404214168911e-04 -1.56440294959626e-07 -9.41027113116202e-04 -5.79834776111476e-08 5.29746867411072e-08 1.50802179958232e-08 -1.48316116896803e-08 -1.32090665823147e-04 1.93624804069974e-08 1.70529636522225e-04
 -1.97957214521275e-06 5.68423173481697e-08 3.41506138791031e-06 -4.82013877066857e-07 -1.94224487978499e-07 2.45844993687768e-07 1.55932748833890e-03 -1.13743267229441e-06 -1.29596506862582e-06 -3.88438903877423e-02 9.33199471339746e-08 2.09527475187807e-08 7.32052756067120e-03 -2.26139437036496e-07 -1.29409418409462e-08 4.15353855782898e-08 -1.31581876254933e-03 -7.12306677557993e-08 5.41760042065804e-08 4.19788500459228e-08 -9.11107096464691e-09 -2.61205122036216e-03 -2.68687892677555e-08 8.32410477418719e-08 7.18192927152433e-09 1.34702941132246e-08 3.13550953437493e-04 -1.77976880046421e-08 -4.04871215453233e-04 1.60804449128210e-08 3.30038059569165e-07 -6.54414864941927e-08 -2.03567280784533e-06 5.51020572566999e-07 -1.98254435576603e-07 1.51434865976500e-08 1.05050315457843e-03 -1.18333521272827e-06 -2.00547390292322e-06 -4.96019314130288e-02 -1.52610323366163e-07 2.30936765789440e-07 6.90975305862007e-03 9.36232676291583e-08 -3.54764391899049e-09 1.86196158648390e-08 9.36339463559129e-04 -1.40232557694150e-08 1.47590671499543e-07 -2.51044408167311e-08 -1.56440294959626e-07 1.94341795238464e-03 3.03490451563207e-07 -1.05640992597149e-07 6.93783209122759e-09 -1.50144214256738e-07 2.65127073635081e-04 3.62220605824955e-08 -3.42081440363194e-04 -5.13142712083302e-08
 -3.49001972914785e-03 5.42115047542230e-04 4.39485448975659e-02 -1.09370506156786e-02 -3.22504670462127e-03 -3.96379921240132e-07 2.22661749829031e-07 1.49164697210113e-02 8.71213676476445e-06 -4.05262922792087e-06 -5.92866448518127e-03 -1.86534694892494e-06 8.73627212313321e-07 3.81049195193426e-07 -2.43082343575434e-07 -4.64055852351610e-04 -1.78371308418514e-07 8.03492334376366e-04 3.78683014578607e-07 4.41676787631254e-07 1.38081531701892e-04 -1.59892136840306e-07 -2.38752835035822e-04 -1.66995554275391e-08 6.68078622724434e-09 5.09519852989046e-09 -1.71108757025930e-08 -2.05479566090426e-04 2.38427479785631e-08 2.65121186264700e-04 -1.92984898980735e-03 -3.65873642600486e-04 -1.19416657751812e-02 -5.40285783408049e-03 1.76728867133647e-03 -1.92209622979755e-07 3.25738237412102e-08 -4.06044704670786e-02 1.12257120596112e-05 -5.20851144107262e-06 7.62328353350201e-03 -1.34079916283733e-06 6.31420228119247e-07 -2.27910766425258e-07 -1.96268212387122e-07 -4.84148760017741e-04 1.17268578202975e-07 8.38386198506237e-04 -6.02708416099477e-07 4.17467661622436e-08 -9.41027113116202e-04 3.03490451563207e-07 1.62960214533777e-03 8.98901936083042e-08 -9.17259954011368e-08 -2.34042580787731e-08 3.01165334208207e-08 2.28908823344235e-04 -3.92554803832785e-08 -2.95522217576120e-04
 -1.29472410293794e-06 3.63876682537963e-08 -4.88076048258799e-08 2.41172664283341e-07 1.75910480753850e-08 -3.36287973711428e-04 -1.11926499340572e-07 -1.40494627587915e-06 8.37791734776068e-03 1.74988760240054e-06 3.40040986237876e-07 -1.57897157607836e-03 -2.81643970437013e-07 2.83668906170774e-04 -3.72475438954572e-10 4.54243895254656e-08 9.87548373865979e-08 -8.60810910300319e-08 5.63395967243475e-04 4.87099017272413e-09 3.15028488895330e-08 8.73566160024898e-08 -3.34622650555079e-08 1.06998430690851e-04 6.29690953552784e-10 -2.76527916551659e-05 3.20710445037530e-08 9.94515172448755e-09 2.83049266360316e-08 -9.79638796549219e-09 2.12245631289788e-06 -3.25571552962383e-08 -1.93866960870962e-06 5.67333486358515e-07 -1.86555483489930e-07 -2.26576600242223e-04 -4.28569833389652e-08 6.30833369091157e-07 1.06984061597543e-02 2.30981325118410e-06 -3.51619748501970e-07 -1.49036819589360e-03 -3.11273310008703e-07 -2.01920824674954e-04 -1.01642829788254e-09 2.17564900731144e-08 -5.55883660942607e-08 -3.95565595909934e-08 -4.19245978090134e-04 -3.76900877497398e-09 -5.79834776111476e-08 -1.05640992597149e-07 8.98901936083042e-08 9.04066676929596e-05 5.27339703088296e-10 -2.33226139381719e-05 1.02321066774008e-08 1.00096875229387e-08 4.63421388289150e-08 -9.78080960665990e-09
 -1.70260180949128e-06 -3.19809943003409e-08 -3.47913973971684e-06 6.03158579705711e-07 1.51454326921183e-07 -1.95801156875329e-09 5.57113170260938e-09 -3.06716362060551e-07 4.85520371772546e-08 -1.38759038810713e-07 2.34230230397272e-07 -9.13617098348929e-09 2.61439725274865e-08 1.64009802111818e-09 8.00334628189966e-12 2.52090742806488e-08 -4.69866228935411e-09 -4.36606440183171e-08 3.26909051003944e-09 -3.60397794051910e-11 -4.34206995097421e-09 -9.33379493950281e-09 7.51434100275932e-09 6.22235038578715e-10 -2.54399041170116e-13 -1.60781806669291e-10 1.12154333175155e-09 1.45896247198277e-08 -1.44788122740848e-09 -1.88155327444915e-08 1.66918206578366e-06 2.32532079170259e-08 -6.05603541762448e-07 3.68689210968293e-07 -7.09103012063834e-08 -1.31008057770100e-09 3.75446593394692e-09 1.63007474658527e-06 6.19827703104826e-08 -1.77183360691262e-07 -3.63918653882596e-07 -8.64667189347002e-09 2.46882398891065e-08 -1.17077037911445e-09 3.82968755813406e-12 2.40284073958269e-08 3.34460806736211e-09 -4.16127703431918e-08 -2.42293003572616e-09 6.61039897491082e-12 5.29746867411072e-08 6.93783209122759e-09 -9.17259954011368e-08 5.27339703088296e-10 9.88573931873509e-12 -1.36629013241277e-10 9.48087604516715e-10 -1.26026708925468e-08 -1.22300248347356e-09 1.62839647147827e-08
 3.34087863727870e-07 -9.29722749300091e-09 9.79340756749423e-09 -5.60944096425150e-08 -2.29854331680143e-09 8.67537319979691e-05 -1.13462621629990e-07 3.39336031981184e-07 -2.16128973170077e-03 3.09427870985693e-06 -8.14145238820260e-08 4.07334553744054e-04 -5.95567312653875e-07 -7.31793510856980e-05 9.74630265844936e-11 -1.11547601658256e-08 9.46329034825601e-08 2.12307485299809e-08 -1.45341852508585e-04 -1.26043814460255e-09 -7.46111771550530e-09 2.15894633819551e-07 7.48311163981251e-09 -2.76028846154723e-05 -1.63123169225994e-10 7.13371654835472e-06 -3.68947274911987e-08 -2.29688953480191e-09 2.96550558689567e-08 2.18115688773530e-09 -5.32299256442705e-07 8.15031450033666e-09 4.60329332451503e-07 -1.41380201640578e-07 4.67854767923271e-08 5.84510058120675e-05 -8.48349106992310e-08 -1.53013317834766e-07 -2.75991683265202e-03 3.93183580684993e-06 8.75787875264143e-08 3.84477113424978e-04 -5.50427889469042e-07 5.20904348013697e-05 2.62505863365193e-10 -5.34926240699458e-09 -7.11295330562662e-08 9.74705079943736e-09 1.08154798659284e-04 9.74356302229923e-10 1.50802179958232e-08 -1.50144214256738e-07 -2.34042580787731e-08 -2.33226139381719e-05 -1.36629013241277e-10 6.01665561670645e-06 -2.68406375578036e-08 -2.74674351979671e-09 1.92703742662079e-08 2.73610256633531e-09
 -3.14617394710865e-07 6.26459561056340e-09 1.71195162421632e-07 7.22906940439067e-08 1.91454619675448e-08 -5.81251719754036e-08 2.12728259873948e-04 -5.29110140170501e-07 2.10681542775915e-06 -5.29920348119124e-03 1.25222770358963e-07 -4.27530323393436e-07 9.98688989530054e-04 4.64696780968699e-08 -1.76179955862078e-09 1.56804209315732e-08 -1.79508047689949e-04 -2.70601636516209e-08 1.60958681991673e-07 5.72540601651453e-09 7.11694420519931e-09 -3.56344102034458e-04 -1.81407254759655e-08 4.05215621817012e-08 9.79739531806573e-10 -5.69992684395626e-09 4.27756021347420e-05 2.44287934457767e-09 -5.52337790203843e-05 -4.08961277956644e-09 6.04622820075142e-07 -9.20920845728446e-09 -7.84122397737089e-07 1.74024300750047e-07 -5.28130470904225e-08 -5.96920015702774e-08 1.43312885279167e-04 1.63077446083956e-07 2.64252936465624e-06 -6.76684863869930e-03 -1.01263888032702e-07 -3.74732916915723e-07 9.42649850480288e-04 -4.22661322426410e-08 -4.83607258488892e-10 8.48053541056409e-09 1.27738317302441e-04 -1.21979345310150e-08 -9.41412826546863e-08 -3.42924560223752e-09 -1.48316116896803e-08 2.65127073635081e-04 3.01165334208207e-08 1.02321066774008e-08 9.48087604516715e-10 -2.68406375578036e-08 3.61694605985947e-05 1.55074476836467e-09 -4.66677986351740e-05 -2.61973786056569e-09
 -8.44517157622444e-04 5.81825806916153e-05 3.39083988642828e-03 -2.48949584471219e-03 -8.93623528269951e-04 -9.24277157900162e-08 3.83956044121640e-08 7.43945927015345e-03 1.68041503630297e-06 -6.14659490271138e-07 -2.14052336793170e-03 -3.20905954514723e-07 1.18864840435086e-07 7.40413257181325e-08 -8.03976214194160e-08 -1.64935636064408e-04 -3.04968074200397e-08 2.85571791721432e-04 9.14725500222457e-08 2.78162798985976e-08 -9.67096086636768e-05 -3.09902711690584e-08 1.67586757757453e-04 3.28760400976671e-09 -2.07156882399067e-09 -8.41657511121969e-10 -1.78520136834536e-09 -6.68188715194032e-05 2.56078762027378e-09 8.62204850978498e-05 -4.33895682899901e-04 6.70323409631532e-06 2.75589790287795e-03 -1.44497257703357e-03 5.41216440873330e-04 -5.57461689876198e-08 1.52221440034474e-08 -8.35948093511174e-03 2.14388995508292e-06 -7.89015419115054e-07 1.67901783209848e-03 -2.84323490004515e-07 1.05210475517462e-07 -4.83559855968891e-08 -3.62903729159245e-08 -1.16134274426643e-04 2.09741146304442e-08 2.01064799843291e-04 -9.58064705804145e-08 7.47614372855953e-08 -1.32090665823147e-04 3.62220605824955e-08 2.28908823344235e-04 1.00096875229387e-08 -1.26026708925468e-08 -2.74674351979671e-09 1.55074476836467e-09 5.73064613752809e-05 -1.88386087003901e-09 -7.39790896208911e-05
 4.03558789019909e-07 -8.53486200205197e-09 -2.20320809029700e-07 -9.56386015259802e-08 -2.53783656715258e-08 -1.46492024495902e-07 -2.74473645003040e-04 6.95147193314728e-07 2.79959691363630e-06 6.83732170842193e-03 -1.64909508979140e-07 -4.88330716393764e-07 -1.28856303870903e-03 1.26874364787223e-07 2.27289664735573e-09 -2.06938818831171e-08 2.31611111629531e-04 3.57101317171692e-08 1.63390521863157e-07 -7.38399967940555e-09 -1.01635339744868e-08 4.59774599471463e-04 2.51184588016105e-08 1.81890266938833e-08 -1.26361630005569e-09 -1.08585436272138e-08 -5.51913872990743e-05 -3.46131299870684e-09 7.12656444773097e-05 5.67774915007413e-09 -8.36931530593492e-07 1.22492368137310e-08 1.09084137898328e-06 -2.29275048206496e-07 6.83396594340434e-08 -7.22118103423591e-08 -1.84910107518231e-04 -1.91746823414376e-07 3.63672692892916e-06 8.73095768480116e-03 1.29723409147302e-07 -4.98096492639055e-07 -1.21625831291840e-03 -7.84564777135335e-08 6.23552513861097e-10 -1.09821728027811e-08 -1.64814961311011e-04 1.58065000503569e-08 -1.54660520152407e-07 4.42224241250436e-09 1.93624804069974e-08 -3.42081440363194e-04 -3.92554803832785e-08 4.63421388289150e-08 -1.22300248347356e-09 1.92703742662079e-08 -4.66677986351740e-05 -1.88386087003901e-09 6.02133626562677e-05 3.23080306187861e-09
 1.08702223967781e-03 -7.51029391402996e-05 -4.38302280825264e-03 3.21374838568072e-03 1.15343063045468e-03 1.07619909094960e-07 -5.32043609015118e-08 -9.60086536956749e-03 -1.87898614349683e-06 8.84464202489020e-07 2.76272806247877e-03 3.59574283125193e-07 -1.70598494449953e-07 -8.57464783728779e-08 1.03755178811123e-07 2.12912999711147e-04 4.24502438754434e-08 -3.68640510407019e-04 -9.85819596987350e-08 -3.59754703067434e-08 1.24857737350218e-04 4.61318691775558e-08 -2.16364175289388e-04 -5.45241372940892e-10 2.66107671815923e-09 1.30270550713176e-10 1.56937918689353e-09 8.62730742536313e-05 -2.35414231279801e-09 -1.11323408634962e-04 5.62622829377115e-04 -8.65199789984289e-06 -3.56422120593661e-03 1.86567273764014e-03 -6.98528460877907e-04 6.41225211890914e-08 -2.21155091731394e-08 1.07882127571972e-02 -2.39692952118849e-06 1.13475806820184e-06 -2.16717135974784e-03 3.15394259606825e-07 -1.51996670829832e-07 5.54194819517551e-08 4.68080035205337e-08 1.49906528953162e-04 -2.92659774553601e-08 -2.59535166801699e-04 1.09154979216386e-07 -9.64554776865596e-08 1.70529636522225e-04 -5.13142712083302e-08 -2.95522217576120e-04 -9.78080960665990e-09 1.62839647147827e-08 2.73610256633531e-09 -2.61973786056569e-09 -7.39790896208911e-05 3.23080306187861e-09 9.55024747822527e-05
