Paoks:
 1.99109710986913e+00 6.61611233572243e-03 -2.52020614874031e-02 1.03983633270248e-02 -4.54501097778591e-03 3.10975313866861e-06 -6.63756504517268e-07 5.30610478697866e-03 -6.05206097630877e-06 -3.68820983051656e-06 1.62555099659224e-03 6.00869094108121e-07 -1.26742520463319e-06 -2.05593835311919e-06 -1.70731257172508e-06 -6.84915555833770e-04 2.28227046424036e-06 1.18670551178620e-03 2.28800393700586e-06 1.08410643253216e-06 5.08474197718466e-04 -2.70333422637956e-06 -8.80981971575150e-04 3.20634871065858e-07 7.76243586587629e-07 -1.53644808725662e-07 5.93899134187998e-07 8.18899567870017e-05 -8.29736234453102e-07 -1.05830116076593e-04 3.55616878878175e-03 1.30550439450334e-03 -1.08143621167571e-02 4.05170654136735e-03 3.68575686977463e-03 7.38570292108388e-07 3.88852361460644e-07 3.26870700050437e-03 -5.73151570857220e-06 3.53392132594578e-07 -1.18863731809041e-03 1.78684863649854e-06 -5.05851051038510e-07 1.90020710967315e-06 -2.52351641658696e-07 -2.53222435019580e-04 -1.50067020023407e-06 4.38653074691813e-04 9.31610856946815e-08 3.18163987081456e-08 1.12444264205808e-03 -2.42476565105874e-07 -1.94752937816070e-03 -1.46518975029872e-06 3.12826009732548e-07 3.83687275420317e-07 -7.90615270363026e-07 -3.01081672888858e-05 1.01576771334771e-06 3.87578736825756e-05
 6.61611233572243e-03 1.09369038301988e-04 8.39478698439239e-04 1.76100181734172e-03 2.94582720395115e-04 -1.53015482373429e-07 -6.57174782604143e-08 -9.79810645430129e-03 5.09023270016392e-06 2.68794222167108e-06 3.90907897608489e-04 3.08768136254315e-08 -3.25631999796484e-08 1.61212354359632e-08 -7.00534069379757e-09 3.37126223224791e-05 1.35847366568593e-08 -5.83990740108321e-05 9.80719629666155e-08 2.59592137344299e-09 7.68397359570256e-05 5.06422935379094e-08 -1.33074562713911e-04 2.55944323924310e-08 6.92479710610666e-10 -6.66659677558934e-09 -6.52918915594262e-09 3.90016096321504e-05 8.59794992167754e-09 -5.03396721223561e-05 -5.81896950799633e-03 -2.70489185212243e-04 -5.99984167673599e-03 2.50626544385256e-03 -2.23018914176390e-03 -6.62771045830771e-07 -3.35871244510444e-07 5.26822886054909e-03 3.48408830382952e-06 1.71372787264544e-06 -2.73510898679484e-03 -7.34007833864836e-07 -2.98105480886115e-07 -1.22584254404736e-07 5.64278832220769e-09 1.70783378205639e-04 -9.13564932065177e-08 -2.95743985215187e-04 -1.22368829584450e-07 -4.20418793187205e-08 -1.40792731993725e-04 -1.08348483634357e-07 2.43746078307754e-04 9.26095718201441e-08 1.45241630915254e-08 -2.29606091256444e-08 -1.92463377896535e-08 -4.53485344566659e-05 2.08435125140807e-08 5.85543888054080e-05
 -2.52020614874031e-02 8.39478698439239e-04 1.75902690457577e+00 -1.68743926870226e-01 1.23880056013155e-02 8.71944447983495e-06 1.78602852020782e-06 -1.49291713640735e-01 -2.05875914030254e-05 -1.34815983325478e-05 -1.18320712930037e-01 9.60017651820280e-06 7.69222098258051e-07 -1.47312402401952e-06 -2.22352681903857e-06 -1.44907882119581e-03 9.73627187998212e-07 2.50702626961081e-03 4.18144061058390e-06 1.12147062760863e-06 -8.12279470311013e-04 -2.69106176358269e-06 1.42178632892876e-03 3.93335639409292e-07 -7.33192032748170e-07 1.02795257433476e-08 3.42929452860867e-07 -2.74660561081640e-03 -1.43786152100998e-07 3.54540551150979e-03 -3.51937398929346e-02 4.39686488651353e-02 1.86704482991331e-01 -7.23584783296471e-02 1.08472251318784e-01 -3.23014736546027e-05 7.36839886965200e-06 -4.90446692376620e-01 3.47795492027069e-05 -1.77109483388662e-05 1.48769222408278e-01 -1.44831845428661e-05 6.18195759560896e-06 1.03552648251129e-05 5.79462828614703e-06 -2.92088329275568e-02 -4.97742040481298e-06 5.05922024928465e-02 4.27568322816444e-06 -6.33696624210956e-06 -1.78752031864432e-02 1.75380607177045e-06 3.09549728275960e-02 -3.76375448137654e-06 4.20432009185397e-06 9.57945999918333e-07 -3.53334321343272e-08 1.72630433154562e-02 1.67963584526941e-07 -2.22825415513828e-02
 1.03983633270248e-02 1.76100181734172e-03 -1.68743926870226e-01 7.36672389220593e-02 1.00954997735219e-02 -1.23580756215148e-06 -6.63054395042362e-07 -2.72762118595457e-01 6.88003411949920e-06 2.91954143859449e-05 2.60335020345811e-02 -1.58972117396611e-07 -9.79614110641175e-07 8.87764144996413e-08 1.52402989869435e-07 1.07280143296530e-03 -1.49503328971752e-07 -1.85784454276099e-03 -2.10226691911922e-07 -1.45111317731977e-07 1.73133727723644e-03 9.70159851415035e-07 -2.99989897517632e-03 1.19586315252022e-07 -7.11005603054452e-08 -3.88171570844761e-08 -4.11025050523021e-08 1.03427127160432e-03 3.20156668161412e-08 -1.33453778217944e-03 5.73729382185216e-02 -1.11089811920448e-02 -2.03677534989555e-01 8.46426563496357e-02 -8.23167214483011e-02 -2.30179870951872e-07 -5.04767740062825e-06 2.22139891007339e-01 5.37552543324064e-06 1.90672905388280e-05 -1.01714318865530e-01 -1.60469180463693e-06 -2.90657651457965e-06 -3.59348358817629e-07 -5.42378024808056e-07 9.15749923799985e-03 -7.09585501327009e-07 -1.58604093707290e-02 -5.06425512524365e-08 -4.70630914399909e-07 -1.92850231713236e-03 -1.74848808911043e-06 3.33808759185688e-03 8.68609209986325e-07 -2.88912258852321e-08 -2.00951472111994e-07 2.13403855025033e-08 -3.92007390003062e-03 -1.48649504464799e-07 5.06069156003326e-03
 -4.54501097778591e-03 2.94582720395115e-04 1.23880056013155e-02 1.00954997735219e-02 2.41814717219773e-03 9.30676703241987e-09 -1.01198325620101e-07 -5.63225265221170e-02 -2.68811869680820e-07 5.56975249721086e-06 2.08510104507446e-03 2.19280308736328e-07 -1.66865804220774e-07 -1.45216302631763e-08 -2.52695820570630e-08 1.62554252876266e-04 -4.63692210648293e-09 -2.81553609329646e-04 3.50979742597624e-08 -2.26577613236297e-09 2.75449172372543e-04 1.14808866673666e-07 -4.76928833066106e-04 2.86392058809272e-08 -4.08413528610399e-08 -5.89014922033763e-09 5.57958059201374e-09 1.03342725646112e-04 -3.30588878759993e-09 -1.33271874871693e-04 2.40579185654917e-02 -9.06135298439711e-04 -3.48527898498248e-02 1.46282658713738e-02 -1.33495410850337e-02 -7.65862337299109e-07 -8.15547184378096e-07 3.10337592022553e-02 1.22743162417944e-06 3.39587749600538e-06 -1.60725986478658e-02 -5.32750754533308e-07 -4.36133391112015e-07 2.10420804139927e-07 3.85345960919141e-08 1.07193091011034e-03 -2.94470614225691e-07 -1.85650292152109e-03 1.41269010857507e-07 -2.47999688865911e-07 -8.08884487589921e-04 -2.82190069220662e-07 1.40049637882524e-03 4.72695133537199e-08 1.03077826069157e-07 -8.42461649765800e-09 3.40610795554799e-09 -3.55872133974927e-04 -2.39982991238862e-08 4.59512849477064e-04
 3.10975313866861e-06 -1.53015482373429e-07 8.71944447983495e-06 -1.23580756215148e-06 9.30676703241987e-09 1.31332796890729e-03 1.02278219244118e-07 5.22013047774279e-07 -4.23599370597998e-02 -1.61182229032990e-06 -7.19179828817671e-07 -1.97932973477035e-05 -5.81625039186891e-08 -2.44353071659340e-04 -2.60587435628238e-08 -2.00293380106138e-09 1.83725388462535e-08 4.83416033616178e-08 -6.69371852338813e-04 2.16949899209343e-08 5.66947871453964e-09 -1.94767186015798e-08 -2.58659189129968e-08 -1.66580908683876e-04 -5.51954656146922e-09 4.30924936637712e-05 -1.67691389318993e-07 -1.87300083067271e-08 -1.29282775077779e-07 3.76729581718978e-09 -2.16299562132889e-07 3.01465397667578e-07 1.33669388226494e-06 -4.14746468459688e-07 6.46848235587093e-07 4.65312435505254e-03 7.36332752323187e-07 -3.06515589964812e-06 -2.72100183883371e-02 -1.17261974937662e-06 1.19809574151388e-06 5.32877665640887e-03 -7.90881919814600e-07 1.39743261377458e-03 -6.17495434001037e-08 -2.06659258468292e-07 3.60207939818389e-07 4.85862959685467e-07 1.10667680808430e-03 1.79363987697222e-07 1.62842153191591e-07 -4.76106990096565e-07 -2.17466461832997e-07 -6.45846908076833e-04 4.12000519829020e-09 1.66633782561381e-04 1.21213026846577e-07 2.79879546877993e-08 3.18253292143274e-08 -4.64755101446384e-08
 -6.63756504517268e-07 -6.57174782604143e-08 1.78602852020782e-06 -6.63054395042362e-07 -1.01198325620101e-07 1.02278219244118e-07 1.31348476749830e-03 -2.02660830509347e-06 -1.55403158788071e-06 -4.23622824829710e-02 -1.81948113730505e-07 -5.48362430249834e-08 -1.98175114222521e-05 1.90643701261601e-08 -1.86776551245445e-08 -2.67744730501905e-08 -2.44403635322645e-04 -9.15627485252106e-09 -1.85856559985903e-08 8.03929811401754e-09 6.65662416414690e-08 -6.69269743053651e-04 -6.67508988928690e-08 -5.04708088945911e-08 1.10608115032332e-08 -1.98086321800342e-07 1.05383198252829e-04 -1.61308405885184e-09 -1.36078755747212e-04 -3.88571166985092e-09 -1.44092835690295e-06 -8.96807234950244e-08 -1.14977684665009e-07 1.84359796616275e-08 -3.41909104014208e-07 7.30390020168073e-07 4.65274670454039e-03 3.22260522546125e-07 -1.12719448200696e-06 -2.72105045213006e-02 -4.05472698599905e-07 -7.99558653133414e-07 5.32766842421312e-03 3.56494634591879e-07 -5.16244112527010e-08 -1.35276792217290e-07 1.39781027007910e-03 6.12825305389951e-08 -4.80379560021483e-07 -3.96849864444023e-08 7.76868659507719e-08 1.10597736822871e-03 2.41891840280573e-07 -2.46473149499856e-08 5.99018725374432e-09 1.03360916115518e-07 4.08714050313714e-04 6.11995491804850e-08 -5.27538264637373e-04 -4.75126717443055e-08
 5.30610478697866e-03 -9.79810645430129e-03 -1.49291713640735e-01 -2.72762118595457e-01 -5.63225265221170e-02 5.22013047774279e-07 -2.02660830509347e-06 1.46250410218908e+00 3.71861249536217e-06 -4.63835929687083e-06 -6.29705423304692e-02 -4.53856182895292e-06 4.52295419157429e-06 5.75263482359900e-07 4.20636602502769e-07 -4.72057140347363e-03 1.08645856086636e-06 8.17655261512920e-03 -9.29148349010623e-07 1.22314239500571e-07 -8.71136940134774e-03 -1.48782409504737e-06 1.50858175069204e-02 -7.04613274476430e-07 7.16573593331119e-07 1.57108877134697e-07 -2.21296835571016e-07 -3.97512478594888e-03 2.22782533943019e-07 5.12881536680642e-03 -9.71410479343999e-02 3.25529332567746e-02 9.16730159599809e-01 -3.83830403787280e-01 3.50890148686022e-01 1.64034805855555e-05 6.46330242981589e-06 -8.33088343368543e-01 -2.99412810021253e-05 5.98355578162871e-07 4.25442572166753e-01 1.31731395642751e-05 -5.85469296989273e-06 -5.10130761811632e-06 -6.30070578381670e-07 -2.89832394640331e-02 1.59570442318295e-06 5.01949491805926e-02 -2.70209296667247e-06 6.03344878515627e-06 2.01932617181641e-02 4.49997777179775e-06 -3.49610518666686e-02 -2.01395534423352e-06 -2.20859337834948e-06 4.05819797778367e-07 -1.40237575610435e-06 9.46492628074761e-03 2.35894365324485e-06 -1.22208706448269e-02
 -6.05206097630877e-06 5.09023270016392e-06 -2.05875914030254e-05 6.88003411949920e-06 -2.68811869680820e-07 -4.23599370597998e-02 -1.55403158788071e-06 3.71861249536217e-06 1.36627283659253e+00 -4.28339877406314e-06 3.53887578139231e-06 6.38412156652561e-04 1.84983049357463e-06 7.88133734245131e-03 8.40062239518803e-07 -3.28894299908966e-07 -9.16927650495810e-07 -8.78123080989725e-07 2.15898482343361e-02 -6.99510462591350e-07 -5.43993786333747e-07 -2.61358856154525e-07 1.46199728488363e-06 5.37288265289834e-03 1.77988409532946e-07 -1.38990090822576e-03 5.54875361018030e-06 7.02268749013598e-08 3.98906521793915e-06 5.67571234464750e-07 2.00553273733636e-06 -2.02366441198863e-06 1.14096069788824e-05 -8.59296350439441e-06 5.97290921843023e-06 -1.50081374574665e-01 -1.75681654102505e-05 5.19015864320281e-07 8.77629001457564e-01 1.67598546441106e-06 -3.76683785314627e-06 -1.71873790414107e-01 3.25863457330267e-05 -4.50726388481599e-02 1.99243961634009e-06 1.39288614377233e-06 -9.76222362334377e-06 -6.53866821216748e-06 -3.56946344898146e-02 -5.78601924511950e-06 -7.30584532731529e-06 1.68257300688836e-05 1.05710620488679e-05 2.08310757908077e-02 -1.32290689660508e-07 -5.37458773980118e-03 -3.36679418970563e-06 1.97766791281707e-06 -1.72705988492686e-06 -2.21896422738923e-06
 -3.68820983051656e-06 2.68794222167108e-06 -1.34815983325478e-05 2.91954143859449e-05 5.56975249721086e-06 -1.61182229032990e-06 -4.23622824829710e-02 -4.63835929687083e-06 -4.28339877406314e-06 1.36626098171372e+00 5.86920173177594e-06 1.74351936819259e-06 6.39150697065185e-04 -9.28741874697608e-07 6.02322080606342e-07 1.09329347317113e-06 7.88246358541751e-03 -1.02740054446643e-07 -2.60128418685598e-07 -2.59250725381015e-07 -1.63002196295557e-06 2.15851717020946e-02 1.25802115881883e-06 1.41386772382185e-06 -3.56771407390862e-07 6.44398561999417e-06 -3.39880085780281e-03 2.76873000749916e-07 4.38878828508644e-03 -1.64927993472961e-07 -5.46160647230486e-06 1.84949725978499e-06 -3.23738949171704e-05 1.46068815846639e-05 -1.74228342425420e-06 -1.75817378797183e-05 -1.50059578557963e-01 1.42154027137502e-05 1.41023922026196e-06 8.77588468277080e-01 -2.07076966374977e-06 3.26300380115718e-05 -1.71827038156685e-01 -9.70238379410272e-06 1.66507740031303e-06 4.86674341922549e-06 -4.50819338700291e-02 -2.84846943511284e-06 1.69145888635619e-05 1.27971825250787e-06 -3.90057941806642e-06 -3.56697910101746e-02 -5.38602649911611e-06 -3.44676406608888e-08 -1.93013723273044e-07 -3.11958311293792e-06 -1.31817744030758e-02 -1.87904203271704e-06 1.70140724959734e-02 1.41018061247774e-06
 1.62555099659224e-03 3.90907897608489e-04 -1.18320712930037e-01 2.60335020345811e-02 2.08510104507446e-03 -7.19179828817671e-07 -1.81948113730505e-07 -6.29705423304692e-02 3.53887578139231e-06 5.86920173177594e-06 1.17207464592076e-02 -4.50007740785509e-07 -2.82315308112780e-07 9.49487865254727e-08 1.34990034892699e-07 3.32944673806308e-04 -9.31561826291486e-08 -5.76474082350766e-04 -2.23075680154159e-07 -8.60422293107380e-08 4.63822301281046e-04 3.26400808431840e-07 -8.04289508403821e-04 1.69937597807649e-08 1.06723748978574e-08 -1.11494624540650e-08 -1.82780025018816e-08 3.72995417224125e-04 5.54487291535406e-09 -4.81331724137775e-04 2.03072230472741e-02 -4.67685361845658e-03 -5.99240681383413e-02 2.46819128466691e-02 -2.56671271237075e-02 1.22217194579471e-06 -1.36514082921620e-06 7.77556051914991e-02 4.56116908148871e-07 4.23405519859919e-06 -3.23321549074621e-02 1.01948121558661e-07 -7.34910457315642e-07 -5.71470248907462e-07 -3.87789551516777e-07 3.59753007836152e-03 9.71554616089155e-08 -6.23094977818400e-03 -2.15633262770441e-07 1.53253000685092e-07 2.81240481052292e-04 -4.58843481202770e-07 -4.87417918074049e-04 3.93981233657712e-07 -1.87217356126682e-07 -9.53002914839615e-08 2.85711859473263e-08 -1.74959827961392e-03 -7.27484023701477e-08 2.25852715212181e-03
 6.00869094108121e-07 3.08768136254315e-08 9.60017651820280e-06 -1.58972117396611e-07 2.19280308736328e-07 -1.97932973477035e-05 -5.48362430249834e-08 -4.53856182895292e-06 6.38412156652561e-04 1.74351936819259e-06 -4.50007740785509e-07 2.98373152182613e-07 1.67276297396417e-09 3.68266703556692e-06 3.79667084228308e-10 3.40767985797079e-09 9.64598009528984e-09 -6.59092978805283e-09 1.00882174877087e-05 -3.21181325957032e-10 1.52912091582876e-08 2.74432623837974e-08 -2.61591443513792e-08 2.51056904604768e-06 7.68333052415178e-11 -6.49445060267965e-07 -1.74652708185157e-09 -6.12579158590512e-09 7.46886491598641e-09 8.22311445358367e-09 1.14795312373869e-06 1.55785983250701e-07 -1.40799050859492e-06 6.18747004009801e-07 -3.47880022882221e-07 -7.01280971154191e-05 -1.99907907807362e-07 -3.72641736322034e-07 4.10086090774608e-04 1.12192507542065e-06 -3.36594569613054e-07 -8.03107744356437e-05 -2.04258231102744e-07 -2.10608384640846e-05 9.64657024058147e-10 -7.42569527552803e-08 -6.21925893099617e-08 1.26711372009314e-07 -1.66788222908334e-05 -2.75042241162147e-09 -1.47120438337717e-07 -3.77120187411676e-08 2.53765711873011e-07 9.73362880176568e-06 -3.39993570712848e-11 -2.51135955006789e-06 -1.84115013294300e-08 6.40422995664686e-08 2.09259464850007e-08 -8.24981097168346e-08
 -1.26742520463319e-06 -3.25631999796484e-08 7.69222098258051e-07 -9.79614110641175e-07 -1.66865804220774e-07 -5.81625039186891e-08 -1.98175114222521e-05 4.52295419157429e-06 1.84983049357463e-06 6.39150697065185e-04 -2.82315308112780e-07 1.67276297396417e-09 2.99019380852347e-07 1.02498016697766e-08 2.83824675638630e-10 -1.48609298121169e-08 3.68749764948365e-06 2.65741149918947e-08 2.91396402524455e-08 -1.21749418530835e-10 -2.86141555326139e-08 1.00977569845195e-05 4.88315914512875e-08 7.94160023996664e-09 -1.65286101010967e-10 1.13131022123622e-09 -1.58998691091666e-06 -1.39819014385875e-08 2.05312631230147e-06 1.81312644452267e-08 -5.86552739751776e-07 1.31879929049207e-07 3.03443789468209e-06 -1.26579446937486e-06 1.18902290124597e-06 -2.11614619512655e-07 -7.01993890765405e-05 -2.99206120086119e-06 1.19012303445439e-06 4.10544765230233e-04 1.45689706190962e-06 -2.17661220479393e-07 -8.03823984315344e-05 -6.56397515616198e-08 7.83961264662125e-10 -1.10778674523816e-07 -2.10897954921572e-05 1.94463750435504e-07 -4.04732239141974e-08 6.05403277521753e-10 4.85230385207846e-08 -1.66866513459764e-05 -8.96854770422926e-08 2.82102422056025e-08 -9.47673932332527e-11 -8.74237304689332e-09 -6.16657610882790e-06 4.19567877618047e-08 7.95936003875943e-06 -5.46432624091768e-08
 -2.05593835311919e-06 1.61212354359632e-08 -1.47312402401952e-06 8.87764144996413e-08 -1.45216302631763e-08 -2.44353071659340e-04 1.90643701261601e-08 5.75263482359900e-07 7.88133734245131e-03 -9.28741874697608e-07 9.49487865254727e-08 3.68266703556692e-06 1.02498016697766e-08 4.54634553470458e-05 4.84887529280601e-09 -2.09255754619234e-09 -1.05075379227372e-08 -4.72558854215259e-09 1.24540914316241e-04 -4.03685626044451e-09 -7.88351322194384e-09 -1.57870240972388e-08 1.66422708688427e-08 3.09934422003785e-05 1.02656097704369e-09 -8.01763979860557e-06 3.42564247366664e-08 -3.74741526969239e-10 2.01073344156075e-08 4.28137948959265e-09 8.58753762205872e-07 -2.93078343977307e-08 1.88259834699945e-07 -1.04233763689937e-07 3.96993095663890e-08 -8.65743541453639e-04 -2.05243318407390e-09 1.65115256050237e-07 5.06259801947554e-03 -5.71013443640507e-07 -2.11557509703903e-08 -9.91453018922212e-04 3.01664991623585e-07 -2.60001274234655e-04 1.14876154265799e-08 2.48205430510829e-08 -2.64787294586115e-08 -6.68013565319008e-08 -2.05904316532450e-04 -3.33706023595040e-08 -2.22925929664410e-08 1.20662886848337e-07 2.66148594093032e-08 1.20163948760526e-04 -7.67021468447513e-10 -3.10032784768816e-05 -1.06985970900020e-08 -1.28620917364807e-09 -2.12210926870544e-08 3.58571317645914e-09
 -1.70731257172508e-06 -7.00534069379757e-09 -2.22352681903857e-06 1.52402989869435e-07 -2.52695820570630e-08 -2.60587435628238e-08 -1.86776551245445e-08 4.20636602502769e-07 8.40062239518803e-07 6.02322080606342e-07 1.34990034892699e-07 3.79667084228308e-10 2.83824675638630e-10 4.84887529280601e-09 5.24362033228505e-12 1.94369723093951e-09 3.47117124411172e-09 -3.36382127822725e-09 1.32668612622090e-08 -2.89809953486025e-12 2.65006840405116e-10 9.52149753525134e-09 -4.78417378349332e-10 3.30314271728014e-09 5.05637370988012e-13 -8.51564652247474e-10 -1.49613251512447e-09 3.53904198343388e-09 1.93843934137666e-09 -4.56881587348155e-09 -4.02142466623025e-07 -5.49749109150343e-08 -6.46376013794876e-08 1.98728895074441e-08 -7.55488045148092e-08 -9.22397215210016e-08 -6.61719822556870e-08 4.57906106596211e-07 5.39554177109954e-07 3.86901147683479e-07 -1.09199843083356e-07 -1.05641177286057e-07 -7.57368500541067e-08 -2.77316321222271e-08 -5.07494402877846e-12 3.08130435486337e-08 -1.98713491715153e-08 -5.33704490823988e-08 -2.19451996118147e-08 5.83335964064732e-12 2.42116874700914e-08 -1.57161746109437e-08 -4.19339126580049e-08 1.28137292489893e-08 -6.18349710650801e-12 -3.30742250012402e-09 -5.81265884907465e-09 -1.89819642216398e-08 7.49874294984324e-09 2.45001202273579e-08
 -6.84915555833770e-04 3.37126223224791e-05 -1.44907882119581e-03 1.07280143296530e-03 1.62554252876266e-04 -2.00293380106138e-09 -2.67744730501905e-08 -4.72057140347363e-03 -3.28894299908966e-07 1.09329347317113e-06 3.32944673806308e-04 3.40767985797079e-09 -1.48609298121169e-08 -2.09255754619234e-09 1.94369723093951e-09 1.84501250630895e-05 2.04659514022348e-10 -3.19557728924474e-05 -7.10480331790454e-09 -2.06401942524912e-09 3.30877328320426e-05 2.71332426945842e-08 -5.73171848345201e-05 3.86322100776446e-10 -1.28262708964453e-09 -1.07907861863238e-10 -3.15412573074645e-09 1.86461804161292e-05 3.95506369136522e-09 -2.40631559714475e-05 -9.13653124203242e-04 -1.68760716403188e-04 -3.22609484636099e-03 1.34366533068371e-03 -1.27048975614884e-03 1.98606981132338e-08 -1.46557349103324e-07 3.25606154784920e-03 -1.54941154126425e-07 6.99754003528673e-07 -1.55988244105624e-03 1.32287802109562e-08 -1.20649472366268e-07 1.74284689347716e-08 -3.75922825364459e-09 1.24591091478936e-04 -3.18853458529525e-08 -2.15776087470390e-04 1.18870189289245e-08 -1.34841778038961e-08 -4.98704416915766e-05 -4.61154782608637e-08 8.63323322613349e-05 7.30504529675351e-09 2.36190343797608e-09 -1.46382865334316e-09 -5.29400863567565e-09 -4.70460326758101e-05 4.81426483464432e-09 6.07372617458218e-05
 2.28227046424036e-06 1.35847366568593e-08 9.73627187998212e-07 -1.49503328971752e-07 -4.63692210648293e-09 1.83725388462535e-08 -2.44403635322645e-04 1.08645856086636e-06 -9.16927650495810e-07 7.88246358541751e-03 -9.31561826291486e-08 9.64598009528984e-09 3.68749764948365e-06 -1.05075379227372e-08 3.47117124411172e-09 2.04659514022348e-10 4.54768451877208e-05 9.97821632275108e-09 -1.55948374356207e-08 -1.49311160480088e-09 -1.81845114323187e-08 1.24532811281326e-04 2.24732968306673e-08 4.64864696812434e-09 -2.05774833885153e-09 3.80853039341264e-08 -1.96089384769882e-05 -4.63175811879648e-09 2.53205346856580e-05 7.08773911889725e-09 4.98571075010812e-07 7.44778980091265e-08 6.66825512262969e-07 -2.69310786506266e-07 3.47044231865817e-07 -3.43851741771060e-09 -8.65749041450007e-04 -9.03758663662264e-07 -5.64977140248696e-07 5.06313159234588e-03 4.27363004553827e-07 3.00494612460154e-07 -9.91333590435262e-04 -2.65390752842652e-08 9.60805350282426e-09 -1.38107565444445e-08 -2.60094305302348e-04 5.61161907185724e-08 1.20897081235582e-07 7.38781654839230e-09 -1.57854088209203e-08 -2.05792188080791e-04 -4.26995482942311e-08 -1.38083512766233e-08 -1.11195190081228e-09 -1.44867765642484e-08 -7.60505190008773e-05 6.90998871922805e-09 9.81604648738206e-05 -1.47793635283994e-08
 1.18670551178620e-03 -5.83990740108321e-05 2.50702626961081e-03 -1.85784454276099e-03 -2.81553609329646e-04 4.83416033616178e-08 -9.15627485252106e-09 8.17655261512920e-03 -8.78123080989725e-07 -1.02740054446643e-07 -5.76474082350766e-04 -6.59092978805283e-09 2.65741149918947e-08 -4.72558854215259e-09 -3.36382127822725e-09 -3.19557728924474e-05 9.97821632275108e-09 5.53476799273819e-05 -1.05801597606049e-08 3.57381900590290e-09 -5.73136086970139e-05 -1.87008252064530e-08 9.92831335106926e-05 -6.36128905402041e-09 2.22137238353100e-09 1.66812352359795e-09 1.00271618926564e-09 -3.22954710891988e-05 -1.10307213015020e-09 4.16777586346684e-05 1.58455409987338e-03 2.92248989939274e-04 5.58741965813762e-03 -2.32716228836585e-03 2.20035111603692e-03 1.24665854206328e-07 5.71559886681681e-08 -5.63878264544723e-03 -6.61697506424577e-07 -6.16533789949782e-08 2.70152574243694e-03 1.59287043089536e-07 -1.63020532427394e-08 1.75442376395493e-08 6.50104236385425e-09 -2.15744210570825e-04 -3.85129744234497e-09 3.73641808600297e-04 1.72531742364505e-08 2.33740918032016e-08 8.64108081326257e-05 3.31007063447705e-08 -1.49588569800582e-04 -3.47229634335673e-08 -4.09749082523865e-09 8.22560152724557e-09 -8.10545186894409e-09 8.14525640708405e-05 1.39650202564226e-08 -1.05156711939200e-04
 2.28800393700586e-06 9.80719629666155e-08 4.18144061058390e-06 -2.10226691911922e-07 3.50979742597624e-08 -6.69371852338813e-04 -1.85856559985903e-08 -9.29148349010623e-07 2.15898482343361e-02 -2.60128418685598e-07 -2.23075680154159e-07 1.00882174877087e-05 2.91396402524455e-08 1.24540914316241e-04 1.32668612622090e-08 -7.10480331790454e-09 -1.55948374356207e-08 -1.05801597606049e-08 3.41162874092181e-04 -1.10495173703570e-08 -3.87307792573464e-09 -7.17818122769522e-09 1.49605469898772e-08 8.49023125075012e-05 2.81184664297311e-09 -2.19632202877261e-05 8.81612531683006e-08 -2.31104160696571e-09 6.24163307019406e-08 1.33835864473531e-08 -9.90470913918867e-07 5.96265042399878e-08 2.87115097729095e-07 -1.66908066499560e-07 2.45360230292855e-07 -2.37158650726724e-03 -2.56463436902154e-07 -9.39653361871673e-07 1.38682967433026e-02 -9.71480789619707e-08 1.58733985288085e-07 -2.71595030219675e-03 5.39144858659711e-07 -7.12237968559893e-04 3.14993770678349e-08 -4.41000895842344e-08 -1.47927313094649e-07 1.11905318770120e-08 -5.64046734279036e-04 -9.14497803906923e-08 -1.69491483715564e-07 2.70904607471906e-07 2.60630268420609e-07 3.29172725138094e-04 -2.07859729136043e-09 -8.49292518763154e-05 -5.13462692674742e-08 7.40338997927335e-08 -2.96863351668841e-08 -9.02858252688548e-08
 1.08410643253216e-06 2.59592137344299e-09 1.12147062760863e-06 -1.45111317731977e-07 -2.26577613236297e-09 2.16949899209343e-08 8.03929811401754e-09 1.22314239500571e-07 -6.99510462591350e-07 -2.59250725381015e-07 -8.60422293107380e-08 -3.21181325957032e-10 -1.21749418530835e-10 -4.03685626044451e-09 -2.89809953486025e-12 -2.06401942524912e-09 -1.49311160480088e-09 3.57381900590290e-09 -1.10495173703570e-08 1.76346820042115e-12 -1.66531880547441e-09 -4.09908401600467e-09 2.89368590734284e-09 -2.75070584031749e-09 9.38788688514610e-15 7.10313639553294e-10 6.42609310425015e-10 -2.43705285412419e-09 -8.35343006027913e-10 3.14510161768930e-09 9.64288278927221e-09 3.48800777749460e-08 2.51902053224813e-07 -1.01877638942592e-07 1.24801214562581e-07 7.68225015173938e-08 2.84880908604880e-08 -4.42410049147786e-07 -4.49307478735565e-07 -1.66530347604437e-07 1.59629541639668e-07 8.79820257506874e-08 3.25895716655158e-08 2.30848781595323e-08 2.22671480740468e-12 -2.35064106372756e-08 8.55512119254537e-09 4.07150663440275e-08 1.82739918842205e-08 -5.22209559982323e-13 -8.06497511555112e-09 6.76129667925104e-09 1.39708410732497e-08 -1.06685684122156e-08 2.72345263021394e-12 2.75314788337069e-09 2.50223392101106e-09 1.26183883141977e-08 -3.22643043552069e-09 -1.62879538836088e-08
 5.08474197718466e-04 7.68397359570256e-05 -8.12279470311013e-04 1.73133727723644e-03 2.75449172372543e-04 5.66947871453964e-09 6.65662416414690e-08 -8.71136940134774e-03 -5.43993786333747e-07 -1.63002196295557e-06 4.63822301281046e-04 1.52912091582876e-08 -2.86141555326139e-08 -7.88351322194384e-09 2.65006840405116e-10 3.30877328320426e-05 -1.81845114323187e-08 -5.73136086970139e-05 -3.87307792573464e-09 -1.66531880547441e-09 6.64947319247908e-05 -9.74912786436278e-09 -1.15171012667102e-04 1.54580056094581e-09 -1.20301598278550e-09 -3.72793428428436e-10 2.71529742430531e-09 3.59581733132884e-05 -3.49371126090124e-09 -4.64098326023482e-05 -4.38227891185774e-03 -2.81434830690698e-04 -5.58095159236233e-03 2.32786438246893e-03 -2.13782200560577e-03 -2.61798412516606e-09 1.37036378748692e-07 5.24548460706461e-03 -1.96499799320094e-07 -1.05786522778140e-06 -2.61907858397346e-03 -2.23126856216495e-09 2.39383904261881e-07 4.42998556814834e-08 4.74424027911977e-11 1.85079962911672e-04 5.93487710320690e-08 -3.20516726128052e-04 2.12800883593275e-08 -3.18333737096725e-08 -1.12145165849542e-04 8.68665381182347e-09 1.94145554710706e-04 1.15091652509511e-08 8.47216820961528e-09 -2.14194218856012e-09 2.42330731047800e-08 -5.93742166502472e-05 -3.49271373047989e-08 7.66573002307172e-05
 -2.70333422637956e-06 5.06422935379094e-08 -2.69106176358269e-06 9.70159851415035e-07 1.14808866673666e-07 -1.94767186015798e-08 -6.69269743053651e-04 -1.48782409504737e-06 -2.61358856154525e-07 2.15851717020946e-02 3.26400808431840e-07 2.74432623837974e-08 1.00977569845195e-05 -1.57870240972388e-08 9.52149753525134e-09 2.71332426945842e-08 1.24532811281326e-04 -1.87008252064530e-08 -7.17818122769522e-09 -4.09908401600467e-09 -9.74912786436278e-09 3.41018048043740e-04 -7.86273340435481e-09 2.15751081121089e-08 -5.63629321216879e-09 1.02003836619530e-07 -5.36966985788587e-05 1.69883077760984e-08 6.93372295249190e-05 -1.88892770779868e-08 -2.16082099671659e-06 -9.45515676779986e-08 -1.73656289140823e-06 7.34126908719017e-07 -5.48926725268243e-07 -2.56456625295103e-07 -2.37074894915215e-03 1.77442418284893e-06 -1.02167746507311e-07 1.38647725678930e-02 -6.87483853682231e-07 5.39885272634742e-07 -2.71464689047996e-03 -1.46904760290581e-07 2.62988860326937e-08 1.45730307583704e-07 -7.12236737005774e-04 -1.64226498239876e-07 2.72284047128022e-07 2.02209406518850e-08 -6.18329896369262e-08 -5.63536974008311e-04 -8.47434363962430e-08 -3.48629998604504e-09 -3.05410609477472e-09 -4.85262230639234e-08 -2.08255130630331e-04 -5.99435639826473e-08 2.68800525750940e-04 6.13363791040396e-08
 -8.80981971575150e-04 -1.33074562713911e-04 1.42178632892876e-03 -2.99989897517632e-03 -4.76928833066106e-04 -2.58659189129968e-08 -6.67508988928690e-08 1.50858175069204e-02 1.46199728488363e-06 1.25802115881883e-06 -8.04289508403821e-04 -2.61591443513792e-08 4.88315914512875e-08 1.66422708688427e-08 -4.78417378349332e-10 -5.73171848345201e-05 2.24732968306673e-08 9.92831335106926e-05 1.49605469898772e-08 2.89368590734284e-09 -1.15171012667102e-04 -7.86273340435481e-09 1.99480024533301e-04 -6.30336315527827e-10 2.07716171451574e-09 1.09308574406066e-10 -8.04138795162910e-10 -6.23008821694402e-05 1.02355510755557e-09 8.04093609100917e-05 7.59039861003231e-03 4.87797061325993e-04 9.66712742436471e-03 -4.03219670445245e-03 3.70336751791493e-03 -5.28469638746553e-08 -6.54014394750999e-08 -9.08870160699190e-03 6.74654206036684e-07 8.26787455807733e-07 4.53719053163733e-03 -6.17145830854068e-08 -2.17714842627738e-07 -9.37796750155039e-08 -3.42724536875981e-11 -3.20782362009856e-04 -5.11979388920960e-08 5.55522719846598e-04 -5.04226093740873e-08 5.50743251366008e-08 1.94071586911618e-04 2.58334721227916e-08 -3.35976365546309e-04 -1.20366982224442e-08 -1.46366035042671e-08 1.67584741000916e-09 -2.68723803156493e-08 1.02973411915723e-04 4.10030836469551e-08 -1.32947621246270e-04
 3.20634871065858e-07 2.55944323924310e-08 3.93335639409292e-07 1.19586315252022e-07 2.86392058809272e-08 -1.66580908683876e-04 -5.04708088945911e-08 -7.04613274476430e-07 5.37288265289834e-03 1.41386772382185e-06 1.69937597807649e-08 2.51056904604768e-06 7.94160023996664e-09 3.09934422003785e-05 3.30314271728014e-09 3.86322100776446e-10 4.64864696812434e-09 -6.36128905402041e-09 8.49023125075012e-05 -2.75070584031749e-09 1.54580056094581e-09 2.15751081121089e-08 -6.30336315527827e-10 2.11289209443502e-05 6.99147393132832e-10 -5.46579366402492e-06 1.82617443583102e-08 1.30231532500292e-09 2.02825083291190e-08 9.08896702534820e-10 1.62128189060583e-07 -1.17914859721495e-08 -3.46978095765726e-07 1.31611621186223e-07 -1.17247533487407e-07 -5.90196657734434e-04 -2.26226827835466e-07 2.85576123668583e-07 3.45128553583044e-03 9.25574852755711e-07 -1.82239727551408e-07 -6.75895509382190e-04 -5.17826696018345e-08 -1.77248643518748e-04 7.83858631127828e-09 1.26704251812515e-08 -8.56010974247139e-08 -3.81635978834213e-08 -1.40369514987202e-04 -2.27565040542176e-08 -4.19795853923492e-08 2.88132567956810e-08 6.44985665967150e-08 8.19184298824195e-05 -5.18348114713935e-10 -2.11356273946151e-05 -2.70430605038421e-08 7.00328902485214e-09 1.10241355694945e-08 -7.72633046423726e-09
 7.76243586587629e-07 6.92479710610666e-10 -7.33192032748170e-07 -7.11005603054452e-08 -4.08413528610399e-08 -5.51954656146922e-09 1.10608115032332e-08 7.16573593331119e-07 1.77988409532946e-07 -3.56771407390862e-07 1.06723748978574e-08 7.68333052415178e-11 -1.65286101010967e-10 1.02656097704369e-09 5.05637370988012e-13 -1.28262708964453e-09 -2.05774833885153e-09 2.22137238353100e-09 2.81184664297311e-09 9.38788688514610e-15 -1.20301598278550e-09 -5.63629321216879e-09 2.07716171451574e-09 6.99147393132832e-10 1.39634365163213e-12 -1.82717858776236e-10 8.87802861955881e-10 8.59919145775126e-10 -1.14511912620043e-09 -1.11256161751335e-09 -8.97719456729673e-07 -8.50286841708919e-09 3.66180470455110e-07 -1.56204513815915e-07 1.34959514295417e-07 -1.95253265388140e-08 3.91831150277641e-08 -2.39269729060073e-07 1.14297802641777e-07 -2.29157631446830e-07 1.53496910103762e-07 -2.23868241441183e-08 4.48683853146371e-08 -5.87348152463822e-09 -2.38257743188555e-12 -5.51734596655891e-09 1.17746335567022e-08 9.55477102500443e-09 -4.65790051257003e-09 3.75320311213857e-12 1.48946135779598e-08 9.31691892019129e-09 -2.57886336197482e-08 2.71428489677283e-09 -2.56616875471523e-12 -6.99514071740453e-10 3.44076649037542e-09 3.69840329861145e-10 -4.44171746118359e-09 -4.79599086271713e-10
 -1.53644808725662e-07 -6.66659677558934e-09 1.02795257433476e-08 -3.88171570844761e-08 -5.89014922033763e-09 4.30924936637712e-05 -1.98086321800342e-07 1.57108877134697e-07 -1.38990090822576e-03 6.44398561999417e-06 -1.11494624540650e-08 -6.49445060267965e-07 1.13131022123622e-09 -8.01763979860557e-06 -8.51564652247474e-10 -1.07907861863238e-10 3.80853039341264e-08 1.66812352359795e-09 -2.19632202877261e-05 7.10313639553294e-10 -3.72793428428436e-10 1.02003836619530e-07 1.09308574406066e-10 -5.46579366402492e-06 -1.82717858776236e-10 1.41396798265765e-06 -2.16644458398652e-08 -4.59644526511711e-10 1.66278360550486e-08 -7.56872456531806e-11 -4.72381041129273e-08 5.37261328430410e-09 9.19199140232603e-08 -3.45694507168045e-08 3.32715364362525e-08 1.52676771046382e-04 -6.89406478348972e-07 -9.57873481840631e-08 -8.92806539980121e-04 4.13465235995543e-06 5.19735696445213e-08 1.74846296805905e-04 -8.43026695715908e-07 4.58520697631625e-05 -2.01907184510551e-09 -4.76974655502299e-09 -2.02554285333543e-07 1.24847418895067e-08 3.63120098339894e-05 5.89275374498223e-09 9.46502113282728e-09 -1.85239452574398e-07 -1.43305452476631e-08 -2.11913245432022e-05 1.33402571009391e-10 5.46752010331856e-06 -5.87050255955085e-08 -8.33678292751855e-10 8.19499148483958e-08 7.31336449652434e-10
 5.93899134187998e-07 -6.52918915594262e-09 3.42929452860867e-07 -4.11025050523021e-08 5.57958059201374e-09 -1.67691389318993e-07 1.05383198252829e-04 -2.21296835571016e-07 5.54875361018030e-06 -3.39880085780281e-03 -1.82780025018816e-08 -1.74652708185157e-09 -1.58998691091666e-06 3.42564247366664e-08 -1.49613251512447e-09 -3.15412573074645e-09 -1.96089384769882e-05 1.00271618926564e-09 8.81612531683006e-08 6.42609310425015e-10 2.71529742430531e-09 -5.36966985788587e-05 -8.04138795162910e-10 1.82617443583102e-08 8.87802861955881e-10 -2.16644458398652e-08 8.45510423641422e-06 -2.42090073215060e-09 -1.09178237058817e-05 2.65085628529613e-09 1.03791543727175e-06 6.99819790961297e-09 -5.40371048576213e-08 2.14523879161902e-08 -4.51847131153388e-08 -5.64616956657695e-07 3.73298023943519e-04 5.87954699366123e-08 3.55391506626028e-06 -2.18314689229941e-03 -5.19244817865857e-08 -7.77855376129041e-07 4.27448395197170e-04 -1.58560919387999e-07 -4.13348285790788e-09 -9.12469316207075e-09 1.12148746038937e-04 1.90124630565884e-09 -1.86761717925373e-07 -3.20858757357300e-09 5.63593968958288e-09 8.87345912888922e-05 2.04345428544432e-08 8.45215979304726e-08 4.80914969166097e-10 -1.40246682796813e-08 3.27918368757092e-05 3.22973938946655e-09 -4.23253347782432e-05 -1.64055396265445e-09
 8.18899567870017e-05 3.90016096321504e-05 -2.74660561081640e-03 1.03427127160432e-03 1.03342725646112e-04 -1.87300083067271e-08 -1.61308405885184e-09 -3.97512478594888e-03 7.02268749013598e-08 2.76873000749916e-07 3.72995417224125e-04 -6.12579158590512e-09 -1.39819014385875e-08 -3.74741526969239e-10 3.53904198343388e-09 1.86461804161292e-05 -4.63175811879648e-09 -3.22954710891988e-05 -2.31104160696571e-09 -2.43705285412419e-09 3.59581733132884e-05 1.69883077760984e-08 -6.23008821694402e-05 1.30231532500292e-09 8.59919145775126e-10 -4.59644526511711e-10 -2.42090073215060e-09 2.30982939892354e-05 2.72581785985185e-09 -2.98150654285908e-05 -3.24546091931159e-03 -2.03961558764602e-04 -2.88698354209052e-03 1.19603770633470e-03 -1.14853997367286e-03 1.01233866144733e-08 -5.84857671485341e-08 3.10533520946873e-03 5.52070344981403e-08 1.84829326677074e-07 -1.43020863305206e-03 -2.10317910731634e-08 -2.42540725680004e-08 -1.61493867482550e-09 -7.26423511901754e-09 1.23433534401267e-04 3.21165069424326e-09 -2.13765503135884e-04 -4.64259147354058e-09 -7.10587170182900e-09 -3.16637338587825e-05 -2.67067435978400e-08 5.48022427188307e-05 1.63399194588993e-08 -1.82497620551683e-09 -3.77593339429595e-09 1.65861946961026e-09 -4.81003242042450e-05 -4.10381383692820e-09 6.20943824310329e-05
 -8.29736234453102e-07 8.59794992167754e-09 -1.43786152100998e-07 3.20156668161412e-08 -3.30588878759993e-09 -1.29282775077779e-07 -1.36078755747212e-04 2.22782533943019e-07 3.98906521793915e-06 4.38878828508644e-03 5.54487291535406e-09 7.46886491598641e-09 2.05312631230147e-06 2.01073344156075e-08 1.93843934137666e-09 3.95506369136522e-09 2.53205346856580e-05 -1.10307213015020e-09 6.24163307019406e-08 -8.35343006027913e-10 -3.49371126090124e-09 6.93372295249190e-05 1.02355510755557e-09 2.02825083291190e-08 -1.14511912620043e-09 1.66278360550486e-08 -1.09178237058817e-05 2.72581785985185e-09 1.40979509551624e-05 -2.90087658721625e-09 -1.32122490451180e-06 -2.38206998138085e-09 7.70352276434233e-08 -2.97697006053318e-08 6.69606226351482e-08 -4.96170755414911e-07 -4.82030739829344e-04 -1.35346035432014e-07 2.57574947361478e-06 2.81904413453295e-03 8.04985887873879e-08 -3.98728003462329e-07 -5.51953378663560e-04 -1.63218370691211e-07 5.35471666121635e-09 7.74386513914507e-09 -1.44815010172016e-04 4.50661705675669e-09 -5.02437872746060e-08 4.09472261355081e-09 -1.08526809361848e-08 -1.14580667335880e-04 -2.02126203979813e-08 6.09204282427339e-08 -6.21317594846961e-10 -2.57674418770257e-08 -4.23433234234862e-05 -1.57341422670961e-09 5.46536542267048e-05 -1.23095307740372e-09
 -1.05830116076593e-04 -5.03396721223561e-05 3.54540551150979e-03 -1.33453778217944e-03 -1.33271874871693e-04 3.76729581718978e-09 -3.88571166985092e-09 5.12881536680642e-03 5.67571234464750e-07 -1.64927993472961e-07 -4.81331724137775e-04 8.22311445358367e-09 1.81312644452267e-08 4.28137948959265e-09 -4.56881587348155e-09 -2.40631559714475e-05 7.08773911889725e-09 4.16777586346684e-05 1.33835864473531e-08 3.14510161768930e-09 -4.64098326023482e-05 -1.88892770779868e-08 8.04093609100917e-05 9.08896702534820e-10 -1.11256161751335e-09 -7.56872456531806e-11 2.65085628529613e-09 -2.98150654285908e-05 -2.90087658721625e-09 3.84850220172805e-05 4.19279016501729e-03 2.63247265477517e-04 3.72496359806931e-03 -1.54319287715823e-03 1.48191480088324e-03 -8.54008412872359e-08 5.43367846782516e-08 -4.00683389214824e-03 3.51592523581521e-07 -1.14959101123817e-07 1.84536570597528e-03 -5.56667876355004e-08 7.12775505838513e-09 -1.96277893888023e-08 9.37707179112685e-09 -1.59267447502397e-04 -1.05089886530729e-08 2.75823615200043e-04 -1.11941592497382e-08 9.16173477571053e-09 4.08464822984443e-05 2.94535039685785e-08 -7.06953373899298e-05 -1.10551952269861e-08 2.35928019863654e-09 2.28416522335768e-09 -3.99698374214516e-09 6.20616447993572e-05 7.68918696288696e-09 -8.01175324939606e-05
 3.55616878878175e-03 -5.81896950799633e-03 -3.51937398929346e-02 5.73729382185216e-02 2.40579185654917e-02 -2.16299562132889e-07 -1.44092835690295e-06 -9.71410479343999e-02 2.00553273733636e-06 -5.46160647230486e-06 2.03072230472741e-02 1.14795312373869e-06 -5.86552739751776e-07 8.58753762205872e-07 -4.02142466623025e-07 -9.13653124203242e-04 4.98571075010812e-07 1.58455409987338e-03 -9.90470913918867e-07 9.64288278927221e-09 -4.38227891185774e-03 -2.16082099671659e-06 7.59039861003231e-03 1.62128189060583e-07 -8.97719456729673e-07 -4.72381041129273e-08 1.03791543727175e-06 -3.24546091931159e-03 -1.32122490451180e-06 4.19279016501729e-03 1.96347839299758e+00 1.29767664914538e-02 -1.28976589779704e-01 5.50532820919112e-02 -6.29338143368531e-02 -2.75798979894734e-06 1.19161235896719e-07 1.78780243521937e-01 6.07880167797190e-07 -4.02890611713300e-06 -7.33198304524403e-02 1.15097038839149e-06 1.00716500966087e-06 -1.98304777610172e-06 -8.61750099063524e-07 1.00977355865766e-02 -3.47305667966277e-06 -1.74968140649186e-02 1.99931162216212e-06 3.17592002810036e-07 2.00338434694535e-03 2.10505812570243e-06 -3.46607232130156e-03 -1.40566500977594e-06 3.95587432460528e-07 3.23919087816526e-07 2.36120004972411e-07 -6.85943658349027e-03 -2.65033178468757e-07 8.85587379776594e-03
 1.30550439450334e-03 -2.70489185212243e-04 4.39686488651353e-02 -1.11089811920448e-02 -9.06135298439711e-04 3.01465397667578e-07 -8.96807234950244e-08 3.25529332567746e-02 -2.02366441198863e-06 1.84949725978499e-06 -4.67685361845658e-03 1.55785983250701e-07 1.31879929049207e-07 -2.93078343977307e-08 -5.49749109150343e-08 -1.68760716403188e-04 7.44778980091265e-08 2.92248989939274e-04 5.96265042399878e-08 3.48800777749460e-08 -2.81434830690698e-04 -9.45515676779986e-08 4.87797061325993e-04 -1.17914859721495e-08 -8.50286841708919e-09 5.37261328430410e-09 6.99819790961297e-09 -2.03961558764602e-04 -2.38206998138085e-09 2.63247265477517e-04 1.29767664914538e-02 2.14569170960590e-03 2.74880260197619e-02 -1.13417409370420e-02 1.14272760100832e-02 -3.13746732874148e-07 1.06308532553905e-07 -3.32441340887181e-02 -8.22124370501842e-07 1.03017412666195e-06 1.43467471668653e-02 1.49609671239304e-07 -2.72976761258024e-07 1.89442049889327e-07 1.34909387911135e-07 -1.45665810548155e-03 -2.04423648490880e-07 2.52283440308159e-03 1.05534600197504e-07 -1.61471611272164e-08 4.59090884102060e-05 1.18247562479758e-07 -7.92661251520269e-05 -1.91493897363068e-07 6.20365005699675e-08 4.58099027218192e-08 -5.86385967110567e-08 6.57057507500259e-04 9.34199424069376e-08 -8.48190064992375e-04
 -1.08143621167571e-02 -5.99984167673599e-03 1.86704482991331e-01 -2.03677534989555e-01 -3.48527898498248e-02 1.33669388226494e-06 -1.14977684665009e-07 9.16730159599809e-01 1.14096069788824e-05 -3.23738949171704e-05 -5.99240681383413e-02 -1.40799050859492e-06 3.03443789468209e-06 1.88259834699945e-07 -6.46376013794876e-08 -3.22609484636099e-03 6.66825512262969e-07 5.58741965813762e-03 2.87115097729095e-07 2.51902053224813e-07 -5.58095159236233e-03 -1.73656289140823e-06 9.66712742436471e-03 -3.46978095765726e-07 3.66180470455110e-07 9.19199140232603e-08 -5.40371048576213e-08 -2.88698354209052e-03 7.70352276434233e-08 3.72496359806931e-03 -1.28976589779704e-01 2.74880260197619e-02 6.21620954923592e-01 -2.59370546959807e-01 2.44231696117915e-01 4.07849562956748e-06 8.32873304844615e-06 -6.18064515164380e-01 -5.69333834483119e-06 -1.99454959820736e-05 2.98816135344327e-01 4.53109533994366e-06 6.56531693888928e-07 -1.97017725502361e-06 5.50435516466683e-07 -2.35629100149980e-02 1.24804032146013e-06 4.08090160299680e-02 -1.43438547848568e-06 2.84488156668375e-06 1.00203041868793e-02 3.81740974064024e-06 -1.73472959347414e-02 -1.65339807039054e-06 -7.57706827432289e-07 3.52775442958604e-07 -6.43392363690694e-07 9.04096949189129e-03 1.20060707753407e-06 -1.16723129616870e-02
 4.05170654136735e-03 2.50626544385256e-03 -7.23584783296471e-02 8.46426563496357e-02 1.46282658713738e-02 -4.14746468459688e-07 1.84359796616275e-08 -3.83830403787280e-01 -8.59296350439441e-06 1.46068815846639e-05 2.46819128466691e-02 6.18747004009801e-07 -1.26579446937486e-06 -1.04233763689937e-07 1.98728895074441e-08 1.34366533068371e-03 -2.69310786506266e-07 -2.32716228836585e-03 -1.66908066499560e-07 -1.01877638942592e-07 2.32786438246893e-03 7.34126908719017e-07 -4.03219670445245e-03 1.31611621186223e-07 -1.56204513815915e-07 -3.45694507168045e-08 2.14523879161902e-08 1.19603770633470e-03 -2.97697006053318e-08 -1.54319287715823e-03 5.50532820919112e-02 -1.13417409370420e-02 -2.59370546959807e-01 1.08240928302055e-01 -1.01800497959503e-01 -1.39932050658927e-06 -3.58100766212982e-06 2.56929007410891e-01 8.09079641763328e-08 8.99707083745439e-06 -1.24496701909582e-01 -1.46835953820153e-06 -3.94351110309128e-07 9.79739359432775e-07 -2.11794742682388e-07 9.76306141560673e-03 -5.76755766942759e-07 -1.69088061721933e-02 7.13060845508187e-07 -1.20983022629479e-06 -4.24653517434476e-03 -1.61820004702955e-06 7.35169464322029e-03 6.21140853726035e-07 3.30655113750814e-07 -1.29468577571173e-07 2.58412849883809e-07 -3.72821260847835e-03 -4.87864031103354e-07 4.81331203821860e-03
 3.68575686977463e-03 -2.23018914176390e-03 1.08472251318784e-01 -8.23167214483011e-02 -1.33495410850337e-02 6.46848235587093e-07 -3.41909104014208e-07 3.50890148686022e-01 5.97290921843023e-06 -1.74228342425420e-06 -2.56671271237075e-02 -3.47880022882221e-07 1.18902290124597e-06 3.96993095663890e-08 -7.55488045148092e-08 -1.27048975614884e-03 3.47044231865817e-07 2.20035111603692e-03 2.45360230292855e-07 1.24801214562581e-07 -2.13782200560577e-03 -5.48926725268243e-07 3.70336751791493e-03 -1.17247533487407e-07 1.34959514295417e-07 3.32715364362525e-08 -4.51847131153388e-08 -1.14853997367286e-03 6.69606226351482e-08 1.48191480088324e-03 -6.29338143368531e-02 1.14272760100832e-02 2.44231696117915e-01 -1.01800497959503e-01 9.67954882316795e-02 7.00207531653102e-07 2.15581817153774e-06 -2.49494141361442e-01 -1.92772490991082e-07 -9.64271538020463e-07 1.18713413230214e-01 1.19068624501417e-06 -1.01037928418492e-06 -5.91844579060060e-07 3.36482363219106e-07 -9.75160881408182e-03 3.10308539207913e-08 1.68891372949044e-02 -5.29891996359895e-07 9.63517350882832e-07 3.48431163053941e-03 1.20616729513882e-06 -6.03191919997272e-03 -6.81269993388318e-07 -2.06264521393060e-07 1.47296472554832e-07 -3.59643170529135e-07 3.88541013554379e-03 6.09123494974947e-07 -5.01614580299506e-03
 7.38570292108388e-07 -6.62771045830771e-07 -3.23014736546027e-05 -2.30179870951872e-07 -7.65862337299109e-07 4.65312435505254e-03 7.30390020168073e-07 1.64034805855555e-05 -1.50081374574665e-01 -1.75817378797183e-05 1.22217194579471e-06 -7.01280971154191e-05 -2.11614619512655e-07 -8.65743541453639e-04 -9.22397215210016e-08 1.98606981132338e-08 -3.43851741771060e-09 1.24665854206328e-07 -2.37158650726724e-03 7.68225015173938e-08 -2.61798412516606e-09 -2.56456625295103e-07 -5.28469638746553e-08 -5.90196657734434e-04 -1.95253265388140e-08 1.52676771046382e-04 -5.64616956657695e-07 1.01233866144733e-08 -4.96170755414911e-07 -8.54008412872359e-08 -2.75798979894734e-06 -3.13746732874148e-07 4.07849562956748e-06 -1.39932050658927e-06 7.00207531653102e-07 1.64860339969966e-02 3.91248230483020e-06 1.08085632592674e-06 -9.64051726039139e-02 -1.17793786331248e-05 1.73056329775848e-06 1.88798708889310e-02 -1.30933589939132e-06 4.95110733306961e-03 -2.19000370212854e-07 1.11300692807829e-07 1.66813715886957e-06 2.60327513499724e-07 3.92095870530129e-03 6.35738128437446e-07 1.32899229358263e-06 -1.37694695075488e-06 -2.07266192377857e-06 -2.28823726900809e-03 1.44334948010103e-08 5.90383950398390e-04 5.43991941279155e-07 -4.45149885379292e-07 -3.50756381717874e-08 5.37897986914197e-07
 3.88852361460644e-07 -3.35871244510444e-07 7.36839886965200e-06 -5.04767740062825e-06 -8.15547184378096e-07 7.36332752323187e-07 4.65274670454039e-03 6.46330242981589e-06 -1.75681654102505e-05 -1.50059578557963e-01 -1.36514082921620e-06 -1.99907907807362e-07 -7.01993890765405e-05 -2.05243318407390e-09 -6.61719822556870e-08 -1.46557349103324e-07 -8.65749041450007e-04 5.71559886681681e-08 -2.56463436902154e-07 2.84880908604880e-08 1.37036378748692e-07 -2.37074894915215e-03 -6.54014394750999e-08 -2.26226827835466e-07 3.91831150277641e-08 -6.89406478348972e-07 3.73298023943519e-04 -5.84857671485341e-08 -4.82030739829344e-04 5.43367846782516e-08 1.19161235896719e-07 1.06308532553905e-07 8.32873304844615e-06 -3.58100766212982e-06 2.15581817153774e-06 3.91248230483020e-06 1.64813881168698e-02 -7.09186270789122e-06 -1.17420112895165e-05 -9.63875552062572e-02 2.67367561533319e-06 -1.31462020293207e-06 1.88721574291537e-02 1.66073375487924e-06 -1.82886834666483e-07 -7.72057536957853e-07 4.95145235588663e-03 7.24304832292616e-07 -1.38649673418908e-06 -1.40474725655785e-07 4.51957229174514e-07 3.91769479643396e-03 5.50845530929723e-07 -2.71264950458530e-07 2.12067408257162e-08 4.13595718591641e-07 1.44778456667861e-03 3.12546506871564e-07 -1.86869458751745e-03 -2.91941653374940e-07
 3.26870700050437e-03 5.26822886054909e-03 -4.90446692376620e-01 2.22139891007339e-01 3.10337592022553e-02 -3.06515589964812e-06 3.22260522546125e-07 -8.33088343368543e-01 5.19015864320281e-07 1.42154027137502e-05 7.77556051914991e-02 -3.72641736322034e-07 -2.99206120086119e-06 1.65115256050237e-07 4.57906106596211e-07 3.25606154784920e-03 -9.03758663662264e-07 -5.63878264544723e-03 -9.39653361871673e-07 -4.42410049147786e-07 5.24548460706461e-03 1.77442418284893e-06 -9.08870160699190e-03 2.85576123668583e-07 -2.39269729060073e-07 -9.57873481840631e-08 5.87954699366123e-08 3.10533520946873e-03 -1.35346035432014e-07 -4.00683389214824e-03 1.78780243521937e-01 -3.32441340887181e-02 -6.18064515164380e-01 2.56929007410891e-01 -2.49494141361442e-01 1.08085632592674e-06 -7.09186270789122e-06 6.70504455345957e-01 3.90467393354570e-06 9.92875878846540e-06 -3.08000273012970e-01 -2.55558834629251e-06 6.16127677887654e-07 -3.20261299127168e-07 -1.57397194811330e-06 2.75337756759800e-02 2.46755985858418e-07 -4.76873296969525e-02 4.33850910815795e-07 -1.51700837921555e-06 -6.12169195394169e-03 -3.34762087595272e-06 1.05963845989041e-02 2.30454229858676e-06 -3.58860982786259e-08 -5.24229058221436e-07 7.95764474236167e-07 -1.17274271056974e-02 -1.39412553837704e-06 1.51397871093313e-02
 -5.73151570857220e-06 3.48408830382952e-06 3.47795492027069e-05 5.37552543324064e-06 1.22743162417944e-06 -2.72100183883371e-02 -1.12719448200696e-06 -2.99412810021253e-05 8.77629001457564e-01 1.41023922026196e-06 4.56116908148871e-07 4.10086090774608e-04 1.19012303445439e-06 5.06259801947554e-03 5.39554177109954e-07 -1.54941154126425e-07 -5.64977140248696e-07 -6.61697506424577e-07 1.38682967433026e-02 -4.49307478735565e-07 -1.96499799320094e-07 -1.02167746507311e-07 6.74654206036684e-07 3.45128553583044e-03 1.14297802641777e-07 -8.92806539980121e-04 3.55391506626028e-06 5.52070344981403e-08 2.57574947361478e-06 3.51592523581521e-07 6.07880167797190e-07 -8.22124370501842e-07 -5.69333834483119e-06 8.09079641763328e-08 -1.92772490991082e-07 -9.64051726039139e-02 -1.17420112895165e-05 3.90467393354570e-06 5.63747332255161e-01 3.74944457667836e-06 -6.86298802316432e-06 -1.10403588396369e-01 2.04087742927683e-05 -2.89525294907798e-02 1.28001554438464e-06 7.04856947143273e-07 -6.40827500700270e-06 -3.87111489370524e-06 -2.29285434927425e-02 -3.71694149048527e-06 -5.54769628404511e-06 1.06993496442826e-05 8.27037392591982e-06 1.33808970605063e-02 -8.48275471148500e-08 -3.45238076850743e-03 -2.20279715577214e-06 1.53325971158845e-06 -1.05759495478515e-06 -1.76462820126906e-06
 3.53392132594578e-07 1.71372787264544e-06 -1.77109483388662e-05 1.90672905388280e-05 3.39587749600538e-06 -1.17261974937662e-06 -2.72105045213006e-02 5.98355578162871e-07 1.67598546441106e-06 8.77588468277080e-01 4.23405519859919e-06 1.12192507542065e-06 4.10544765230233e-04 -5.71013443640507e-07 3.86901147683479e-07 6.99754003528673e-07 5.06313159234588e-03 -6.16533789949782e-08 -9.71480789619707e-08 -1.66530347604437e-07 -1.05786522778140e-06 1.38647725678930e-02 8.26787455807733e-07 9.25574852755711e-07 -2.29157631446830e-07 4.13465235995543e-06 -2.18314689229941e-03 1.84829326677074e-07 2.81904413453295e-03 -1.14959101123817e-07 -4.02890611713300e-06 1.03017412666195e-06 -1.99454959820736e-05 8.99707083745439e-06 -9.64271538020463e-07 -1.17793786331248e-05 -9.63875552062572e-02 9.92875878846540e-06 3.74944457667836e-06 5.63700149573424e-01 -1.23626430521632e-06 2.04023698169402e-05 -1.10369416348733e-01 -6.37822876797811e-06 1.06950314179585e-06 3.21267675094506e-06 -2.89574143054045e-02 -1.97972513792027e-06 1.07490329801820e-05 8.22023866944005e-07 -2.37700064591618e-06 -2.29117259445381e-02 -3.68203653404170e-06 4.53742158438089e-08 -1.24003482436505e-07 -2.02121661138405e-06 -8.46703037098178e-03 -1.27284531688214e-06 1.09286249254976e-02 9.90831731595939e-07
 -1.18863731809041e-03 -2.73510898679484e-03 1.48769222408278e-01 -1.01714318865530e-01 -1.60725986478658e-02 1.19809574151388e-06 -4.05472698599905e-07 4.25442572166753e-01 -3.76683785314627e-06 -2.07076966374977e-06 -3.23321549074621e-02 -3.36594569613054e-07 1.45689706190962e-06 -2.11557509703903e-08 -1.09199843083356e-07 -1.55988244105624e-03 4.27363004553827e-07 2.70152574243694e-03 1.58733985288085e-07 1.59629541639668e-07 -2.61907858397346e-03 -6.87483853682231e-07 4.53719053163733e-03 -1.82239727551408e-07 1.53496910103762e-07 5.19735696445213e-08 -5.19244817865857e-08 -1.43020863305206e-03 8.04985887873879e-08 1.84536570597528e-03 -7.33198304524403e-02 1.43467471668653e-02 2.98816135344327e-01 -1.24496701909582e-01 1.18713413230214e-01 1.73056329775848e-06 2.67367561533319e-06 -3.08000273012970e-01 -6.86298802316432e-06 -1.23626430521632e-06 1.45766864627551e-01 2.67472707981379e-06 -1.19025351933836e-06 -2.72294312839631e-07 4.63775995644777e-07 -1.21271589411682e-02 -1.77196552377774e-08 2.10034589827737e-02 -3.17037711847499e-07 1.11287991870920e-06 4.07108510762975e-03 1.48444807042743e-06 -7.04761897325368e-03 -1.02915961343632e-06 -2.11134969521403e-07 2.30661070890727e-07 -4.37141890813932e-07 4.88060352277986e-03 7.41910615815171e-07 -6.30091865247295e-03
 1.78684863649854e-06 -7.34007833864836e-07 -1.44831845428661e-05 -1.60469180463693e-06 -5.32750754533308e-07 5.32877665640887e-03 -7.99558653133414e-07 1.31731395642751e-05 -1.71873790414107e-01 3.26300380115718e-05 1.01948121558661e-07 -8.03107744356437e-05 -2.17661220479393e-07 -9.91453018922212e-04 -1.05641177286057e-07 1.32287802109562e-08 3.00494612460154e-07 1.59287043089536e-07 -2.71595030219675e-03 8.79820257506874e-08 -2.23126856216495e-09 5.39885272634742e-07 -6.17145830854068e-08 -6.75895509382190e-04 -2.23868241441183e-08 1.74846296805905e-04 -7.77855376129041e-07 -2.10317910731634e-08 -3.98728003462329e-07 -5.56667876355004e-08 1.15097038839149e-06 1.49609671239304e-07 4.53109533994366e-06 -1.46835953820153e-06 1.19068624501417e-06 1.88798708889310e-02 -1.31462020293207e-06 -2.55558834629251e-06 -1.10403588396369e-01 2.04023698169402e-05 2.67472707981379e-06 2.16213046467611e-02 -8.13530883449990e-06 5.67002767062599e-03 -2.50663137140297e-07 -1.49274372896943e-07 1.69220968795729e-07 7.77675032311609e-07 4.49029829832162e-03 7.28005414847932e-07 1.25267960023256e-06 -2.95443350614819e-06 -1.90776911368845e-06 -2.62049851394551e-03 1.65814188470706e-08 6.76109951188069e-04 1.13905635960095e-07 -3.29996693132566e-07 6.16909853731848e-07 3.83909721930037e-07
 -5.05851051038510e-07 -2.98105480886115e-07 6.18195759560896e-06 -2.90657651457965e-06 -4.36133391112015e-07 -7.90881919814600e-07 5.32766842421312e-03 -5.85469296989273e-06 3.25863457330267e-05 -1.71827038156685e-01 -7.34910457315642e-07 -2.04258231102744e-07 -8.03823984315344e-05 3.01664991623585e-07 -7.57368500541067e-08 -1.20649472366268e-07 -9.91333590435262e-04 -1.63020532427394e-08 5.39144858659711e-07 3.25895716655158e-08 2.39383904261881e-07 -2.71464689047996e-03 -2.17714842627738e-07 -5.17826696018345e-08 4.48683853146371e-08 -8.43026695715908e-07 4.27448395197170e-04 -2.42540725680004e-08 -5.51953378663560e-04 7.12775505838513e-09 1.00716500966087e-06 -2.72976761258024e-07 6.56531693888928e-07 -3.94351110309128e-07 -1.01037928418492e-06 -1.30933589939132e-06 1.88721574291537e-02 6.16127677887654e-07 2.04087742927683e-05 -1.10369416348733e-01 -1.19025351933836e-06 -8.13530883449990e-06 2.16097308747469e-02 1.63020637680440e-07 -2.09345343284993e-07 -5.54844967833495e-07 5.66970361747249e-03 2.59059608563328e-07 -2.96449710687351e-06 -1.61117854240916e-07 3.66377790964250e-07 4.48599143063953e-03 8.92327356496919e-07 4.92955581723499e-07 2.42894492110713e-08 2.66264893624329e-07 1.65779831429910e-03 2.34666129779245e-07 -2.13976523531716e-03 -1.75196088994862e-07
 1.90020710967315e-06 -1.22584254404736e-07 1.03552648251129e-05 -3.59348358817629e-07 2.10420804139927e-07 1.39743261377458e-03 3.56494634591879e-07 -5.10130761811632e-06 -4.50726388481599e-02 -9.70238379410272e-06 -5.71470248907462e-07 -2.10608384640846e-05 -6.56397515616198e-08 -2.60001274234655e-04 -2.77316321222271e-08 1.74284689347716e-08 -2.65390752842652e-08 1.75442376395493e-08 -7.12237968559893e-04 2.30848781595323e-08 4.42998556814834e-08 -1.46904760290581e-07 -9.37796750155039e-08 -1.77248643518748e-04 -5.87348152463822e-09 4.58520697631625e-05 -1.58560919387999e-07 -1.61493867482550e-09 -1.63218370691211e-07 -1.96277893888023e-08 -1.98304777610172e-06 1.89442049889327e-07 -1.97017725502361e-06 9.79739359432775e-07 -5.91844579060060e-07 4.95110733306961e-03 1.66073375487924e-06 -3.20261299127168e-07 -2.89525294907798e-02 -6.37822876797811e-06 -2.72294312839631e-07 5.67002767062599e-03 1.63020637680440e-07 1.48692333581589e-03 -6.57086637877012e-08 -1.24555173415959e-07 6.46828408483067e-07 3.51843001573634e-07 1.17754755489814e-03 1.90817311143288e-07 8.69100051030682e-08 -2.98084934559361e-07 -8.18044007507159e-08 -6.87206498743757e-04 4.39401803681612e-09 1.77304913868153e-04 2.06043808237871e-07 4.49762681125678e-09 -6.56129966109030e-08 -1.67987479851701e-08
 -2.52351641658696e-07 5.64278832220769e-09 5.79462828614703e-06 -5.42378024808056e-07 3.85345960919141e-08 -6.17495434001037e-08 -5.16244112527010e-08 -6.30070578381670e-07 1.99243961634009e-06 1.66507740031303e-06 -3.87789551516777e-07 9.64657024058147e-10 7.83961264662125e-10 1.14876154265799e-08 -5.07494402877846e-12 -3.75922825364459e-09 9.60805350282426e-09 6.50104236385425e-09 3.14993770678349e-08 2.22671480740468e-12 4.74424027911977e-11 2.62988860326937e-08 -3.42724536875981e-11 7.83858631127828e-09 -2.38257743188555e-12 -2.01907184510551e-09 -4.13348285790788e-09 -7.26423511901754e-09 5.35471666121635e-09 9.37707179112685e-09 -8.61750099063524e-07 1.34909387911135e-07 5.50435516466683e-07 -2.11794742682388e-07 3.36482363219106e-07 -2.19000370212854e-07 -1.82886834666483e-07 -1.57397194811330e-06 1.28001554438464e-06 1.06950314179585e-06 4.63775995644777e-07 -2.50663137140297e-07 -2.09345343284993e-07 -6.57086637877012e-08 2.43429956673722e-11 -9.59958626897004e-08 -5.49726818446605e-08 1.66277211636948e-07 -5.20213381132338e-08 -2.84922864678177e-11 -6.18849268509740e-08 -4.34434664527831e-08 1.07147749423074e-07 3.03676797085151e-08 1.34309162089369e-11 -7.83893694095664e-09 -1.60701113750601e-08 5.80341247500411e-08 2.07335898694933e-08 -7.49094716045793e-08
 -2.53222435019580e-04 1.70783378205639e-04 -2.92088329275568e-02 9.15749923799985e-03 1.07193091011034e-03 -2.06659258468292e-07 -1.35276792217290e-07 -2.89832394640331e-02 1.39288614377233e-06 4.86674341922549e-06 3.59753007836152e-03 -7.42569527552803e-08 -1.10778674523816e-07 2.48205430510829e-08 3.08130435486337e-08 1.24591091478936e-04 -1.38107565444445e-08 -2.15744210570825e-04 -4.41000895842344e-08 -2.35064106372756e-08 1.85079962911672e-04 1.45730307583704e-07 -3.20782362009856e-04 1.26704251812515e-08 -5.51734596655891e-09 -4.76974655502299e-09 -9.12469316207075e-09 1.23433534401267e-04 7.74386513914507e-09 -1.59267447502397e-04 1.00977355865766e-02 -1.45665810548155e-03 -2.35629100149980e-02 9.76306141560673e-03 -9.75160881408182e-03 1.11300692807829e-07 -7.72057536957853e-07 2.75337756759800e-02 7.04856947143273e-07 3.21267675094506e-06 -1.21271589411682e-02 -1.49274372896943e-07 -5.54844967833495e-07 -1.24555173415959e-07 -9.59958626897004e-08 1.19550487084788e-03 -1.05215672017942e-07 -2.07060246148600e-03 -4.13654948374516e-08 -1.18697520169829e-08 -9.77009610261129e-05 -2.39190364657016e-07 1.69028542715834e-04 1.23985651769094e-07 -2.84254936867534e-08 -2.94659788989805e-08 -1.19502513987844e-08 -5.45521209905195e-04 1.55659001230986e-09 7.04230302673222e-04
 -1.50067020023407e-06 -9.13564932065177e-08 -4.97742040481298e-06 -7.09585501327009e-07 -2.94470614225691e-07 3.60207939818389e-07 1.39781027007910e-03 1.59570442318295e-06 -9.76222362334377e-06 -4.50819338700291e-02 9.71554616089155e-08 -6.21925893099617e-08 -2.10897954921572e-05 -2.64787294586115e-08 -1.98713491715153e-08 -3.18853458529525e-08 -2.60094305302348e-04 -3.85129744234497e-09 -1.47927313094649e-07 8.55512119254537e-09 5.93487710320690e-08 -7.12236737005774e-04 -5.11979388920960e-08 -8.56010974247139e-08 1.17746335567022e-08 -2.02554285333543e-07 1.12148746038937e-04 3.21165069424326e-09 -1.44815010172016e-04 -1.05089886530729e-08 -3.47305667966277e-06 -2.04423648490880e-07 1.24804032146013e-06 -5.76755766942759e-07 3.10308539207913e-08 1.66813715886957e-06 4.95145235588663e-03 2.46755985858418e-07 -6.40827500700270e-06 -2.89574143054045e-02 -1.77196552377774e-08 1.69220968795729e-07 5.66970361747249e-03 6.46828408483067e-07 -5.49726818446605e-08 -1.05215672017942e-07 1.48754953994587e-03 -1.87730692960989e-09 -2.99404275798647e-07 -4.21621367576723e-08 1.90271975513771e-07 1.17698083176168e-03 7.11182619249830e-08 -1.49845369065455e-07 6.35455044927579e-09 1.41890372552241e-07 4.34953441352437e-04 2.68829253805141e-08 -5.61406118702240e-04 -1.20883489567816e-09
 4.38653074691813e-04 -2.95743985215187e-04 5.05922024928465e-02 -1.58604093707290e-02 -1.85650292152109e-03 4.85862959685467e-07 6.12825305389951e-08 5.01949491805926e-02 -6.53866821216748e-06 -2.84846943511284e-06 -6.23094977818400e-03 1.26711372009314e-07 1.94463750435504e-07 -6.68013565319008e-08 -5.33704490823988e-08 -2.15776087470390e-04 5.61161907185724e-08 3.73641808600297e-04 1.11905318770120e-08 4.07150663440275e-08 -3.20516726128052e-04 -1.64226498239876e-07 5.55522719846598e-04 -3.81635978834213e-08 9.55477102500443e-09 1.24847418895067e-08 1.90124630565884e-09 -2.13765503135884e-04 4.50661705675669e-09 2.75823615200043e-04 -1.74968140649186e-02 2.52283440308159e-03 4.08090160299680e-02 -1.69088061721933e-02 1.68891372949044e-02 2.60327513499724e-07 7.24304832292616e-07 -4.76873296969525e-02 -3.87111489370524e-06 -1.97972513792027e-06 2.10034589827737e-02 7.77675032311609e-07 2.59059608563328e-07 3.51843001573634e-07 1.66277211636948e-07 -2.07060246148600e-03 -1.87730692960989e-09 3.58626280243810e-03 1.79516184732516e-07 2.05553886496629e-08 1.69131982923549e-04 2.68508822058509e-07 -2.92608446056551e-04 -2.77645747206938e-07 4.92420462625239e-08 6.72521506022878e-08 -3.31318819592522e-08 9.44861409594590e-04 6.68001811217509e-08 -1.21975098969442e-03
 9.31610856946815e-08 -1.22368829584450e-07 4.27568322816444e-06 -5.06425512524365e-08 1.41269010857507e-07 1.10667680808430e-03 -4.80379560021483e-07 -2.70209296667247e-06 -3.56946344898146e-02 1.69145888635619e-05 -2.15633262770441e-07 -1.66788222908334e-05 -4.04732239141974e-08 -2.05904316532450e-04 -2.19451996118147e-08 1.18870189289245e-08 1.20897081235582e-07 1.72531742364505e-08 -5.64046734279036e-04 1.82739918842205e-08 2.12800883593275e-08 2.72284047128022e-07 -5.04226093740873e-08 -1.40369514987202e-04 -4.65790051257003e-09 3.63120098339894e-05 -1.86761717925373e-07 -4.64259147354058e-09 -5.02437872746060e-08 -1.11941592497382e-08 1.99931162216212e-06 1.05534600197504e-07 -1.43438547848568e-06 7.13060845508187e-07 -5.29891996359895e-07 3.92095870530129e-03 -1.38649673418908e-06 4.33850910815795e-07 -2.29285434927425e-02 1.07490329801820e-05 -3.17037711847499e-07 4.49029829832162e-03 -2.96449710687351e-06 1.17754755489814e-03 -5.20213381132338e-08 -4.13654948374516e-08 -2.99404275798647e-07 1.79516184732516e-07 9.32542313703058e-04 1.51157131831902e-07 1.26318187622378e-07 -8.78260982395445e-07 -1.64548383264379e-07 -5.44223396056780e-04 3.46600219698318e-09 1.40414044011386e-04 -7.41519702582630e-08 -3.80500279783131e-08 2.54361333427536e-07 4.03898010476103e-08
 3.18163987081456e-08 -4.20418793187205e-08 -6.33696624210956e-06 -4.70630914399909e-07 -2.47999688865911e-07 1.79363987697222e-07 -3.96849864444023e-08 6.03344878515627e-06 -5.78601924511950e-06 1.27971825250787e-06 1.53253000685092e-07 -2.75042241162147e-09 6.05403277521753e-10 -3.33706023595040e-08 5.83335964064732e-12 -1.34841778038961e-08 7.38781654839230e-09 2.33740918032016e-08 -9.14497803906923e-08 -5.22209559982323e-13 -3.18333737096725e-08 2.02209406518850e-08 5.50743251366008e-08 -2.27565040542176e-08 3.75320311213857e-12 5.89275374498223e-09 -3.20858757357300e-09 -7.10587170182900e-09 4.09472261355081e-09 9.16173477571053e-09 3.17592002810036e-07 -1.61471611272164e-08 2.84488156668375e-06 -1.20983022629479e-06 9.63517350882832e-07 6.35738128437446e-07 -1.40474725655785e-07 -1.51700837921555e-06 -3.71694149048527e-06 8.22023866944005e-07 1.11287991870920e-06 7.28005414847932e-07 -1.61117854240916e-07 1.90817311143288e-07 -2.84922864678177e-11 -1.18697520169829e-08 -4.21621367576723e-08 2.05553886496629e-08 1.51157131831902e-07 6.95317831020593e-11 1.36043003854053e-07 -3.34684687725747e-08 -2.35559835360844e-07 -8.82143134810843e-08 -2.16971313209550e-11 2.27566811969500e-08 -1.23372610920347e-08 -2.24577507398358e-08 1.59514565499196e-08 2.89711518301305e-08
 1.12444264205808e-03 -1.40792731993725e-04 -1.78752031864432e-02 -1.92850231713236e-03 -8.08884487589921e-04 1.62842153191591e-07 7.76868659507719e-08 2.01932617181641e-02 -7.30584532731529e-06 -3.90057941806642e-06 2.81240481052292e-04 -1.47120438337717e-07 4.85230385207846e-08 -2.22925929664410e-08 2.42116874700914e-08 -4.98704416915766e-05 -1.57854088209203e-08 8.64108081326257e-05 -1.69491483715564e-07 -8.06497511555112e-09 -1.12145165849542e-04 -6.18329896369262e-08 1.94071586911618e-04 -4.19795853923492e-08 1.48946135779598e-08 9.46502113282728e-09 5.63593968958288e-09 -3.16637338587825e-05 -1.08526809361848e-08 4.08464822984443e-05 2.00338434694535e-03 4.59090884102060e-05 1.00203041868793e-02 -4.24653517434476e-03 3.48431163053941e-03 1.32899229358263e-06 4.51957229174514e-07 -6.12169195394169e-03 -5.54769628404511e-06 -2.37700064591618e-06 4.07108510762975e-03 1.25267960023256e-06 3.66377790964250e-07 8.69100051030682e-08 -6.18849268509740e-08 -9.77009610261129e-05 1.90271975513771e-07 1.69131982923549e-04 1.26318187622378e-07 1.36043003854053e-07 4.26972179725102e-04 1.48753113331498e-07 -7.39288460693765e-04 -1.09865941659561e-07 -6.58929923292149e-08 2.69404996675150e-08 2.02883136784865e-08 -4.31901836641931e-05 -2.00731042057690e-08 5.57010355029564e-05
 -2.42476565105874e-07 -1.08348483634357e-07 1.75380607177045e-06 -1.74848808911043e-06 -2.82190069220662e-07 -4.76106990096565e-07 1.10597736822871e-03 4.49997777179775e-06 1.68257300688836e-05 -3.56697910101746e-02 -4.58843481202770e-07 -3.77120187411676e-08 -1.66866513459764e-05 1.20662886848337e-07 -1.57161746109437e-08 -4.61154782608637e-08 -2.05792188080791e-04 3.31007063447705e-08 2.70904607471906e-07 6.76129667925104e-09 8.68665381182347e-09 -5.63536974008311e-04 2.58334721227916e-08 2.88132567956810e-08 9.31691892019129e-09 -1.85239452574398e-07 8.87345912888922e-05 -2.67067435978400e-08 -1.14580667335880e-04 2.94535039685785e-08 2.10505812570243e-06 1.18247562479758e-07 3.81740974064024e-06 -1.61820004702955e-06 1.20616729513882e-06 -1.37694695075488e-06 3.91769479643396e-03 -3.34762087595272e-06 1.06993496442826e-05 -2.29117259445381e-02 1.48444807042743e-06 -2.95443350614819e-06 4.48599143063953e-03 -2.98084934559361e-07 -4.34434664527831e-08 -2.39190364657016e-07 1.17698083176168e-03 2.68508822058509e-07 -8.78260982395445e-07 -3.34684687725747e-08 1.48753113331498e-07 9.31252748528063e-04 5.93708302254723e-08 2.55718957007024e-07 5.03546364581217e-09 1.56989881545944e-08 3.44144406796200e-04 8.99402312078515e-08 -4.44196559666632e-04 -8.95926695877993e-08
 -1.94752937816070e-03 2.43746078307754e-04 3.09549728275960e-02 3.33808759185688e-03 1.40049637882524e-03 -2.17466461832997e-07 2.41891840280573e-07 -3.49610518666686e-02 1.05710620488679e-05 -5.38602649911611e-06 -4.87417918074049e-04 2.53765711873011e-07 -8.96854770422926e-08 2.66148594093032e-08 -4.19339126580049e-08 8.63323322613349e-05 -4.26995482942311e-08 -1.49588569800582e-04 2.60630268420609e-07 1.39708410732497e-08 1.94145554710706e-04 -8.47434363962430e-08 -3.35976365546309e-04 6.44985665967150e-08 -2.57886336197482e-08 -1.43305452476631e-08 2.04345428544432e-08 5.48022427188307e-05 -2.02126203979813e-08 -7.06953373899298e-05 -3.46607232130156e-03 -7.92661251520269e-05 -1.73472959347414e-02 7.35169464322029e-03 -6.03191919997272e-03 -2.07266192377857e-06 5.50845530929723e-07 1.05963845989041e-02 8.27037392591982e-06 -3.68203653404170e-06 -7.04761897325368e-03 -1.90776911368845e-06 8.92327356496919e-07 -8.18044007507159e-08 1.07147749423074e-07 1.69028542715834e-04 7.11182619249830e-08 -2.92608446056551e-04 -1.64548383264379e-07 -2.35559835360844e-07 -7.39288460693765e-04 5.93708302254723e-08 1.28005409257833e-03 1.58518019036125e-07 1.14100787047203e-07 -3.84374028513254e-08 8.19983190065119e-08 7.48439388249262e-05 -1.16411926309892e-07 -9.65239634438851e-05
 -1.46518975029872e-06 9.26095718201441e-08 -3.76375448137654e-06 8.68609209986325e-07 4.72695133537199e-08 -6.45846908076833e-04 -2.46473149499856e-08 -2.01395534423352e-06 2.08310757908077e-02 -3.44676406608888e-08 3.93981233657712e-07 9.73362880176568e-06 2.82102422056025e-08 1.20163948760526e-04 1.28137292489893e-08 7.30504529675351e-09 -1.38083512766233e-08 -3.47229634335673e-08 3.29172725138094e-04 -1.06685684122156e-08 1.15091652509511e-08 -3.48629998604504e-09 -1.20366982224442e-08 8.19184298824195e-05 2.71428489677283e-09 -2.11913245432022e-05 8.45215979304726e-08 1.63399194588993e-08 6.09204282427339e-08 -1.10551952269861e-08 -1.40566500977594e-06 -1.91493897363068e-07 -1.65339807039054e-06 6.21140853726035e-07 -6.81269993388318e-07 -2.28823726900809e-03 -2.71264950458530e-07 2.30454229858676e-06 1.33808970605063e-02 4.53742158438089e-08 -1.02915961343632e-06 -2.62049851394551e-03 4.92955581723499e-07 -6.87206498743757e-04 3.03676797085151e-08 1.23985651769094e-07 -1.49845369065455e-07 -2.77645747206938e-07 -5.44223396056780e-04 -8.82143134810843e-08 -1.09865941659561e-07 2.55718957007024e-07 1.58518019036125e-07 3.17604013493625e-04 -2.02278805706208e-09 -8.19444300648847e-05 -5.16266322130073e-08 -1.67529720335144e-08 -2.59531991412957e-08 2.67175161939913e-08
 3.12826009732548e-07 1.45241630915254e-08 4.20432009185397e-06 -2.88912258852321e-08 1.03077826069157e-07 4.12000519829020e-09 5.99018725374432e-09 -2.20859337834948e-06 -1.32290689660508e-07 -1.93013723273044e-07 -1.87217356126682e-07 -3.39993570712848e-11 -9.47673932332527e-11 -7.67021468447513e-10 -6.18349710650801e-12 2.36190343797608e-09 -1.11195190081228e-09 -4.09749082523865e-09 -2.07859729136043e-09 2.72345263021394e-12 8.47216820961528e-09 -3.05410609477472e-09 -1.46366035042671e-08 -5.18348114713935e-10 -2.56616875471523e-12 1.33402571009391e-10 4.80914969166097e-10 -1.82497620551683e-09 -6.21317594846961e-10 2.35928019863654e-09 3.95587432460528e-07 6.20365005699675e-08 -7.57706827432289e-07 3.30655113750814e-07 -2.06264521393060e-07 1.44334948010103e-08 2.12067408257162e-08 -3.58860982786259e-08 -8.48275471148500e-08 -1.24003482436505e-07 -2.11134969521403e-07 1.65814188470706e-08 2.42894492110713e-08 4.39401803681612e-09 1.34309162089369e-11 -2.84254936867534e-08 6.35455044927579e-09 4.92420462625239e-08 3.46600219698318e-09 -2.16971313209550e-11 -6.58929923292149e-08 5.03546364581217e-09 1.14100787047203e-07 -2.02278805706208e-09 1.25885934765803e-11 5.22445777342531e-10 1.86386777528512e-09 2.63033733977400e-08 -2.40556486134338e-09 -3.39461504827591e-08
 3.83687275420317e-07 -2.29606091256444e-08 9.57945999918333e-07 -2.00951472111994e-07 -8.42461649765800e-09 1.66633782561381e-04 1.03360916115518e-07 4.05819797778367e-07 -5.37458773980118e-03 -3.11958311293792e-06 -9.53002914839615e-08 -2.51135955006789e-06 -8.74237304689332e-09 -3.10032784768816e-05 -3.30742250012402e-09 -1.46382865334316e-09 -1.44867765642484e-08 8.22560152724557e-09 -8.49292518763154e-05 2.75314788337069e-09 -2.14194218856012e-09 -4.85262230639234e-08 1.67584741000916e-09 -2.11356273946151e-05 -6.99514071740453e-10 5.46752010331856e-06 -1.40246682796813e-08 -3.77593339429595e-09 -2.57674418770257e-08 2.28416522335768e-09 3.23919087816526e-07 4.58099027218192e-08 3.52775442958604e-07 -1.29468577571173e-07 1.47296472554832e-07 5.90383950398390e-04 4.13595718591641e-07 -5.24229058221436e-07 -3.45238076850743e-03 -2.02121661138405e-06 2.30661070890727e-07 6.76109951188069e-04 2.66264893624329e-07 1.77304913868153e-04 -7.83893694095664e-09 -2.94659788989805e-08 1.41890372552241e-07 6.72521506022878e-08 1.40414044011386e-04 2.27566811969500e-08 2.69404996675150e-08 1.56989881545944e-08 -3.84374028513254e-08 -8.19444300648847e-05 5.22445777342531e-10 2.11423395544508e-05 4.35039451003420e-08 3.46999830759966e-09 -3.22630235938996e-08 -5.79049126391106e-09
 -7.90615270363026e-07 -1.92463377896535e-08 -3.53334321343272e-08 2.13403855025033e-08 3.40610795554799e-09 1.21213026846577e-07 4.08714050313714e-04 -1.40237575610435e-06 -3.36679418970563e-06 -1.31817744030758e-02 2.85711859473263e-08 -1.84115013294300e-08 -6.16657610882790e-06 -1.06985970900020e-08 -5.81265884907465e-09 -5.29400863567565e-09 -7.60505190008773e-05 -8.10545186894409e-09 -5.13462692674742e-08 2.50223392101106e-09 2.42330731047800e-08 -2.08255130630331e-04 -2.68723803156493e-08 -2.70430605038421e-08 3.44076649037542e-09 -5.87050255955085e-08 3.27918368757092e-05 1.65861946961026e-09 -4.23433234234862e-05 -3.99698374214516e-09 2.36120004972411e-07 -5.86385967110567e-08 -6.43392363690694e-07 2.58412849883809e-07 -3.59643170529135e-07 5.43991941279155e-07 1.44778456667861e-03 7.95764474236167e-07 -2.20279715577214e-06 -8.46703037098178e-03 -4.37141890813932e-07 1.13905635960095e-07 1.65779831429910e-03 2.06043808237871e-07 -1.60701113750601e-08 -1.19502513987844e-08 4.34953441352437e-04 -3.31318819592522e-08 -7.41519702582630e-08 -1.23372610920347e-08 2.02883136784865e-08 3.44144406796200e-04 8.19983190065119e-08 -5.16266322130073e-08 1.86386777528512e-09 4.35039451003420e-08 1.27178623161812e-04 5.16752771123122e-09 -1.64152871691089e-04 3.12803870428015e-09
 -3.01081672888858e-05 -4.53485344566659e-05 1.72630433154562e-02 -3.92007390003062e-03 -3.55872133974927e-04 2.79879546877993e-08 6.11995491804850e-08 9.46492628074761e-03 1.97766791281707e-06 -1.87904203271704e-06 -1.74959827961392e-03 6.40422995664686e-08 4.19567877618047e-08 -1.28620917364807e-09 -1.89819642216398e-08 -4.70460326758101e-05 6.90998871922805e-09 8.14525640708405e-05 7.40338997927335e-08 1.26183883141977e-08 -5.93742166502472e-05 -5.99435639826473e-08 1.02973411915723e-04 7.00328902485214e-09 3.69840329861145e-10 -8.33678292751855e-10 3.22973938946655e-09 -4.81003242042450e-05 -1.57341422670961e-09 6.20616447993572e-05 -6.85943658349027e-03 6.57057507500259e-04 9.04096949189129e-03 -3.72821260847835e-03 3.88541013554379e-03 -4.45149885379292e-07 3.12546506871564e-07 -1.17274271056974e-02 1.53325971158845e-06 -1.27284531688214e-06 4.88060352277986e-03 -3.29996693132566e-07 2.34666129779245e-07 4.49762681125678e-09 5.80341247500411e-08 -5.45521209905195e-04 2.68829253805141e-08 9.44861409594590e-04 -3.80500279783131e-08 -2.24577507398358e-08 -4.31901836641931e-05 8.99402312078515e-08 7.48439388249262e-05 -1.67529720335144e-08 2.63033733977400e-08 3.46999830759966e-09 5.16752771123122e-09 2.68798326252014e-04 -1.50101683746180e-09 -3.46989754655431e-04
 1.01576771334771e-06 2.08435125140807e-08 1.67963584526941e-07 -1.48649504464799e-07 -2.39982991238862e-08 3.18253292143274e-08 -5.27538264637373e-04 2.35894365324485e-06 -1.72705988492686e-06 1.70140724959734e-02 -7.27484023701477e-08 2.09259464850007e-08 7.95936003875943e-06 -2.12210926870544e-08 7.49874294984324e-09 4.81426483464432e-09 9.81604648738206e-05 1.39650202564226e-08 -2.96863351668841e-08 -3.22643043552069e-09 -3.49271373047989e-08 2.68800525750940e-04 4.10030836469551e-08 1.10241355694945e-08 -4.44171746118359e-09 8.19499148483958e-08 -4.23253347782432e-05 -4.10381383692820e-09 5.46536542267048e-05 7.68918696288696e-09 -2.65033178468757e-07 9.34199424069376e-08 1.20060707753407e-06 -4.87864031103354e-07 6.09123494974947e-07 -3.50756381717874e-08 -1.86869458751745e-03 -1.39412553837704e-06 -1.05759495478515e-06 1.09286249254976e-02 7.41910615815171e-07 6.16909853731848e-07 -2.13976523531716e-03 -6.56129966109030e-08 2.07335898694933e-08 1.55659001230986e-09 -5.61406118702240e-04 6.68001811217509e-08 2.54361333427536e-07 1.59514565499196e-08 -2.00731042057690e-08 -4.44196559666632e-04 -1.16411926309892e-07 -2.59531991412957e-08 -2.40556486134338e-09 -3.22630235938996e-08 -1.64152871691089e-04 -1.50101683746180e-09 2.11876556579741e-04 -1.07121250993432e-08
 3.87578736825756e-05 5.85543888054080e-05 -2.22825415513828e-02 5.06069156003326e-03 4.59512849477064e-04 -4.64755101446384e-08 -4.75126717443055e-08 -1.22208706448269e-02 -2.21896422738923e-06 1.41018061247774e-06 2.25852715212181e-03 -8.24981097168346e-08 -5.46432624091768e-08 3.58571317645914e-09 2.45001202273579e-08 6.07372617458218e-05 -1.47793635283994e-08 -1.05156711939200e-04 -9.02858252688548e-08 -1.62879538836088e-08 7.66573002307172e-05 6.13363791040396e-08 -1.32947621246270e-04 -7.72633046423726e-09 -4.79599086271713e-10 7.31336449652434e-10 -1.64055396265445e-09 6.20943824310329e-05 -1.23095307740372e-09 -8.01175324939606e-05 8.85587379776594e-03 -8.48190064992375e-04 -1.16723129616870e-02 4.81331203821860e-03 -5.01614580299506e-03 5.37897986914197e-07 -2.91941653374940e-07 1.51397871093313e-02 -1.76462820126906e-06 9.90831731595939e-07 -6.30091865247295e-03 3.83909721930037e-07 -1.75196088994862e-07 -1.67987479851701e-08 -7.49094716045793e-08 7.04230302673222e-04 -1.20883489567816e-09 -1.21975098969442e-03 4.03898010476103e-08 2.89711518301305e-08 5.57010355029564e-05 -8.95926695877993e-08 -9.65239634438851e-05 2.67175161939913e-08 -3.39461504827591e-08 -5.79049126391106e-09 3.12803870428015e-09 -3.46989754655431e-04 -1.07121250993432e-08 4.47926494710137e-04
