Paoks:
 1.99527554978692e+00 3.44342611978265e-03 -2.09725786399694e-02 2.18874227757088e-03 2.18715994802513e-12 5.37794602443667e-11 3.75697697944471e-13 -5.54222508623525e-12 -5.94907784574722e-11 -4.11181183618552e-13 3.24133662872060e-13 1.72883570940856e-11 1.20929942726129e-13 -9.55797116195641e-10 4.27831640849152e-11 -2.17557380573949e-06 -7.55270400062391e-11 -4.52837296172945e-07 3.57860046829479e-10 -1.70913012607836e-11 8.73348786169621e-07 2.62220747430227e-11 1.52284995019535e-07 4.01284284598738e-16 -6.90934670954182e-16 -2.85329313968579e-16 -6.07653725048072e-19 -3.29437649716710e-16 -3.55208619085726e-16 -4.41701615652638e-16
 3.44342611978265e-03 1.70423088850743e-04 1.76654145495967e-02 3.69242625164611e-04 -1.21713702212445e-13 1.64358665344290e-13 1.34115643832250e-15 5.36959860645506e-12 -4.97387154335563e-12 -4.29504707772480e-14 1.93040013113565e-14 -6.77482538326023e-16 -3.52249705197228e-17 -3.01732657150505e-12 7.10156554234465e-14 -1.68309023876261e-08 -2.19841723176191e-13 -5.53832886247790e-10 4.36074207698679e-12 1.39661573997927e-13 -2.73214217464348e-08 -5.42562439223551e-13 -5.17488974137553e-09 -3.76582405020023e-17 -1.27321173105533e-17 4.73858535642537e-17 -1.23788506930794e-17 -3.33255779926429e-17 -3.60938827579530e-18 -1.89400262064461e-17
 -2.09725786399694e-02 1.76654145495967e-02 1.90529145391262e+00 3.93088639771866e-02 -3.79442218204042e-12 -1.79530025254775e-12 -6.59164962420081e-15 -1.26913410717633e-13 7.64673430733001e-12 5.10932892850277e-14 -2.08721071968545e-12 2.97103386203017e-13 5.01223794450291e-15 -1.37160317658944e-10 -7.53093324715527e-13 -1.38442340874449e-06 -8.83801427113353e-12 2.92618805044171e-08 3.99081434416516e-10 1.83846141233410e-11 -3.11175678158656e-06 -6.35371983357123e-11 -5.86813466845963e-07 -3.26921122267971e-15 -1.23464093898465e-15 3.04037014631001e-15 -1.32843000423431e-15 -1.18066445646879e-15 -3.19009330984563e-16 -1.00239943596982e-15
 2.18874227757088e-03 3.69242625164611e-04 3.93088639771866e-02 8.14442093582203e-04 -1.09114119630410e-13 9.25649083472506e-14 8.19175366912001e-16 1.99198572453955e-12 -3.42831797351745e-12 -2.69472643808084e-14 -2.84891946998869e-14 4.00460438038180e-15 6.78439751387465e-17 -4.08768794973061e-12 4.06676780627158e-14 -3.14412883277162e-08 -2.81709140657609e-13 9.12100510777491e-12 8.70960666404273e-12 3.57109042016799e-13 -6.30974041069526e-08 -1.27732634422218e-12 -1.19151827594895e-08 -7.26627663329054e-17 -2.63981949903618e-17 7.63641357839718e-17 -2.74493958107088e-17 -3.29021586713161e-17 -7.05137880692481e-18 -2.45573965360242e-17
 2.18715994802513e-12 -1.21713702212445e-13 -3.79442218204042e-12 -1.09114119630410e-13 5.77242717298526e-04 -8.58322912085768e-11 -1.72101167809910e-11 -3.43422526473009e-02 2.61918728250361e-09 5.17322064168984e-10 -2.43209051880654e-04 -1.72672814251847e-11 4.82759754450153e-12 3.99870678162297e-14 5.59423411503726e-17 1.75903089821674e-14 3.32544881215920e-16 -3.04400279021129e-14 -1.40794370764187e-14 -1.70969140804220e-17 -5.63053502295842e-15 -1.10772597459448e-16 9.75089744393953e-15 6.23195192280992e-13 5.41962243617619e-13 -2.92789142952610e-13 3.42913448083779e-13 1.38841683443406e-07 -4.88340913601680e-13 5.62936707370882e-08
 5.37794602443667e-11 1.64358665344290e-13 -1.79530025254775e-12 9.25649083472506e-14 -8.58322912085768e-11 5.77261547722412e-04 1.27024014475043e-11 2.61855681704011e-09 -3.43428055024368e-02 -3.81109325816907e-10 -1.72769335229406e-11 -2.43235255572675e-04 -4.83381444442273e-12 -3.04961419690959e-14 3.05134465738275e-16 -2.31533522341217e-14 5.40468842832289e-17 -3.98835134617555e-14 9.74859629804132e-15 -1.19657090130895e-16 8.09679539246357e-15 -1.81687583550973e-17 1.39961496684508e-14 -5.57456180920565e-08 -4.25652008600833e-13 1.36742948779633e-07 -3.66054189056950e-13 -2.92210318632088e-13 -4.72277262175268e-13 -1.03959841177414e-12
 3.75697697944471e-13 1.34115643832250e-15 -6.59164962420081e-15 8.19175366912001e-16 -1.72101167809910e-11 1.27024014475043e-11 5.77277845838015e-04 5.20862654967090e-10 -3.83311164993230e-10 -3.43432653444505e-02 4.86920960373722e-12 -4.85945283464643e-12 -2.43283736947693e-04 5.67328895552183e-17 3.98131932789900e-14 4.05692794062076e-16 -3.04272322440223e-14 1.52128592546026e-17 -1.89593363118171e-17 -1.39679746083112e-14 -1.47630858600732e-16 9.74805727690103e-15 3.33449339304291e-18 2.88786682334790e-14 6.07752171864819e-13 7.00642787245803e-13 -2.74273980135434e-08 -5.94536079063327e-13 2.00665589279006e-09 -2.53328076043076e-14
 -5.54222508623525e-12 5.36959860645506e-12 -1.26913410717633e-13 1.99198572453955e-12 -3.43422526473009e-02 2.61855681704011e-09 5.20862654967090e-10 2.04314455868851e+00 -7.81224978996655e-09 -8.51267975025571e-10 1.44693842910392e-02 2.07560258945115e-09 -7.52182259674677e-11 -2.37897489740145e-12 -3.32824508371032e-15 -1.04648082137616e-12 -1.97842725103030e-14 1.81095613426516e-12 8.37636460303785e-13 1.01716659922777e-15 3.35401063305347e-13 6.59026230365583e-15 -5.80037651803613e-13 -3.68358754994969e-11 -3.22432886281623e-11 1.68297393947762e-11 -2.03772573704417e-11 -8.26019285804719e-06 2.90514169518892e-11 -3.34911364831421e-06
 -5.94907784574722e-11 -4.97387154335563e-12 7.64673430733001e-12 -3.42831797351745e-12 2.61918728250361e-09 -3.43428055024368e-02 -3.83311164993230e-10 -7.81224978996655e-09 2.04314369185277e+00 5.19182230727975e-10 2.07577992165519e-09 1.44707041486244e-02 1.30639837991988e-10 1.81429390468927e-12 -1.81531579432392e-14 1.37407879662272e-12 -3.21553067031461e-15 2.37206160407727e-12 -5.79968986109511e-13 7.11867807462249e-15 -4.80217457514506e-13 1.08095737846485e-15 -8.32407768095541e-13 3.31645322176857e-06 2.53231539136382e-11 -8.13519714295247e-06 2.17598308248982e-11 1.67861232034159e-11 2.80983111904631e-11 6.16058837425817e-11
 -4.11181183618552e-13 -4.29504707772480e-14 5.10932892850277e-14 -2.69472643808084e-14 5.17322064168984e-10 -3.81109325816907e-10 -3.43432653444505e-02 -8.51267975025571e-10 5.19182230727975e-10 2.04314072161760e+00 -7.62587836077114e-11 1.31264680779417e-10 1.44733735968253e-02 -3.37520387392279e-15 -2.36855626885840e-12 -2.41592426079707e-14 1.81016908506063e-12 -9.10019423445154e-16 1.12794655885541e-15 8.30979157802507e-13 8.79261038030871e-15 -5.79928919582305e-13 -1.96665872472514e-16 -1.75421557270944e-12 -3.61562368736077e-11 -4.15937295184928e-11 1.63170371854349e-06 3.52481522141061e-11 -1.19379457011696e-07 1.45769380683624e-12
 3.24133662872060e-13 1.93040013113565e-14 -2.08721071968545e-12 -2.84891946998869e-14 -2.43209051880654e-04 -1.72769335229406e-11 4.86920960373722e-12 1.44693842910392e-02 2.07577992165519e-09 -7.62587836077114e-11 1.02471007678559e-04 2.97929500741422e-11 -1.03019170849249e-12 -1.68477056716535e-14 -2.35702915247871e-17 -7.40994885466063e-15 -1.40110684398635e-16 1.28249378928189e-14 5.93207259181256e-15 7.20344732401458e-18 2.37883324434522e-15 4.66717988819245e-17 -4.10711309253559e-15 -2.57409452879163e-13 -2.28344331035314e-13 1.10701417036286e-13 -1.44366151241533e-13 -5.84980168304236e-08 2.05743914802642e-13 -2.37181516137054e-08
 1.72883570940856e-11 -6.77482538326023e-16 2.97103386203017e-13 4.00460438038180e-15 -1.72672814251847e-11 -2.43235255572675e-04 -4.85945283464643e-12 2.07560258945115e-09 1.44707041486244e-02 1.31264680779417e-10 2.97929500741422e-11 1.02489746263088e-04 1.82908088724885e-12 1.28498489692720e-14 -1.28570747414150e-16 9.71237845893819e-15 -2.27747947847651e-17 1.67962757367889e-14 -4.10766564618977e-15 5.04184269479036e-17 -3.39411958268679e-15 7.65614329947804e-18 -5.89436539118085e-15 2.34890054900479e-08 1.79352923895756e-13 -5.76180870272595e-08 1.54217355043745e-13 1.10273748663183e-13 1.99000775367834e-13 4.32834844718603e-13
 1.20929942726129e-13 -3.52249705197228e-17 5.01223794450291e-15 6.78439751387465e-17 4.82759754450153e-12 -4.83381444442273e-12 -2.43283736947693e-04 -7.52182259674677e-11 1.30639837991988e-10 1.44733735968253e-02 -1.03019170849249e-12 1.82908088724885e-12 1.02527711898097e-04 -2.39094220586434e-17 -1.67785798590516e-14 -1.71280602047336e-16 1.28230293467425e-14 -6.47441686831242e-18 7.99020260117720e-18 5.88656066299293e-15 6.23303118236535e-17 -4.10814968411468e-15 -1.38556684074235e-18 -1.22205737389882e-14 -2.56126615824489e-13 -2.95150716186458e-13 1.15588012455234e-08 2.49973571073267e-13 -8.45670326489753e-10 1.04395514684563e-14
 -9.55797116195641e-10 -3.01732657150505e-12 -1.37160317658944e-10 -4.08768794973061e-12 3.99870678162297e-14 -3.04961419690959e-14 5.67328895552183e-17 -2.37897489740145e-12 1.81429390468927e-12 -3.37520387392279e-15 -1.68477056716535e-14 1.28498489692720e-14 -2.39094220586434e-17 4.69234826221687e-19 -2.04709896036350e-20 1.15090826284401e-15 3.69240113533710e-20 2.15029412027517e-16 -2.02555329453030e-19 6.78053553626577e-21 -1.78621048776240e-16 -7.67288217986051e-21 -2.77291025880157e-17 2.94502463374485e-18 6.05165084886897e-23 -7.22400408974416e-18 -2.65237213197280e-21 9.61793045115623e-18 1.88530756163169e-22 3.89966026011736e-18
 4.27831640849152e-11 7.10156554234465e-14 -7.53093324715527e-13 4.06676780627158e-14 5.59423411503726e-17 3.05134465738275e-16 3.98131932789900e-14 -3.32824508371032e-15 -1.81531579432392e-14 -2.36855626885840e-12 -2.35702915247871e-17 -1.28570747414150e-16 -1.67785798590516e-14 -2.04709896036350e-20 9.20160876576695e-22 -4.64250414999180e-17 -1.62003290158714e-21 -9.71374513522171e-18 7.60916589587531e-21 -3.70338321004094e-22 1.92206531826430e-17 5.73006921643223e-22 3.35852919129261e-18 -2.94642990566326e-20 4.17278330820408e-23 7.23287117667924e-20 -1.89158894311462e-18 1.34146885202698e-20 1.38392982953125e-19 5.45339982233451e-21
 -2.17557380573949e-06 -1.68309023876261e-08 -1.38442340874449e-06 -3.14412883277162e-08 1.75903089821674e-14 -2.31533522341217e-14 4.05692794062076e-16 -1.04648082137616e-12 1.37407879662272e-12 -2.41592426079707e-14 -7.40994885466063e-15 9.71237845893819e-15 -1.71280602047336e-16 1.15090826284401e-15 -4.64250414999180e-17 3.41174143726478e-12 8.94670108878944e-17 4.75656982461871e-13 -6.87780496902459e-16 5.18756249330862e-18 1.33963142774367e-12 1.81402599942124e-17 2.66255480584362e-13 2.23231609444864e-18 1.70474552088668e-21 -5.47288065400067e-18 -1.82874518936161e-20 4.23206849700926e-18 2.04136912802503e-21 1.71666385683050e-18
 -7.55270400062391e-11 -2.19841723176191e-13 -8.83801427113353e-12 -2.81709140657609e-13 3.32544881215920e-16 5.40468842832289e-17 -3.04272322440223e-14 -1.97842725103030e-14 -3.21553067031461e-15 1.81016908506063e-12 -1.40110684398635e-16 -2.27747947847651e-17 1.28230293467425e-14 3.69240113533710e-20 -1.62003290158714e-21 8.94670108878944e-17 2.90922232022998e-21 1.70173412529850e-17 -1.55828020486092e-20 5.55649295556036e-22 -1.73724338615726e-17 -6.73250907492668e-22 -2.80564491860546e-18 -5.22068525534962e-21 -3.17286788659349e-23 1.27662896882396e-20 1.44564686266889e-18 8.00167028699394e-20 -1.05767377885609e-19 3.24315086616414e-20
 -4.52837296172945e-07 -5.53832886247790e-10 2.92618805044171e-08 9.12100510777491e-12 -3.04400279021129e-14 -3.98835134617555e-14 1.52128592546026e-17 1.81095613426516e-12 2.37206160407727e-12 -9.10019423445154e-16 1.28249378928189e-14 1.67962757367889e-14 -6.47441686831242e-18 2.15029412027517e-16 -9.71374513522171e-18 4.75656982461871e-13 1.70173412529850e-17 1.03088715691508e-13 -7.60368823016443e-17 4.11309529350819e-18 -2.38114434985736e-13 -6.76486302233008e-18 -4.20885144377508e-14 3.85016861346266e-18 1.41674900861800e-22 -9.44467866110563e-18 -7.36585916725671e-22 -7.32139835027767e-18 1.88014170624920e-22 -2.96835053600596e-18
 3.57860046829479e-10 4.36074207698679e-12 3.99081434416516e-10 8.70960666404273e-12 -1.40794370764187e-14 9.74859629804132e-15 -1.89593363118171e-17 8.37636460303785e-13 -5.79968986109511e-13 1.12794655885541e-15 5.93207259181256e-15 -4.10766564618977e-15 7.99020260117720e-18 -2.02555329453030e-19 7.60916589587531e-21 -6.87780496902459e-16 -1.55828020486092e-20 -7.60368823016443e-17 1.49368486509447e-19 7.84200553171624e-22 -4.99427088186787e-16 -8.67415255944570e-21 -9.64351821187748e-17 -9.41427712446719e-19 -2.08136657309324e-23 2.30927330996129e-18 8.85995086105497e-22 -3.38647062236778e-18 -6.21028986647075e-23 -1.37306780885761e-18
 -1.70913012607836e-11 1.39661573997927e-13 1.83846141233410e-11 3.57109042016799e-13 -1.70969140804220e-17 -1.19657090130895e-16 -1.39679746083112e-14 1.01716659922777e-15 7.11867807462249e-15 8.30979157802507e-13 7.20344732401458e-18 5.04184269479036e-17 5.88656066299293e-15 6.78053553626577e-21 -3.70338321004094e-22 5.18756249330862e-18 5.55649295556036e-22 4.11309529350819e-18 7.84200553171624e-22 3.20707793237577e-22 -3.71294043983413e-17 -8.29382300288230e-22 -6.89678194909269e-18 1.15543485132934e-20 -1.46391111068839e-23 -2.83613558581907e-20 6.63640969861320e-19 -4.09790010885693e-21 -4.85534892963481e-20 -1.66653391544412e-21
 8.73348786169621e-07 -2.73214217464348e-08 -3.11175678158656e-06 -6.30974041069526e-08 -5.63053502295842e-15 8.09679539246357e-15 -1.47630858600732e-16 3.35401063305347e-13 -4.80217457514506e-13 8.79261038030871e-15 2.37883324434522e-15 -3.39411958268679e-15 6.23303118236535e-17 -1.78621048776240e-16 1.92206531826430e-17 1.33963142774367e-12 -1.73724338615726e-17 -2.38114434985736e-13 -4.99427088186787e-16 -3.71294043983413e-17 5.43509341807333e-12 1.14504700536236e-16 1.01972727357932e-12 -7.73946484441687e-19 1.70872176320172e-21 1.90686649571758e-18 9.17695645875699e-21 -1.35421511929573e-18 -1.45458646604601e-22 -5.48359190481314e-19
 2.62220747430227e-11 -5.42562439223551e-13 -6.35371983357123e-11 -1.27732634422218e-12 -1.10772597459448e-16 -1.81687583550973e-17 9.74805727690103e-15 6.59026230365583e-15 1.08095737846485e-15 -5.79928919582305e-13 4.66717988819245e-17 7.65614329947804e-18 -4.10814968411468e-15 -7.67288217986051e-21 5.73006921643223e-22 1.81402599942124e-17 -6.73250907492668e-22 -6.76486302233008e-18 -8.67415255944570e-21 -8.29382300288230e-22 1.14504700536236e-16 2.44550048693313e-21 2.14344664556980e-17 1.75511658357407e-21 1.02042093552893e-23 -4.29230330467831e-21 -4.63145873997943e-19 -2.66536147889169e-20 3.38850050707963e-20 -1.08030824662037e-20
 1.52284995019535e-07 -5.17488974137553e-09 -5.86813466845963e-07 -1.19151827594895e-08 9.75089744393953e-15 1.39961496684508e-14 3.33449339304291e-18 -5.80037651803613e-13 -8.32407768095541e-13 -1.96665872472514e-16 -4.10711309253559e-15 -5.89436539118085e-15 -1.38556684074235e-18 -2.77291025880157e-17 3.35852919129261e-18 2.66255480584362e-13 -2.80564491860546e-18 -4.20885144377508e-14 -9.64351821187748e-17 -6.89678194909269e-18 1.01972727357932e-12 2.14344664556980e-17 1.91392492211874e-13 -1.35011849208208e-18 3.27602569443495e-22 3.31341661087942e-18 2.47925787214503e-22 2.34535421843462e-18 6.38251609636927e-23 9.51045132891984e-19
 4.01284284598738e-16 -3.76582405020023e-17 -3.26921122267971e-15 -7.26627663329054e-17 6.23195192280992e-13 -5.57456180920565e-08 2.88786682334790e-14 -3.68358754994969e-11 3.31645322176857e-06 -1.75421557270944e-12 -2.57409452879163e-13 2.34890054900479e-08 -1.22205737389882e-14 2.94502463374485e-18 -2.94642990566326e-20 2.23231609444864e-18 -5.22068525534962e-21 3.85016861346266e-18 -9.41427712446719e-19 1.15543485132934e-20 -7.73946484441687e-19 1.75511658357407e-21 -1.35011849208208e-18 5.38330319957286e-12 4.11054330020481e-17 -1.32051411178754e-11 3.39195291594355e-17 1.76119228279396e-16 4.57115099128119e-17 1.60359764002466e-16
 -6.90934670954182e-16 -1.27321173105533e-17 -1.23464093898465e-15 -2.63981949903618e-17 5.41962243617619e-13 -4.25652008600833e-13 6.07752171864819e-13 -3.22432886281623e-11 2.53231539136382e-11 -3.61562368736077e-11 -2.28344331035314e-13 1.79352923895756e-13 -2.56126615824489e-13 6.05165084886897e-23 4.17278330820408e-23 1.70474552088668e-21 -3.17286788659349e-23 1.41674900861800e-22 -2.08136657309324e-23 -1.46391111068839e-23 1.70872176320172e-21 1.02042093552893e-23 3.27602569443495e-22 4.11054330020481e-17 1.46253379984321e-21 -1.00828878572284e-16 -2.88746915511619e-17 1.30355403034583e-16 2.11247649641779e-18 5.28537956989739e-17
 -2.85329313968579e-16 4.73858535642537e-17 3.04037014631001e-15 7.63641357839718e-17 -2.92789142952610e-13 1.36742948779633e-07 7.00642787245803e-13 1.68297393947762e-11 -8.13519714295247e-06 -4.15937295184928e-11 1.10701417036286e-13 -5.76180870272595e-08 -2.95150716186458e-13 -7.22400408974416e-18 7.23287117667924e-20 -5.47288065400067e-18 1.27662896882396e-20 -9.44467866110563e-18 2.30927330996129e-18 -2.83613558581907e-20 1.90686649571758e-18 -4.29230330467831e-21 3.31341661087942e-18 -1.32051411178754e-11 -1.00828878572284e-16 3.23919618676938e-11 -1.19857563375345e-16 -1.34753018384451e-16 -1.09448795260360e-16 -2.72832782364224e-16
 -6.07653725048072e-19 -1.23788506930794e-17 -1.32843000423431e-15 -2.74493958107088e-17 3.42913448083779e-13 -3.66054189056950e-13 -2.74273980135434e-08 -2.03772573704417e-11 2.17598308248982e-11 1.63170371854349e-06 -1.44366151241533e-13 1.54217355043745e-13 1.15588012455234e-08 -2.65237213197280e-21 -1.89158894311462e-18 -1.82874518936161e-20 1.44564686266889e-18 -7.36585916725671e-22 8.85995086105497e-22 6.63640969861320e-19 9.17695645875699e-21 -4.63145873997943e-19 2.47925787214503e-22 3.39195291594355e-17 -2.88746915511619e-17 -1.19857563375345e-16 1.30311974981802e-12 1.10530345401577e-16 -9.53394457088740e-14 3.45660040065081e-17
 -3.29437649716710e-16 -3.33255779926429e-17 -1.18066445646879e-15 -3.29021586713161e-17 1.38841683443406e-07 -2.92210318632088e-13 -5.94536079063327e-13 -8.26019285804719e-06 1.67861232034159e-11 3.52481522141061e-11 -5.84980168304236e-08 1.10273748663183e-13 2.49973571073267e-13 9.61793045115623e-18 1.34146885202698e-20 4.23206849700926e-18 8.00167028699394e-20 -7.32139835027767e-18 -3.38647062236778e-18 -4.09790010885693e-21 -1.35421511929573e-18 -2.66536147889169e-20 2.34535421843462e-18 1.76119228279396e-16 1.30355403034583e-16 -1.34753018384451e-16 1.10530345401577e-16 3.33949870377523e-11 -1.19510554125543e-16 1.35400721021103e-11
 -3.55208619085726e-16 -3.60938827579530e-18 -3.19009330984563e-16 -7.05137880692481e-18 -4.88340913601680e-13 -4.72277262175268e-13 2.00665589279006e-09 2.90514169518892e-11 2.80983111904631e-11 -1.19379457011696e-07 2.05743914802642e-13 1.99000775367834e-13 -8.45670326489753e-10 1.88530756163169e-22 1.38392982953125e-19 2.04136912802503e-21 -1.05767377885609e-19 1.88014170624920e-22 -6.21028986647075e-23 -4.85534892963481e-20 -1.45458646604601e-22 3.38850050707963e-20 6.38251609636927e-23 4.57115099128119e-17 2.11247649641779e-18 -1.09448795260360e-16 -9.53394457088740e-14 -1.19510554125543e-16 6.97526912322524e-15 -4.77051995063449e-17
 -4.41701615652638e-16 -1.89400262064461e-17 -1.00239943596982e-15 -2.45573965360242e-17 5.62936707370882e-08 -1.03959841177414e-12 -2.53328076043076e-14 -3.34911364831421e-06 6.16058837425817e-11 1.45769380683624e-12 -2.37181516137054e-08 4.32834844718603e-13 1.04395514684563e-14 3.89966026011736e-18 5.45339982233451e-21 1.71666385683050e-18 3.24315086616414e-20 -2.96835053600596e-18 -1.37306780885761e-18 -1.66653391544412e-21 -5.48359190481314e-19 -1.08030824662037e-20 9.51045132891984e-19 1.60359764002466e-16 5.28537956989739e-17 -2.72832782364224e-16 3.45660040065081e-17 1.35400721021103e-11 -4.77051995063449e-17 5.48985248519089e-12
