Paoks:
 1.99555454280638e+00 3.40802823214754e-03 -1.42186062894368e-02 1.96039244665201e-03 -6.77501365982687e-07 -4.67256290323464e-07 4.55398551247373e-03 2.81634466262380e-06 6.74850058435141e-07 -1.10634659435281e-02 8.93015981965140e-08 1.98914966781338e-07 -4.35028680607259e-04 -2.76847542886128e-07 2.89552372225045e-07 3.35896248994192e-04 -8.28243353158887e-07 6.67156128665787e-07 1.32839794587110e-07 -2.29575796970971e-07 2.75437411919502e-05 4.32231457146048e-07 -3.88002259860869e-07 4.42229838035387e-09 5.03464661730285e-07 -3.93601141450177e-07 1.88948633582633e-04 4.41137942681376e-07 -1.51775107548631e-06 -2.89094245081529e-08 1.56821090036152e-03 -8.96514746850214e-04 -6.55386138045127e-04 -3.58861786568088e-03 1.21527906703802e-08 7.72200393441987e-08 9.31686933249442e-04 -7.64805064143667e-07 1.02182621142860e-06 5.06989798711986e-03 4.27709511347647e-08 -1.27169802423107e-07 -1.61164856778068e-03 -1.20442851599655e-08 -6.59410328117900e-08 -6.63166750587310e-05 1.86371226615612e-08 7.16956244956646e-08 9.15525076621641e-09 -8.67047679301134e-09 4.94257482580330e-04 1.06092049066750e-07 -7.43286316155916e-08 3.63018842077087e-10 6.73744889373943e-09 -8.92809520755745e-08 3.98355037820584e-04 9.40059306319249e-08 -6.23209369751479e-09 -4.43189634823644e-10
 3.40802823214754e-03 2.40961875621351e-04 1.35649713214574e-02 1.24387219282072e-03 1.24592213838441e-08 -7.07131460928020e-09 -1.04923040341902e-04 -2.27362899135208e-06 -8.01658612646353e-07 1.14110163222365e-02 -3.78591487282767e-08 6.40584378071253e-10 -6.09240094855298e-04 -4.15316697822908e-09 4.17644016048575e-09 -8.92045112714934e-05 -5.53485703267945e-09 1.20269493524507e-09 2.40751022178563e-08 3.30238301256972e-08 -3.19854410465952e-04 3.61063785569061e-08 -3.64773689219867e-08 -3.17702652909902e-10 3.51111709349395e-10 -1.48669702332334e-08 5.19411607401135e-05 -1.08516796738111e-08 -3.16382155652474e-09 4.11056892591414e-10 -8.90621378653344e-04 -4.17383106717805e-06 -8.56854763637144e-03 8.20496158681505e-04 -1.47738498687911e-08 1.29189930599468e-08 -2.54393696658012e-04 2.97685995664661e-07 -1.20320752040840e-06 -9.26355905048622e-03 1.70570959439583e-08 6.99412899651314e-09 9.81028726375569e-04 -3.61328527433680e-09 -8.41519607459610e-09 -3.60272183021330e-05 -3.31598812033854e-09 6.35503985792306e-09 -3.92683008407794e-09 -1.81786807430155e-08 -2.69631436527254e-04 -1.48557030008893e-08 8.34886222659762e-09 -2.27602264822031e-10 -2.17131634231873e-09 -2.29469816655498e-09 -1.56932105356446e-04 -5.16484613931122e-09 -6.32360707376579e-09 1.02654595196929e-10
 -1.42186062894368e-02 1.35649713214574e-02 1.94033338279270e+00 1.75824092819501e-02 -2.78844940758695e-06 -1.56762252696768e-06 -1.78728466451577e-02 9.21113096437991e-06 2.12188951427245e-06 1.54618562390412e-01 -4.09121226092822e-07 -5.93077854832155e-07 2.88786724092805e-02 5.96711072158175e-08 -4.52786339407841e-08 1.75814311481159e-03 -5.42220749909535e-07 -2.41140165816125e-07 2.23510800052382e-06 5.94929910354265e-07 6.10268131252594e-03 5.68439065568159e-07 -3.76963293921891e-06 6.31609398292649e-08 8.68852103631734e-08 -6.33574257093772e-07 -9.34492083929111e-04 -2.47491319034917e-07 -3.37600732842268e-07 3.95840828271837e-08 -6.68138533496392e-04 -8.56315351318465e-03 -1.41032006839547e-01 -2.10246427189318e-02 -5.35941273805128e-07 4.71185668130116e-07 -1.70281972758916e-02 -1.13502685553803e-06 1.82450834909317e-06 4.83124718597602e-02 -1.55356359407563e-06 7.37520810155832e-07 6.45950365013274e-03 1.51071473351143e-07 -4.09233294648631e-07 6.83366527245688e-03 9.79324036657044e-08 3.65872659759387e-07 -4.67407036705791e-07 6.91336504174357e-07 1.07173606822884e-02 5.97795091465648e-07 3.31375905157771e-07 -2.21645066140858e-08 -4.21422579056641e-07 1.68624223233585e-07 -9.04220770238054e-03 4.54432796120940e-07 -2.87721965423354e-07 3.48598562180045e-08
 1.96039244665201e-03 1.24387219282072e-03 1.75824092819501e-02 1.01864616176333e-02 7.95763026575681e-08 -8.35406723467357e-08 3.79696803858224e-04 -8.04216914471734e-06 1.77329847102880e-06 9.82362961102580e-02 -2.00756928791026e-07 4.67437121709184e-08 -7.51911614915413e-03 -3.37516985692500e-08 4.45514383512691e-09 -7.62136727951311e-04 -3.46478030166550e-08 2.37873946178054e-08 8.89179565915975e-08 7.31415128264929e-08 -3.07241205226452e-03 1.18108614118857e-07 -1.21344618860387e-07 -5.91444352686914e-09 1.50503655479131e-09 -1.52562974183150e-08 7.82403142180229e-04 -2.50909428548929e-08 2.03166744886261e-08 1.44506285229411e-09 -3.59037372478979e-03 8.21010147480871e-04 -2.10381457413437e-02 9.45409795840688e-03 -9.46593233109509e-08 -1.73148632191204e-08 -1.01102868133652e-03 4.35461012416924e-06 -2.88147772137165e-06 -9.44855587306737e-02 8.91476206643681e-08 1.86172146589334e-09 8.16966515269122e-03 -3.48650061182718e-08 -2.07737819696456e-08 -6.68815032940313e-04 -1.37470658571970e-08 3.33604656802547e-08 4.31634305831934e-08 -9.48341299222144e-09 -2.98499942170113e-03 -3.16349610916184e-08 -4.33456600987612e-08 6.93086328217211e-10 -7.98632242919614e-10 2.61260626463924e-08 -9.66274179696583e-04 -3.95434810890746e-08 -3.30394436975754e-08 -1.73411638241677e-09
 -6.77501365982687e-07 1.24592213838441e-08 -2.78844940758695e-06 7.95763026575681e-08 5.47306720726810e-04 2.92158236012418e-08 2.11048803202562e-08 -3.32847773870400e-02 -9.06014029301763e-07 -5.15921216725804e-07 -4.52602566346332e-04 -6.67168239047678e-08 -5.32949324259399e-08 1.87453919494397e-09 -3.79429108253490e-09 -5.54086001450779e-09 5.70774680958125e-05 7.47510510266293e-09 -1.34014791986720e-09 1.67429859252604e-08 1.91442111277337e-08 2.65099192615454e-04 -6.91689413875631e-09 4.10342120079049e-08 1.31146747974059e-09 -5.98068722310780e-09 -9.26247825733573e-10 -1.38032470265361e-04 2.22211051440436e-09 -1.31252965294719e-07 -2.97393919315546e-08 -1.91989904652203e-08 7.84329484332329e-07 -1.06801265655678e-07 -1.85260438837844e-04 -1.10783228707826e-08 4.21937163511133e-08 7.48187346757318e-03 1.88349050898786e-07 1.67385118099342e-07 4.78353013644038e-04 5.78555174152547e-08 -9.41471969737895e-08 -4.59372733552937e-10 -6.58963219268617e-09 -3.25934321374289e-09 -3.90081866454421e-05 -9.19822446384137e-10 -1.62611235564792e-09 -1.23464560667833e-09 -2.12004768074585e-08 -2.99929071165131e-04 9.00231066043697e-10 -2.88037858351907e-08 -2.31276442359893e-09 -7.73282677799490e-10 4.52263536528626e-11 -6.77964371284234e-05 3.28370833906163e-09 1.07904963023083e-07
 -4.67256290323464e-07 -7.07131460928020e-09 -1.56762252696768e-06 -8.35406723467357e-08 2.92158236012418e-08 5.47540260684260e-04 2.46409698046458e-09 -8.34252462618857e-07 -3.32907577715790e-02 -3.90308335099324e-07 -6.61444578151853e-08 -4.52877181548866e-04 3.05474360688774e-08 6.37953940511691e-09 5.70590067681694e-05 1.42987964948759e-09 -3.78981204578739e-09 -1.71889418279020e-09 -5.49307799133820e-09 2.65057768559100e-04 -1.56096868881117e-09 1.61930368317869e-08 9.28226547826905e-10 1.10789440698824e-07 1.40617882160766e-09 -1.38016914561809e-04 -3.11110886408476e-09 -5.49778523700056e-09 2.66812335344068e-09 3.65811969097544e-08 1.66949351995395e-08 4.18607738716948e-08 8.44042176637180e-07 7.98312716229812e-08 -9.98527800631047e-09 -1.85654964899822e-04 3.44442980863953e-09 1.75109341115417e-07 7.49343813533172e-03 1.90751494568026e-07 5.66511543891984e-08 4.78841332848538e-04 -1.63334319072211e-08 -1.13468180692236e-09 -3.90108254114766e-05 1.41103431745830e-09 -6.80789403721326e-09 3.36958738896481e-10 1.67968018701514e-09 -2.99837817389660e-04 4.11833229417258e-09 -5.09111137392927e-10 1.98103542369128e-09 -1.04411923349266e-07 4.98775386564005e-09 -6.77391718460573e-05 1.13538011553981e-08 -5.03891891086354e-10 3.14876686729230e-09 -3.60511192661784e-08
 4.55398551247373e-03 -1.04923040341902e-04 -1.78728466451577e-02 3.79696803858224e-04 2.11048803202562e-08 2.46409698046458e-09 3.52469286845114e-04 9.31011956225554e-08 8.57961111590925e-07 5.09846565035566e-03 1.63588321041212e-08 2.65084666888401e-08 -8.57865808686826e-04 -2.03581373632735e-09 9.51383229827852e-10 -8.85880819694275e-06 4.05262440279139e-09 8.38313116535413e-09 -1.83429051881264e-08 -7.20729527644664e-09 -1.79067210888759e-04 6.68838479193291e-09 2.84160730802043e-08 -7.77477578249171e-10 3.96208567193975e-09 9.84279795497721e-09 1.44941990793138e-04 -3.10646065544853e-10 3.90829260056295e-09 -5.66160750940688e-10 -9.23481191036438e-04 2.54434852187831e-04 1.70298045657704e-02 1.01187019715116e-03 2.80637641834160e-08 6.10293336858416e-09 2.46676134296159e-04 -1.22384919111198e-06 -7.03745847276911e-07 -8.51378233790886e-03 -7.01654316073135e-09 -2.33605677910539e-08 2.60389172344174e-04 -8.57452806433756e-10 2.97289271411745e-09 -9.49286867712659e-05 -4.47461676227061e-09 -3.29988186568597e-09 2.51311932534415e-08 -3.01385662298621e-09 -2.55153149778808e-04 -2.58138049066942e-08 -4.05611838033300e-08 8.17664542521272e-10 3.28910090848674e-09 -4.81491626930289e-09 2.37961131365433e-05 -1.72649152129511e-08 2.13567650523290e-09 -7.28266815086263e-10
 2.81634466262380e-06 -2.27362899135208e-06 9.21113096437991e-06 -8.04216914471734e-06 -3.32847773870400e-02 -8.34252462618857e-07 9.31011956225554e-08 2.05379682868950e+00 -2.01766587301644e-06 1.80460180635611e-06 2.49850839294237e-02 3.06668168191309e-06 1.90059649772841e-06 -1.16016366153940e-07 2.95845595391352e-07 3.39496280310196e-07 -3.92697072430653e-03 -4.64897395113881e-07 8.67794774534169e-08 -5.42069012596062e-07 -8.35539280063945e-07 -1.91654442395487e-02 4.51482482140213e-07 -2.38002705738532e-06 -9.15847480918446e-08 1.25210224028821e-07 1.09051824527285e-07 9.28940165685413e-03 -1.40751536248299e-07 7.48225289316056e-06 -1.84564237421183e-06 1.91742575291142e-06 -5.29170255606825e-06 6.56357501129520e-06 7.48163200411939e-03 2.42959101734788e-07 -9.65620164463467e-07 -2.14818788615442e-01 1.94874514156118e-06 1.55106109319404e-07 -2.68207014456258e-02 -2.37890275646630e-06 3.31741457789050e-06 4.02110754810519e-08 3.12421148605444e-07 -1.98450041496171e-07 2.92140547241351e-03 4.99943686283878e-08 5.67608696477062e-08 -3.80636986911046e-07 1.03500639292962e-06 2.11042211849586e-02 -7.45276786019195e-08 1.50004574468658e-06 1.20801424176402e-07 -5.33619863333449e-08 8.30121846851114e-07 5.38068099481751e-03 -1.73210140841848e-07 -5.83746146770528e-06
 6.74850058435141e-07 -8.01658612646353e-07 2.12188951427245e-06 1.77329847102880e-06 -9.06014029301763e-07 -3.32907577715790e-02 8.57961111590925e-07 -2.01766587301644e-06 2.05381076415159e+00 -4.52507543225272e-07 3.09279134228738e-06 2.49874444774710e-02 -2.01298491876525e-06 -3.95508057232779e-07 -3.92637837446183e-03 1.11826941193509e-07 2.90084010657059e-07 1.07450533334165e-07 3.60714064258113e-07 -1.91670490532797e-02 5.60528857757655e-07 -5.47685857749331e-07 -5.88062034814509e-08 -6.21143366555922e-06 -9.89048616755442e-08 9.28878798126407e-03 2.86916923348841e-07 1.15140875543999e-07 -1.66577578526819e-07 -2.03636012739177e-06 1.70247693008341e-06 -2.05956862243796e-06 3.27073183230116e-06 -5.01563490186704e-06 1.97853291673822e-07 7.49322038046533e-03 1.16252858401043e-06 2.00867208938194e-06 -2.14816244517356e-01 -1.70395697875103e-06 -2.36822901383653e-06 -2.68386685861049e-02 -1.24476150542828e-06 5.66147869591214e-08 2.92240954940332e-03 -2.32510916483899e-07 3.31107974400316e-07 -3.70441807616863e-08 -1.09561463864798e-07 2.11022181503852e-02 -5.56700132093610e-08 -3.86200628457864e-07 -6.89360282236670e-08 5.76857910585194e-06 -2.83563983477033e-07 5.37941468651844e-03 -1.00615887927188e-07 -5.91870320592811e-08 -1.73293541350879e-07 2.01641330102389e-06
 -1.10634659435281e-02 1.14110163222365e-02 1.54618562390412e-01 9.82362961102580e-02 -5.15921216725804e-07 -3.90308335099324e-07 5.09846565035566e-03 1.80460180635611e-06 -4.52507543225272e-07 9.60940941581666e-01 -6.07766218149284e-07 -5.80842000813338e-08 -7.44852779837403e-02 -3.14098615061387e-07 3.02367525214420e-08 -6.94483399381736e-03 -4.10178567939813e-07 2.53704849243209e-07 8.23614055361756e-07 5.35148208535758e-07 -2.93325032508001e-02 6.95669769276095e-07 -1.14508002013364e-06 -5.63816674750898e-08 3.95198431673714e-08 -1.02207018309240e-07 8.41996286675521e-03 8.13245811003853e-09 2.48172840045369e-07 1.26528041544140e-08 -5.08145145172857e-03 9.26987484363752e-03 -4.83254928994031e-02 9.44939259523814e-02 -8.95168868482103e-08 -6.60917260948081e-07 -8.50441361894807e-03 2.54928199656079e-06 1.24560052436386e-06 -9.41154068036715e-01 -5.42150559334393e-07 5.34135139242535e-07 7.79355322473720e-02 -3.24324691965159e-07 -1.64606640319259e-07 -6.44708476996081e-03 -9.69342964556018e-08 3.13633671589930e-07 5.92896266696016e-07 1.88447772303442e-08 -2.88804857427310e-02 8.88316510831637e-08 -7.47058773682702e-07 1.15890421357922e-08 -2.08619573056742e-08 2.95955750748568e-07 -9.39553579960611e-03 -3.77052256357382e-07 -2.79159399122468e-07 -1.96378064255061e-08
 8.93015981965140e-08 -3.78591487282767e-08 -4.09121226092822e-07 -2.00756928791026e-07 -4.52602566346332e-04 -6.61444578151853e-08 1.63588321041212e-08 2.49850839294237e-02 3.09279134228738e-06 -6.07766218149284e-07 5.92548328380176e-04 1.24682265630277e-07 8.73493572518752e-08 -1.37547266422803e-09 4.58962400748055e-09 1.59651710360593e-08 -8.03963654505761e-06 -5.29664882404997e-09 6.32905223536368e-10 -1.59863257694367e-08 -9.24771115014090e-09 4.22612836055587e-05 3.10628295354099e-09 -4.38531665035281e-08 -6.93062017745500e-11 9.76542608421375e-09 -2.35047311491202e-09 3.72571260639447e-05 -1.34951725549340e-09 1.51501694203712e-07 -1.78886903404651e-08 2.18903781693704e-08 -6.06421870239159e-08 6.70636405365787e-08 4.78430679219353e-04 5.77113980251945e-08 1.36609631639319e-08 -2.68256234903176e-02 -2.34483510638600e-06 5.36420451091945e-07 -5.90679028859502e-04 -1.26521193894621e-07 8.00020056444700e-09 -6.74614744862873e-10 6.67380566397794e-09 -1.51067366812515e-09 -1.49220873279411e-05 1.26723983553024e-09 4.97047863042486e-09 8.75870443127185e-11 2.73609656914623e-08 1.95828688755978e-06 9.48209911734301e-10 4.54408545519760e-08 3.62190501923089e-09 -3.78626401647734e-09 2.54204831896498e-08 -5.19919729552300e-05 -4.98839207550523e-09 -1.51515898811590e-07
 1.98914966781338e-07 6.40584378071253e-10 -5.93077854832155e-07 4.67437121709184e-08 -6.67168239047678e-08 -4.52877181548866e-04 2.65084666888401e-08 3.06668168191309e-06 2.49874444774710e-02 -5.80842000813338e-08 1.24682265630277e-07 5.93030675734709e-04 -4.15967493568520e-08 -4.62134379345692e-09 -7.99620136627856e-06 2.25261555980592e-09 4.38826039792728e-09 1.17082410468955e-09 2.23770120687072e-09 4.24015965231858e-05 9.03712993623169e-09 -1.51577138079603e-08 -5.43822802870762e-10 -1.36616733973972e-07 -1.33467779980254e-11 3.72201456346368e-05 7.79114619817529e-09 9.31995807953283e-09 -1.82934560023904e-09 -4.63636185306587e-08 5.10241588669321e-08 -1.38487088686839e-08 4.14676846810053e-07 -5.86520451142232e-08 5.75936853566974e-08 4.78925815471369e-04 1.95376621852162e-08 -2.38394716632487e-06 -2.68438127698883e-02 -7.28042850546752e-08 -1.26159840381387e-07 -5.91133428097828e-04 -2.83746508241526e-08 2.00002398784659e-09 -1.49375311954595e-05 -5.78610690509945e-09 6.80664269017731e-09 1.13797261572068e-09 -7.45036814488908e-10 1.75428484275087e-06 -7.93604035018490e-09 -3.67490723523311e-10 -6.06549073242866e-09 1.36067767447663e-07 -5.81232008146762e-09 -5.20794676737059e-05 8.28311324219011e-10 -4.19175366242460e-09 -4.15811948795680e-09 4.48687655134041e-08
 -4.35028680607259e-04 -6.09240094855298e-04 2.88786724092805e-02 -7.51911614915413e-03 -5.32949324259399e-08 3.05474360688774e-08 -8.57865808686826e-04 1.90059649772841e-06 -2.01298491876525e-06 -7.44852779837403e-02 8.73493572518752e-08 -4.15967493568520e-08 6.67471099159648e-03 2.62211340036197e-08 -6.80357399875252e-10 5.73947276276853e-04 2.09871593071498e-08 -2.72765878516047e-08 -1.78900699106071e-08 -1.59452448805929e-08 2.46668672079892e-03 -3.57178808989094e-08 1.22453417072002e-08 5.81131268604426e-09 -3.17432585481380e-09 -1.42192722977446e-08 -7.37385500893506e-04 -3.87524026130693e-09 -2.75750347816862e-08 -5.59298335868684e-11 1.61587723143980e-03 -9.81428699473569e-04 -6.46647445877591e-03 -8.17011079970715e-03 3.37052194934305e-08 4.57237977511813e-08 2.59639319270852e-04 -2.45772379197280e-06 7.27654363781927e-07 7.79365249110744e-02 -3.43413141548695e-08 6.85200206157444e-09 -6.07292465034609e-03 2.79526644837059e-08 2.69372493765670e-09 6.60310797416339e-04 8.48561111815883e-09 -1.64342754279121e-08 -6.54576373586970e-08 -2.70093955053898e-09 2.54435649192578e-03 7.59860992127933e-09 8.21824487329874e-08 -1.66086331192626e-09 -7.19447609286392e-09 -2.11000340439227e-08 5.67587789145721e-04 3.75319199350662e-08 1.64838461445850e-08 2.44340681659905e-09
 -2.76847542886128e-07 -4.15316697822908e-09 5.96711072158175e-08 -3.37516985692500e-08 1.87453919494397e-09 6.37953940511691e-09 -2.03581373632735e-09 -1.16016366153940e-07 -3.95508057232779e-07 -3.14098615061387e-07 -1.37547266422803e-09 -4.62134379345692e-09 2.62211340036197e-08 2.44525791114000e-13 7.82297359529462e-10 2.95364268409355e-09 2.27017389612493e-10 -1.59581803309900e-13 -2.71501654576719e-13 3.87282078200065e-09 1.10735530827420e-08 1.11706590531395e-09 2.17920933056369e-13 1.31266037159764e-12 -1.97000808650538e-14 -1.83870956311154e-09 -2.14498166730401e-09 -5.34384955792124e-10 1.73383571941896e-13 -3.71983633085345e-14 -1.26074464377898e-08 -2.40243590952162e-09 1.68967958247755e-07 -3.09561406535529e-08 -3.73880120391822e-10 -1.18683419177228e-09 3.16604743069363e-09 9.08692037359750e-09 2.53760705151377e-08 3.04067349436648e-07 1.48228974728210e-09 4.99376592237284e-09 -2.78363244844707e-08 1.37459041013760e-13 -5.96073169338968e-10 2.73561145399221e-09 -1.71407428494816e-10 -1.11944208686033e-13 -4.44108664655879e-14 -4.23193213292910e-09 1.07637857686052e-08 -1.22424601075565e-09 -2.47712849675642e-14 -1.14870094169382e-12 2.31218697883706e-14 -1.11361220608616e-09 2.60060766898202e-09 -3.18626230353580e-10 1.29241507607753e-13 -4.91490436497294e-14
 2.89552372225045e-07 4.17644016048575e-09 -4.52786339407841e-08 4.45514383512691e-09 -3.79429108253490e-09 5.70590067681694e-05 9.51383229827852e-10 2.95845595391352e-07 -3.92637837446183e-03 3.02367525214420e-08 4.58962400748055e-09 -7.99620136627856e-06 -6.80357399875252e-10 7.82297359529462e-10 1.29796541905955e-05 -2.89043870100664e-10 -1.61390756277849e-10 -2.24078679726529e-10 -9.85497768408818e-10 7.45683040320238e-05 -1.75966733393244e-09 1.26187274505448e-09 1.35843333716593e-10 3.47410458519905e-09 3.52912267654701e-10 -2.81877079516969e-05 3.24860565436136e-10 2.28140752292549e-10 3.45414263614301e-10 9.21690283563899e-10 -7.50169614778155e-08 5.32621472239254e-09 3.21938684043201e-08 1.22452437738460e-08 6.92535684102998e-09 3.90359183290243e-05 -1.91840181259359e-09 -3.33511362900739e-07 -2.92373958051864e-03 -3.57485669908182e-08 -7.25988168935921e-09 1.48958003045031e-05 3.39173288074044e-09 7.22134610520253e-11 -1.25354030010619e-05 -8.40052848869586e-11 -4.65848616861515e-10 2.89445469991513e-10 2.90354819328490e-10 -7.54313946409070e-05 -1.67458975724746e-09 -1.64843009570693e-10 -5.87481420738180e-10 -1.96150445063656e-09 2.17014480374237e-10 -2.64574878216989e-05 8.02668025962642e-12 -7.73281221845569e-10 4.91536997627410e-11 -1.05599305164975e-09
 3.35896248994192e-04 -8.92045112714934e-05 1.75814311481159e-03 -7.62136727951311e-04 -5.54086001450779e-09 1.42987964948759e-09 -8.85880819694275e-06 3.39496280310196e-07 1.11826941193509e-07 -6.94483399381736e-03 1.59651710360593e-08 2.25261555980592e-09 5.73947276276853e-04 2.95364268409355e-09 -2.89043870100664e-10 7.77088996580746e-05 3.30444910082700e-09 -9.92085598661572e-10 -3.83701504798277e-09 -5.23471388865154e-09 2.62834641862914e-04 -2.27170586964229e-09 3.01463446433757e-09 6.08272628960341e-10 1.32671204816406e-09 1.48289831480071e-09 -3.19736512313248e-05 -1.23362301671479e-09 -1.59668785203394e-09 -1.21776086548446e-10 -6.42358033892356e-05 -3.61377291054156e-05 6.83255684538498e-03 -6.69150477175015e-04 1.32084782799457e-08 7.28064679373981e-09 9.48369696813868e-05 -7.31491135582349e-07 -3.79045099175940e-08 6.44931773957874e-03 -1.12923741326268e-08 -5.10321659235333e-09 -6.60482538136873e-04 3.78155432561752e-09 8.21804434243160e-10 6.52509710488564e-05 -3.15421779350406e-10 -2.56259203602940e-09 1.78846345151628e-09 2.15679573163058e-09 2.51639365834776e-04 -7.34142951090774e-09 -7.36606791473778e-09 9.40770638570379e-11 -8.35163745141165e-10 -3.65607386867332e-09 5.64380419901383e-05 -8.79518496467091e-10 2.38953268145008e-09 9.51450131107104e-11
 -8.28243353158887e-07 -5.53485703267945e-09 -5.42220749909535e-07 -3.46478030166550e-08 5.70774680958125e-05 -3.78981204578739e-09 4.05262440279139e-09 -3.92697072430653e-03 2.90084010657059e-07 -4.10178567939813e-07 -8.03963654505761e-06 4.38826039792728e-09 2.09871593071498e-08 2.27017389612493e-10 -1.61390756277849e-10 3.30444910082700e-09 1.29789336200192e-05 9.38048857768066e-10 -2.24975045290632e-10 1.04069194391232e-09 1.03753071618081e-08 7.45637039181650e-05 -1.19044941622161e-09 2.49988064188253e-09 3.18776915059207e-10 2.59247184614323e-10 -2.11969488994173e-09 -2.81910693722091e-05 3.19743312590268e-10 -5.97992978826290e-09 -1.63006732470541e-07 -3.33801084658355e-09 2.64639244379596e-07 -3.51126417471723e-08 3.90327995147713e-05 6.50101897928777e-09 1.32978809984561e-08 -2.92273277271699e-03 -3.11646925225647e-07 3.25977077611696e-07 1.48812462521445e-05 -6.98304404786711e-09 -3.79714326980829e-08 -2.36969284730348e-10 -3.98339566602084e-10 1.22790953669403e-09 -1.25333353373886e-05 -5.13057678407571e-12 4.80841913428352e-10 -5.77138367368688e-11 6.97013463632270e-09 -7.54299572535359e-05 3.97677649016322e-10 8.75191888637681e-10 6.54906219824257e-11 -6.88820904594285e-10 5.14045049584697e-09 -2.64582837723150e-05 -6.54334796671378e-11 7.81988287444697e-11
 6.67156128665787e-07 1.20269493524507e-09 -2.41140165816125e-07 2.37873946178054e-08 7.47510510266293e-09 -1.71889418279020e-09 8.38313116535413e-09 -4.64897395113881e-07 1.07450533334165e-07 2.53704849243209e-07 -5.29664882404997e-09 1.17082410468955e-09 -2.72765878516047e-08 -1.59581803309900e-13 -2.24078679726529e-10 -9.92085598661572e-10 9.38048857768066e-10 5.06107464060329e-13 -9.37583089984971e-14 -1.13239987609847e-09 -7.64495188802187e-09 4.68092999493903e-09 -1.90047125326334e-14 2.04624762707357e-13 2.55858771076225e-13 5.21593076386249e-10 4.27692078516191e-09 -2.19678319746524e-09 -3.13745819974812e-13 -1.73089013288312e-12 7.22451140507503e-08 6.11664643051613e-09 3.45170457044055e-07 3.29416192816061e-08 -1.21159656442956e-09 2.09349575741757e-10 3.00992905754582e-09 1.85150845779152e-08 1.62039570210198e-10 -3.12257293994416e-07 5.74222248403047e-09 -1.27916014547269e-09 1.67806186616742e-08 -9.07620124592637e-14 1.76576453599521e-10 -2.53090540468763e-09 -7.24089577253974e-10 3.26290328892396e-14 5.90635012942959e-13 1.22399196855516e-09 -8.79728459331560e-09 -5.09425199658008e-09 -9.68758320137693e-13 -1.82807031719478e-14 -1.95778468309890e-14 3.36674996559959e-10 -1.30998307540257e-09 -1.36427544064352e-09 8.22061575859801e-14 1.30207868119790e-12
 1.32839794587110e-07 2.40751022178563e-08 2.23510800052382e-06 8.89179565915975e-08 -1.34014791986720e-09 -5.49307799133820e-09 -1.83429051881264e-08 8.67794774534169e-08 3.60714064258113e-07 8.23614055361756e-07 6.32905223536368e-10 2.23770120687072e-09 -1.78900699106071e-08 -2.71501654576719e-13 -9.85497768408818e-10 -3.83701504798277e-09 -2.24975045290632e-10 -9.37583089984971e-14 3.15849655863877e-12 -5.41559631348011e-09 -1.48674717978289e-08 -1.21140568063742e-09 -4.94772037818151e-12 -6.88537997537504e-13 6.48402116198220e-14 2.19439714643214e-09 3.24369325954348e-09 5.03065391319664e-10 -4.02109398056247e-13 8.44758536656898e-14 4.55958800166615e-09 -5.26530145012462e-09 -4.94457186125398e-07 3.78683409524103e-08 -2.51391426001427e-10 -1.56871997341350e-09 -2.70351348572138e-08 2.63436371015454e-08 1.42538408923564e-07 -5.57834574405569e-07 -7.48524240003961e-10 -2.74400132580434e-09 6.41024813102350e-08 -1.05448750263722e-13 8.88347694443908e-10 2.79346258689467e-09 1.97332433165929e-10 6.40865106374832e-13 -4.52914345363641e-13 5.60391714914911e-09 -8.77648398212662e-09 1.26518781865100e-09 4.85470559971971e-13 5.20424262168832e-13 -4.91331456203610e-13 1.81961273080067e-09 -1.62916834866635e-08 3.99472927042830e-10 -5.55809222801290e-13 1.03417707569539e-13
 -2.29575796970971e-07 3.30238301256972e-08 5.94929910354265e-07 7.31415128264929e-08 1.67429859252604e-08 2.65057768559100e-04 -7.20729527644664e-09 -5.42069012596062e-07 -1.91670490532797e-02 5.35148208535758e-07 -1.59863257694367e-08 4.24015965231858e-05 -1.59452448805929e-08 3.87282078200065e-09 7.45683040320238e-05 -5.23471388865154e-09 1.04069194391232e-09 -1.13239987609847e-09 -5.41559631348011e-09 4.41665652266000e-04 -1.81941796083501e-08 3.55675065907748e-09 7.09213210729866e-10 -2.36472394366918e-10 2.05757992064353e-09 -1.58956366981891e-04 1.71009809047444e-09 -2.18760514667094e-09 1.74303894435940e-09 -1.59973595814500e-09 2.59169397185325e-08 2.49702096578398e-08 -4.87703113694491e-07 7.84490955112148e-08 1.14572824905706e-09 2.99814282181910e-04 -2.61097603480707e-08 3.54692889024738e-07 -2.10997274966364e-02 -4.16967289653215e-07 2.42142525181810e-10 -1.83983144165913e-06 5.20703086450311e-08 7.21795890783964e-10 -7.54198696808560e-05 -6.89095595868873e-10 -6.31807840804201e-10 1.86085934647706e-09 1.58188104982492e-09 -4.40071278112672e-04 -1.71044686085840e-08 -4.08401300212692e-09 -4.33940032301960e-09 8.98382574704299e-09 3.93099482761745e-10 -1.62269916772100e-04 -7.18419499483613e-09 -7.78362860845644e-10 -3.37089334856747e-10 5.91054501395811e-10
 2.75437411919502e-05 -3.19854410465952e-04 6.10268131252594e-03 -3.07241205226452e-03 1.91442111277337e-08 -1.56096868881117e-09 -1.79067210888759e-04 -8.35539280063945e-07 5.60528857757655e-07 -2.93325032508001e-02 -9.24771115014090e-09 9.03712993623169e-09 2.46668672079892e-03 1.10735530827420e-08 -1.75966733393244e-09 2.62834641862914e-04 1.03753071618081e-08 -7.64495188802187e-09 -1.48674717978289e-08 -1.81941796083501e-08 1.00843845398325e-03 -2.96845670036984e-08 1.49966498836420e-08 2.26746851107462e-09 1.31424472693468e-09 3.42765557043993e-09 -2.21776886161837e-04 -1.77237997321762e-09 -8.06851473493791e-09 -3.05522010101316e-10 4.89294697495972e-04 -2.69900478551195e-04 1.07188016969874e-02 -2.98563496378980e-03 -2.23698169865696e-08 2.98946939534883e-08 2.54867601162067e-04 1.31929735411357e-06 -2.81623853084993e-07 2.88839485277374e-02 3.16797916888183e-08 -2.26333255396158e-08 -2.54468561790633e-03 1.26247251258761e-08 3.37293892371287e-09 2.51603319457691e-04 4.71634448632076e-09 -8.82442105782157e-09 -1.08740524641779e-08 7.33602000384285e-09 9.97964704754598e-04 2.47018877272928e-11 5.18220936064396e-09 -1.76868873008197e-10 -2.38853427940790e-09 -1.07351351219876e-08 2.43877956610562e-04 1.57097470685310e-08 8.62013038260071e-09 6.76983005944054e-10
 4.32231457146048e-07 3.61063785569061e-08 5.68439065568159e-07 1.18108614118857e-07 2.65099192615454e-04 1.61930368317869e-08 6.68838479193291e-09 -1.91654442395487e-02 -5.47685857749331e-07 6.95669769276095e-07 4.22612836055587e-05 -1.51577138079603e-08 -3.57178808989094e-08 1.11706590531395e-09 1.26187274505448e-09 -2.27170586964229e-09 7.45637039181650e-05 4.68092999493903e-09 -1.21140568063742e-09 3.55675065907748e-09 -2.96845670036984e-08 4.41681497902927e-04 -6.49361268982836e-09 8.00721657788399e-09 1.85188478351179e-09 -2.28283533372045e-09 2.59228152497426e-09 -1.58977375326753e-04 1.65965155787484e-09 -1.21013383028478e-08 1.40834715938210e-07 -1.62232372175140e-08 -7.63711440429085e-07 3.04755795923983e-08 2.99902247759989e-04 1.06052911595558e-09 8.02431723536728e-09 -2.11017349998971e-02 3.41773311924969e-07 -6.13589704749573e-07 -2.03703463390053e-06 -7.49714881698166e-11 5.05999608169158e-08 -1.48658702514654e-09 -5.24730903925569e-10 -2.93637692116755e-09 -7.54187204910258e-05 1.63037447333013e-10 3.55477355882573e-09 -4.65597131150546e-09 -2.94731638438539e-08 -4.40082334017846e-04 2.46675220307504e-09 1.19362062081229e-08 9.27206159002526e-10 -8.58169673161274e-10 -9.60528973473290e-09 -1.62295980621304e-04 -1.13328792090377e-09 -2.23562006966324e-08
 -3.88002259860869e-07 -3.64773689219867e-08 -3.76963293921891e-06 -1.21344618860387e-07 -6.91689413875631e-09 9.28226547826905e-10 2.84160730802043e-08 4.51482482140213e-07 -5.88062034814509e-08 -1.14508002013364e-06 3.10628295354099e-09 -5.43822802870762e-10 1.22453417072002e-08 2.17920933056369e-13 1.35843333716593e-10 3.01463446433757e-09 -1.19044941622161e-09 -1.90047125326334e-14 -4.94772037818151e-12 7.09213210729866e-10 1.49966498836420e-08 -6.49361268982836e-09 8.29131661749997e-12 -3.26372544408265e-13 -3.19370132412834e-13 -3.09122957842884e-10 -5.54677772454500e-09 2.66921931665485e-09 7.11645326840702e-13 1.11012240755919e-12 -7.43256385337178e-08 8.17004257394195e-09 3.58811870514469e-07 -4.37805017945700e-08 -1.55928783418678e-09 1.31897838868584e-11 3.99038435548519e-08 1.53085583288945e-07 -8.10512193698967e-09 7.43369147302316e-07 -3.70539197211387e-09 6.10707076090028e-10 -8.20295589371963e-08 5.53290920838029e-14 -1.12391515885892e-10 -6.99129849488121e-09 1.05960999112207e-09 -1.00235906362799e-12 3.68095985553047e-13 -7.55484989310402e-10 5.75535482126390e-09 6.74608435024423e-09 -5.89544590670369e-14 1.20664219182915e-14 8.39794713359619e-13 -2.23707520843211e-10 2.52477156800678e-08 2.15398874166939e-09 7.25205151989435e-13 -7.12424366091860e-13
 4.42229838035387e-09 -3.17702652909902e-10 6.31609398292649e-08 -5.91444352686914e-09 4.10342120079049e-08 1.10789440698824e-07 -7.77477578249171e-10 -2.38002705738532e-06 -6.21143366555922e-06 -5.63816674750898e-08 -4.38531665035281e-08 -1.36616733973972e-07 5.81131268604426e-09 1.31266037159764e-12 3.47410458519905e-09 6.08272628960341e-10 2.49988064188253e-09 2.04624762707357e-13 -6.88537997537504e-13 -2.36472394366918e-10 2.26746851107462e-09 8.00721657788399e-09 -3.26372544408265e-13 3.52094911223348e-11 1.07550645577878e-13 -1.20858638572797e-08 -4.51932593539720e-10 -6.85845574895492e-09 5.78341308109321e-13 -1.06841185265825e-12 6.92430860873396e-10 -7.36090169529568e-10 2.46287809963568e-08 -6.63351490238441e-09 -2.86543244284846e-08 -1.04556968092660e-07 1.33332808507503e-10 1.49771780555048e-06 5.76705453089101e-06 6.01393139947507e-08 4.47320412032712e-08 1.37057709789272e-07 -5.15617739642271e-09 -4.03696896111093e-13 1.82505092063188e-09 7.03851938467055e-10 -7.84383403938621e-10 -3.24662611388274e-13 -1.07288926221341e-13 -9.96777130704865e-09 2.35413600623423e-09 -1.13135100523399e-08 1.30954069804044e-12 -3.45007819875369e-11 1.08941400402240e-12 8.55242673565030e-09 2.66007648382403e-10 -1.77229224851554e-10 1.31700610086185e-12 5.22484422972603e-13
 5.03464661730285e-07 3.51111709349395e-10 8.68852103631734e-08 1.50503655479131e-09 1.31146747974059e-09 1.40617882160766e-09 3.96208567193975e-09 -9.15847480918446e-08 -9.89048616755442e-08 3.95198431673714e-08 -6.93062017745500e-11 -1.33467779980254e-11 -3.17432585481380e-09 -1.97000808650538e-14 3.52912267654701e-10 1.32671204816406e-09 3.18776915059207e-10 2.55858771076225e-13 6.48402116198220e-14 2.05757992064353e-09 1.31424472693468e-09 1.85188478351179e-09 -3.19370132412834e-13 1.07550645577878e-13 2.37366914282382e-13 -7.59407441297321e-10 2.30002466740256e-09 -6.88444687032746e-10 -3.13127663485355e-13 -1.15914893592082e-13 -5.02946761257074e-09 2.57250430556843e-09 4.02209190509431e-07 5.88026897284806e-09 1.06919294550065e-09 1.23567621909363e-09 2.66078207919638e-09 -7.80876339397307e-08 -8.94119358776313e-08 -7.14498113279935e-08 2.38533221847611e-10 2.03045093693478e-10 -2.64330955477100e-09 5.76085714150405e-14 -3.48652968338085e-10 4.64038800887219e-10 -3.13001886404494e-10 6.60411378502241e-15 4.49245985218666e-13 -2.06594660794359e-09 7.40669406551694e-10 -1.86380466556105e-09 -8.64941834283607e-13 3.75363039559614e-14 -3.34386606836406e-14 -7.43043283566769e-10 -6.53940938346202e-10 -6.65296955427900e-10 1.88074630832527e-14 -4.99811715955850e-14
 -3.93601141450177e-07 -1.48669702332334e-08 -6.33574257093772e-07 -1.52562974183150e-08 -5.98068722310780e-09 -1.38016914561809e-04 9.84279795497721e-09 1.25210224028821e-07 9.28878798126407e-03 -1.02207018309240e-07 9.76542608421375e-09 3.72201456346368e-05 -1.42192722977446e-08 -1.83870956311154e-09 -2.81877079516969e-05 1.48289831480071e-09 2.59247184614323e-10 5.21593076386249e-10 2.19439714643214e-09 -1.58956366981891e-04 3.42765557043993e-09 -2.28283533372045e-09 -3.09122957842884e-10 -1.20858638572797e-08 -7.59407441297321e-10 6.18851160179710e-05 2.32566380431421e-09 8.51933321563229e-10 -8.04714286570191e-10 -3.54379660311479e-09 -7.63868546935865e-08 -5.97924675642144e-09 4.43546518591107e-07 -1.44451121682615e-08 -5.89570588338612e-10 -6.77928377258333e-05 1.52738147443499e-08 -5.47091456418224e-08 5.38235853746818e-03 -9.36794121788085e-09 -4.03694485803639e-09 -5.19963399890365e-05 -1.49292689887906e-08 -8.77471665669926e-11 2.64579123812495e-05 -2.26318379231812e-09 8.69846769080033e-10 -5.84352412326101e-10 -6.48923423076464e-10 1.62303515816272e-04 1.01608278856598e-10 5.50148392785744e-10 1.05784911722879e-09 8.81394212825591e-09 -6.62716757458704e-10 5.51487776717012e-05 3.16758381972555e-09 2.24455891969632e-10 -2.46262717553725e-10 3.78216479857471e-09
 1.88948633582633e-04 5.19411607401135e-05 -9.34492083929111e-04 7.82403142180229e-04 -9.26247825733573e-10 -3.11110886408476e-09 1.44941990793138e-04 1.09051824527285e-07 2.86916923348841e-07 8.41996286675521e-03 -2.35047311491202e-09 7.79114619817529e-09 -7.37385500893506e-04 -2.14498166730401e-09 3.24860565436136e-10 -3.19736512313248e-05 -2.11969488994173e-09 4.27692078516191e-09 3.24369325954348e-09 1.71009809047444e-09 -2.21776886161837e-04 2.59228152497426e-09 -5.54677772454500e-09 -4.51932593539720e-10 2.30002466740256e-09 2.32566380431421e-09 1.21552265084232e-04 1.09453829503624e-10 3.77329509355446e-09 -5.69479839896520e-11 -3.95966842637806e-04 1.56938392544695e-04 9.04773352434670e-03 9.66115563182368e-04 4.07820631959943e-09 -9.09447399109437e-10 2.38847291176393e-05 -1.14941405448496e-07 -2.22543411073188e-07 -9.39451725495695e-03 -7.43618794067023e-09 -2.99213707581741e-09 5.67372135694921e-04 -1.45305380672893e-09 -8.38425590015486e-10 -5.63946323300046e-05 -1.44576166272796e-09 1.23272186995383e-09 1.54795989333739e-08 7.88493613882798e-10 -2.43768303873973e-04 -5.73346653722056e-09 -2.57709663057165e-08 4.30181388053185e-10 -1.28221074354587e-10 -3.41804612393598e-10 -7.35376953913761e-05 -7.08027466025834e-09 -1.28717343425305e-09 -3.60695121828388e-10
 4.41137942681376e-07 -1.08516796738111e-08 -2.47491319034917e-07 -2.50909428548929e-08 -1.38032470265361e-04 -5.49778523700056e-09 -3.10646065544853e-10 9.28940165685413e-03 1.15140875543999e-07 8.13245811003853e-09 3.72571260639447e-05 9.31995807953283e-09 -3.87524026130693e-09 -5.34384955792124e-10 2.28140752292549e-10 -1.23362301671479e-09 -2.81910693722091e-05 -2.19678319746524e-09 5.03065391319664e-10 -2.18760514667094e-09 -1.77237997321762e-09 -1.58977375326753e-04 2.66921931665485e-09 -6.85845574895492e-09 -6.88444687032746e-10 8.51933321563229e-10 1.09453829503624e-10 6.18996544347727e-05 -7.32227697002833e-10 1.79667601703467e-08 -6.54039709826685e-08 8.62215168936002e-09 -8.15576040787816e-08 2.27134516655179e-08 -6.78493876497064e-05 -5.55442277726416e-10 -6.80030317482103e-09 5.38364439839221e-03 -4.79118608905961e-08 -1.14537271156388e-08 -5.19117898618050e-05 -3.79547598629752e-09 1.23870378864989e-08 4.87417629114444e-10 7.91849194038764e-10 -1.79014993339342e-09 2.64589471024707e-05 5.30517344883635e-11 -8.66801210016672e-10 6.21873260496175e-10 2.35583590695536e-09 1.62330561084079e-04 -8.23901968233331e-10 -3.48494922852327e-10 -1.86291988506603e-11 2.38171393362197e-10 2.98153920712162e-09 5.51653907796858e-05 -2.72512753495141e-11 -5.27153597682833e-09
 -1.51775107548631e-06 -3.16382155652474e-09 -3.37600732842268e-07 2.03166744886261e-08 2.22211051440436e-09 2.66812335344068e-09 3.90829260056295e-09 -1.40751536248299e-07 -1.66577578526819e-07 2.48172840045369e-07 -1.34951725549340e-09 -1.82934560023904e-09 -2.75750347816862e-08 1.73383571941896e-13 3.45414263614301e-10 -1.59668785203394e-09 3.19743312590268e-10 -3.13745819974812e-13 -4.02109398056247e-13 1.74303894435940e-09 -8.06851473493791e-09 1.65965155787484e-09 7.11645326840702e-13 5.78341308109321e-13 -3.13127663485355e-13 -8.04714286570191e-10 3.77329509355446e-09 -7.32227697002833e-10 1.35704384847665e-12 -2.72297235734269e-13 7.88774354081240e-09 6.98713514690981e-09 2.96088080326524e-07 3.65229211347833e-08 -2.51394901921382e-11 -3.43125483078042e-10 2.68559601518270e-09 -1.57419146010377e-08 8.67375814619750e-10 -3.06375535391151e-07 1.50561245943502e-09 1.99619065728171e-09 1.82079519459169e-08 -7.67798430222982e-14 -2.71450311777560e-10 -2.85823081633197e-09 -2.63798488871945e-10 -6.69425367186975e-14 5.57804105875756e-13 -1.88582112846112e-09 -9.85421443338513e-09 -1.76717897688986e-09 -7.78620480367083e-13 -4.75216682194702e-13 7.10819119453387e-14 -5.16561340082347e-10 -1.13551318178035e-09 -5.16870069021026e-10 4.70641658145458e-14 1.32813668112164e-13
 -2.89094245081529e-08 4.11056892591414e-10 3.95840828271837e-08 1.44506285229411e-09 -1.31252965294719e-07 3.65811969097544e-08 -5.66160750940688e-10 7.48225289316056e-06 -2.03636012739177e-06 1.26528041544140e-08 1.51501694203712e-07 -4.63636185306587e-08 -5.59298335868684e-11 -3.71983633085345e-14 9.21690283563899e-10 -1.21776086548446e-10 -5.97992978826290e-09 -1.73089013288312e-12 8.44758536656898e-14 -1.59973595814500e-09 -3.05522010101316e-10 -1.21013383028478e-08 1.11012240755919e-12 -1.06841185265825e-12 -1.15914893592082e-13 -3.54379660311479e-09 -5.69479839896520e-11 1.79667601703467e-08 -2.72297235734269e-13 4.35701565490577e-11 6.67433760914809e-10 -2.23083061466934e-10 -2.79318251591131e-08 3.58522510013660e-10 1.08447885109600e-07 -3.64120953061433e-08 -6.40688452294805e-10 -5.85690316524807e-06 2.02424812715792e-06 -6.00655456577269e-09 -1.53117387843885e-07 4.63742066742237e-08 1.25984136831066e-09 -2.56004200241417e-13 8.78531514440622e-10 4.46179801872766e-11 6.69817259491304e-11 2.50463381265657e-13 1.13970327402769e-12 -1.86503673078517e-09 -1.52017714990347e-10 2.34905066555849e-08 6.25942326079461e-13 5.15374890200921e-13 1.34176507919336e-12 3.45120054788908e-09 -2.69160024710097e-10 -5.01179870291227e-09 -9.20509818609688e-13 -4.16584542146512e-11
 1.56821090036152e-03 -8.90621378653344e-04 -6.68138533496392e-04 -3.59037372478979e-03 -2.97393919315546e-08 1.66949351995395e-08 -9.23481191036438e-04 -1.84564237421183e-06 1.70247693008341e-06 -5.08145145172857e-03 -1.78886903404651e-08 5.10241588669321e-08 1.61587723143980e-03 -1.26074464377898e-08 -7.50169614778155e-08 -6.42358033892356e-05 -1.63006732470541e-07 7.22451140507503e-08 4.55958800166615e-09 2.59169397185325e-08 4.89294697495972e-04 1.40834715938210e-07 -7.43256385337178e-08 6.92430860873396e-10 -5.02946761257074e-09 -7.63868546935865e-08 -3.95966842637806e-04 -6.54039709826685e-08 7.88774354081240e-09 6.67433760914809e-10 1.99556125511206e+00 3.40343289875770e-03 -1.42015554485191e-02 1.95712006704046e-03 7.09129356812110e-08 2.24997156995241e-09 -4.55537641369014e-03 6.22314388255571e-07 6.58616477567565e-08 1.10679948816969e-02 -5.91008410828045e-09 2.27909060127166e-08 4.40991442220999e-04 -5.03386563413713e-07 -4.27943645175552e-08 3.30812722705496e-04 -2.27316127694175e-07 5.89122799850415e-07 2.32806050921804e-07 5.90832055573371e-08 3.32978684740865e-05 1.62299360304919e-07 -3.49099867361634e-07 -2.14398635431997e-08 -5.16362251707262e-07 -2.13542026571031e-07 -1.73334850516698e-04 3.11006309271826e-07 1.50173307058665e-06 2.44853097075659e-08
 -8.96514746850214e-04 -4.17383106717805e-06 -8.56315351318465e-03 8.21010147480871e-04 -1.91989904652203e-08 4.18607738716948e-08 2.54434852187831e-04 1.91742575291142e-06 -2.05956862243796e-06 9.26987484363752e-03 2.18903781693704e-08 -1.38487088686839e-08 -9.81428699473569e-04 -2.40243590952162e-09 5.32621472239254e-09 -3.61377291054156e-05 -3.33801084658355e-09 6.11664643051613e-09 -5.26530145012462e-09 2.49702096578398e-08 -2.69900478551195e-04 -1.62232372175140e-08 8.17004257394195e-09 -7.36090169529568e-10 2.57250430556843e-09 -5.97924675642144e-09 1.56938392544695e-04 8.62215168936002e-09 6.98713514690981e-09 -2.23083061466934e-10 3.40343289875770e-03 2.40894974505630e-04 1.35545261177483e-02 1.24426723404476e-03 1.53868514085035e-08 -6.73194079853696e-09 1.04813793733309e-04 -3.99357446062431e-07 -3.04418150248705e-07 -1.14160119115410e-02 -2.79760215192199e-08 2.16638422754896e-08 6.09892470668109e-04 -2.84938548645403e-09 -3.40880734233251e-09 -8.92438573616494e-05 -1.85255261072396e-10 8.61339251967183e-10 2.29128630008608e-08 -2.90485439569665e-08 -3.20016033869131e-04 7.76241185832554e-09 -3.70127693815954e-08 6.20324730929260e-10 3.29077485602883e-10 -9.74318835022257e-09 -5.20025103543072e-05 -5.81476248844376e-09 2.80923415242486e-09 -5.53158988130066e-10
 -6.55386138045127e-04 -8.56854763637144e-03 -1.41032006839547e-01 -2.10381457413437e-02 7.84329484332329e-07 8.44042176637180e-07 1.70298045657704e-02 -5.29170255606825e-06 3.27073183230116e-06 -4.83254928994031e-02 -6.06421870239159e-08 4.14676846810053e-07 -6.46647445877591e-03 1.68967958247755e-07 3.21938684043201e-08 6.83255684538498e-03 2.64639244379596e-07 3.45170457044055e-07 -4.94457186125398e-07 -4.87703113694491e-07 1.07188016969874e-02 -7.63711440429085e-07 3.58811870514469e-07 2.46287809963568e-08 4.02209190509431e-07 4.43546518591107e-07 9.04773352434670e-03 -8.15576040787816e-08 2.96088080326524e-07 -2.79318251591131e-08 -1.42015554485191e-02 1.35545261177483e-02 1.94036758539080e+00 1.75670568738222e-02 3.79066845202852e-07 2.63749087745756e-07 1.78687690020299e-02 1.85903625478660e-06 -1.75803524950989e-07 -1.54604806146046e-01 -1.46815820658888e-07 -2.87074064374492e-07 -2.88846196358323e-02 3.25828227979533e-07 7.17773434348932e-08 1.75658281383825e-03 -8.43699937272609e-08 -2.58534084323590e-07 2.00704391657460e-06 1.04282252640142e-07 6.10054150315226e-03 -1.22079064623349e-06 -3.87263618034729e-06 6.22578708521677e-08 -7.72756509743045e-08 -5.51863305716116e-07 9.38871554808552e-04 -5.97811833579232e-07 2.55100146107223e-07 -3.05187395522292e-08
 -3.58861786568088e-03 8.20496158681505e-04 -2.10246427189318e-02 9.45409795840688e-03 -1.06801265655678e-07 7.98312716229812e-08 1.01187019715116e-03 6.56357501129520e-06 -5.01563490186704e-06 9.44939259523814e-02 6.70636405365787e-08 -5.86520451142232e-08 -8.17011079970715e-03 -3.09561406535529e-08 1.22452437738460e-08 -6.69150477175015e-04 -3.51126417471723e-08 3.29416192816061e-08 3.78683409524103e-08 7.84490955112148e-08 -2.98563496378980e-03 3.04755795923983e-08 -4.37805017945700e-08 -6.63351490238441e-09 5.88026897284806e-09 -1.44451121682615e-08 9.66115563182368e-04 2.27134516655179e-08 3.65229211347833e-08 3.58522510013660e-10 1.95712006704046e-03 1.24426723404476e-03 1.75670568738222e-02 1.01876290165143e-02 8.48743647712728e-08 -1.01000593652124e-07 -3.79107453862328e-04 -3.90144151616283e-06 1.21285598292610e-06 -9.82440687977854e-02 -1.53096953577252e-07 1.09649835685369e-07 7.52009076488950e-03 -3.30528005265503e-08 -1.43377759083780e-08 -7.61995112995755e-04 -1.07570270665481e-08 2.32744874484484e-08 8.97642994683179e-08 -5.41884762779428e-08 -3.07233635737028e-03 1.66381062156695e-08 -1.22205674669761e-07 2.18729269775019e-09 4.07316724623014e-09 1.11400766476737e-08 -7.82687240366719e-04 -5.22308212722679e-08 -1.85787598885017e-08 -2.95007966291685e-09
 1.21527906703802e-08 -1.47738498687911e-08 -5.35941273805128e-07 -9.46593233109509e-08 -1.85260438837844e-04 -9.98527800631047e-09 2.80637641834160e-08 7.48163200411939e-03 1.97853291673822e-07 -8.95168868482103e-08 4.78430679219353e-04 5.75936853566974e-08 3.37052194934305e-08 -3.73880120391822e-10 6.92535684102998e-09 1.32084782799457e-08 3.90327995147713e-05 -1.21159656442956e-09 -2.51391426001427e-10 1.14572824905706e-09 -2.23698169865696e-08 2.99902247759989e-04 -1.55928783418678e-09 -2.86543244284846e-08 1.06919294550065e-09 -5.89570588338612e-10 4.07820631959943e-09 -6.78493876497064e-05 -2.51394901921382e-11 1.08447885109600e-07 7.09129356812110e-08 1.53868514085035e-08 3.79066845202852e-07 8.48743647712728e-08 5.47321600568736e-04 2.97449427339935e-08 2.73386210557573e-08 -3.32852682347946e-02 -8.73768818628745e-07 -5.64472701667337e-08 -4.52631075295617e-04 -6.70985665640882e-08 2.37555705503086e-08 -1.41621396461625e-09 3.25505352191200e-09 -4.03871379848499e-09 -5.70981857237886e-05 1.06698969048103e-09 5.95330385169571e-09 -1.61316209484385e-08 2.42469275346217e-09 -2.65140752716236e-04 2.21756594319776e-09 4.19512827852376e-08 3.33001356949928e-09 -5.69819729236372e-09 1.61996475312482e-08 -1.38064222037353e-04 -4.49837831309112e-09 -1.29335884800394e-07
 7.72200393441987e-08 1.29189930599468e-08 4.71185668130116e-07 -1.73148632191204e-08 -1.10783228707826e-08 -1.85654964899822e-04 6.10293336858416e-09 2.42959101734788e-07 7.49322038046533e-03 -6.60917260948081e-07 5.77113980251945e-08 4.78925815471369e-04 4.57237977511813e-08 -1.18683419177228e-09 3.90359183290243e-05 7.28064679373981e-09 6.50101897928777e-09 2.09349575741757e-10 -1.56871997341350e-09 2.99814282181910e-04 2.98946939534883e-08 1.06052911595558e-09 1.31897838868584e-11 -1.04556968092660e-07 1.23567621909363e-09 -6.77928377258333e-05 -9.09447399109437e-10 -5.55442277726416e-10 -3.43125483078042e-10 -3.64120953061433e-08 2.24997156995241e-09 -6.73194079853696e-09 2.63749087745756e-07 -1.01000593652124e-07 2.97449427339935e-08 5.47566049566151e-04 3.81853664737175e-09 -8.90044899923975e-07 -3.32915860179040e-02 6.63578597236341e-07 -6.73198005628873e-08 -4.52917605559354e-04 -7.19764691672847e-08 1.96607030830649e-09 -5.70797672895451e-05 4.65126827565565e-09 3.40678439411287e-09 1.99612260873944e-09 3.87631777127017e-10 -2.65100596450914e-04 1.83197683066705e-08 -1.53729655246945e-08 -7.26271119194482e-09 1.09434045747605e-07 -4.20464430044254e-09 -1.38050783477272e-04 2.67106255496079e-09 -5.73893751371141e-09 -3.38176297041532e-09 3.46579182732376e-08
 9.31686933249442e-04 -2.54393696658012e-04 -1.70281972758916e-02 -1.01102868133652e-03 4.21937163511133e-08 3.44442980863953e-09 2.46676134296159e-04 -9.65620164463467e-07 1.16252858401043e-06 -8.50441361894807e-03 1.36609631639319e-08 1.95376621852162e-08 2.59639319270852e-04 3.16604743069363e-09 -1.91840181259359e-09 9.48369696813868e-05 1.32978809984561e-08 3.00992905754582e-09 -2.70351348572138e-08 -2.61097603480707e-08 2.54867601162067e-04 8.02431723536728e-09 3.99038435548519e-08 1.33332808507503e-10 2.66078207919638e-09 1.52738147443499e-08 2.38847291176393e-05 -6.80030317482103e-09 2.68559601518270e-09 -6.40688452294805e-10 -4.55537641369014e-03 1.04813793733309e-04 1.78687690020299e-02 -3.79107453862328e-04 2.73386210557573e-08 3.81853664737175e-09 3.52251740004272e-04 -1.32289869735254e-06 9.49024660913665e-08 5.08979414055970e-03 1.00338611659878e-08 -2.44048814717124e-08 -8.57055235412613e-04 5.07514269516286e-09 7.10631833540723e-09 8.76344028950386e-06 -4.38954826215051e-09 -8.51915958162734e-09 1.57335799072511e-08 9.71507288772262e-09 1.78729545048094e-04 -3.93865789907942e-08 -2.91397557130345e-08 6.63135146323511e-10 3.85377521534363e-09 -3.46110706110461e-09 1.44819917493215e-04 -1.55229105390686e-08 2.98195899251792e-09 -4.37491243241559e-10
 -7.64805064143667e-07 2.97685995664661e-07 -1.13502685553803e-06 4.35461012416924e-06 7.48187346757318e-03 1.75109341115417e-07 -1.22384919111198e-06 -2.14818788615442e-01 2.00867208938194e-06 2.54928199656079e-06 -2.68256234903176e-02 -2.38394716632487e-06 -2.45772379197280e-06 9.08692037359750e-09 -3.33511362900739e-07 -7.31491135582349e-07 -2.92273277271699e-03 1.85150845779152e-08 2.63436371015454e-08 3.54692889024738e-07 1.31929735411357e-06 -2.11017349998971e-02 1.53085583288945e-07 1.49771780555048e-06 -7.80876339397307e-08 -5.47091456418224e-08 -1.14941405448496e-07 5.38364439839221e-03 -1.57419146010377e-08 -5.85690316524807e-06 6.22314388255571e-07 -3.99357446062431e-07 1.85903625478660e-06 -3.90144151616283e-06 -3.32852682347946e-02 -8.90044899923975e-07 -1.32289869735254e-06 2.05379632523871e+00 -2.02597717911812e-06 7.86932028755004e-07 2.49873115575203e-02 3.10521737182344e-06 -1.53795721217356e-06 9.34614776539649e-08 -2.59497917778337e-07 1.30188591047998e-07 3.92801239732978e-03 -6.05355950084845e-08 -3.65044887290469e-07 5.29154967380705e-07 -1.39001721627210e-07 1.91678470692242e-02 -1.47830341940883e-07 -2.43703129128867e-06 -1.93251621614984e-07 1.19397826242032e-07 -7.41174080039543e-07 9.29082267650265e-03 2.59825076301756e-07 7.36476386368934e-06
 1.02182621142860e-06 -1.20320752040840e-06 1.82450834909317e-06 -2.88147772137165e-06 1.88349050898786e-07 7.49343813533172e-03 -7.03745847276911e-07 1.94874514156118e-06 -2.14816244517356e-01 1.24560052436386e-06 -2.34483510638600e-06 -2.68438127698883e-02 7.27654363781927e-07 2.53760705151377e-08 -2.92373958051864e-03 -3.79045099175940e-08 -3.11646925225647e-07 1.62039570210198e-10 1.42538408923564e-07 -2.10997274966364e-02 -2.81623853084993e-07 3.41773311924969e-07 -8.10512193698967e-09 5.76705453089101e-06 -8.94119358776313e-08 5.38235853746818e-03 -2.22543411073188e-07 -4.79118608905961e-08 8.67375814619750e-10 2.02424812715792e-06 6.58616477567565e-08 -3.04418150248705e-07 -1.75803524950989e-07 1.21285598292610e-06 -8.73768818628745e-07 -3.32915860179040e-02 9.49024660913665e-08 -2.02597717911812e-06 2.05381020442004e+00 -2.18651444365791e-07 3.07516721091781e-06 2.49901970808680e-02 7.61962817062036e-07 -1.15851777257935e-07 3.92738009389310e-03 1.19539927049981e-07 -2.64163784604514e-07 -1.29310702466202e-07 -3.77491191678851e-08 1.91693265419115e-02 4.00461374171013e-07 5.01511783317955e-07 4.45334695494191e-07 -6.12643103494149e-06 2.27747819256602e-07 9.29024457148463e-03 6.47698386747429e-08 1.24864177196600e-07 1.89936735258276e-07 -1.91712600546187e-06
 5.06989798711986e-03 -9.26355905048622e-03 4.83124718597602e-02 -9.44855587306737e-02 1.67385118099342e-07 1.90751494568026e-07 -8.51378233790886e-03 1.55106109319404e-07 -1.70395697875103e-06 -9.41154068036715e-01 5.36420451091945e-07 -7.28042850546752e-08 7.79365249110744e-02 3.04067349436648e-07 -3.57485669908182e-08 6.44931773957874e-03 3.25977077611696e-07 -3.12257293994416e-07 -5.57834574405569e-07 -4.16967289653215e-07 2.88839485277374e-02 -6.13589704749573e-07 7.43369147302316e-07 6.01393139947507e-08 -7.14498113279935e-08 -9.36794121788085e-09 -9.39451725495695e-03 -1.14537271156388e-08 -3.06375535391151e-07 -6.00655456577269e-09 1.10679948816969e-02 -1.14160119115410e-02 -1.54604806146046e-01 -9.82440687977854e-02 -5.64472701667337e-08 6.63578597236341e-07 5.08979414055970e-03 7.86932028755004e-07 -2.18651444365791e-07 9.60959737407944e-01 4.37856371640786e-07 -4.00383720914976e-07 -7.44861837243318e-02 3.06143284546121e-07 1.16151172821860e-07 6.94303146626562e-03 1.22598968875366e-07 -2.51556977159078e-07 -8.33595588476346e-07 2.40381055968028e-08 2.93298228226684e-02 1.33058828190676e-07 1.15624016416711e-06 -1.98810868925598e-08 -1.39114760491004e-08 -2.28368096814052e-07 8.42130341866166e-03 4.99465508577679e-07 2.29776670007323e-07 2.60778430901494e-08
 4.27709511347647e-08 1.70570959439583e-08 -1.55356359407563e-06 8.91476206643681e-08 4.78353013644038e-04 5.66511543891984e-08 -7.01654316073135e-09 -2.68207014456258e-02 -2.36822901383653e-06 -5.42150559334393e-07 -5.90679028859502e-04 -1.26159840381387e-07 -3.43413141548695e-08 1.48228974728210e-09 -7.25988168935921e-09 -1.12923741326268e-08 1.48812462521445e-05 5.74222248403047e-09 -7.48524240003961e-10 2.42142525181810e-10 3.16797916888183e-08 -2.03703463390053e-06 -3.70539197211387e-09 4.47320412032712e-08 2.38533221847611e-10 -4.03694485803639e-09 -7.43618794067023e-09 -5.19117898618050e-05 1.50561245943502e-09 -1.53117387843885e-07 -5.91008410828045e-09 -2.79760215192199e-08 -1.46815820658888e-07 -1.53096953577252e-07 -4.52631075295617e-04 -6.73198005628873e-08 1.00338611659878e-08 2.49873115575203e-02 3.07516721091781e-06 4.37856371640786e-07 5.92479642331381e-04 1.25125145679196e-07 -9.19630033816221e-08 5.41174084842430e-10 -4.01512332047131e-09 1.57771673563092e-09 8.07956946895416e-06 -1.25733678224670e-09 -4.66293552928448e-09 1.56896451905379e-08 -9.17083268231401e-09 -4.21851208444660e-05 -7.24639434488968e-10 -4.45027163680034e-08 -3.54892696391114e-09 9.52727496626820e-09 -7.31928011121769e-09 3.73342073590260e-05 4.90210731898086e-09 1.49982454760393e-07
 -1.27169802423107e-07 6.99412899651314e-09 7.37520810155832e-07 1.86172146589334e-09 5.78555174152547e-08 4.78841332848538e-04 -2.33605677910539e-08 -2.37890275646630e-06 -2.68386685861049e-02 5.34135139242535e-07 -1.26521193894621e-07 -5.91133428097828e-04 6.85200206157444e-09 4.99376592237284e-09 1.48958003045031e-05 -5.10321659235333e-09 -6.98304404786711e-09 -1.27916014547269e-09 -2.74400132580434e-09 -1.83983144165913e-06 -2.26333255396158e-08 -7.49714881698166e-11 6.10707076090028e-10 1.37057709789272e-07 2.03045093693478e-10 -5.19963399890365e-05 -2.99213707581741e-09 -3.79547598629752e-09 1.99619065728171e-09 4.63742066742237e-08 2.27909060127166e-08 2.16638422754896e-08 -2.87074064374492e-07 1.09649835685369e-07 -6.70985665640882e-08 -4.52917605559354e-04 -2.44048814717124e-08 3.10521737182344e-06 2.49901970808680e-02 -4.00383720914976e-07 1.25125145679196e-07 5.92968069666003e-04 6.52001875060175e-08 -1.94035906752383e-09 8.03720443154978e-06 3.16783354425959e-09 -4.24248863014494e-09 -9.70183835448059e-10 8.93712865161348e-10 -4.23188145689595e-05 -5.68661640086476e-09 1.56640552189680e-08 5.68529379498571e-09 -1.35701410624657e-07 5.86818879445225e-09 3.73006501549588e-05 -5.74046368127082e-09 9.77459786609073e-09 4.14112983406810e-09 -4.49660309055297e-08
 -1.61164856778068e-03 9.81028726375569e-04 6.45950365013274e-03 8.16966515269122e-03 -9.41471969737895e-08 -1.63334319072211e-08 2.60389172344174e-04 3.31741457789050e-06 -1.24476150542828e-06 7.79355322473720e-02 8.00020056444700e-09 -2.83746508241526e-08 -6.07292465034609e-03 -2.78363244844707e-08 3.39173288074044e-09 -6.60482538136873e-04 -3.79714326980829e-08 1.67806186616742e-08 6.41024813102350e-08 5.20703086450311e-08 -2.54468561790633e-03 5.05999608169158e-08 -8.20295589371963e-08 -5.15617739642271e-09 -2.64330955477100e-09 -1.49292689887906e-08 5.67372135694921e-04 1.23870378864989e-08 1.82079519459169e-08 1.25984136831066e-09 4.40991442220999e-04 6.09892470668109e-04 -2.88846196358323e-02 7.52009076488950e-03 2.37555705503086e-08 -7.19764691672847e-08 -8.57055235412613e-04 -1.53795721217356e-06 7.61962817062036e-07 -7.44861837243318e-02 -9.19630033816221e-08 6.52001875060175e-08 6.67486471781254e-03 -3.13713938593583e-08 -1.31157998146123e-08 -5.73792174025901e-04 -5.67826992183785e-09 2.75081857406761e-08 2.36536142227922e-08 -8.79506413476113e-09 -2.46646571454352e-03 3.84131157694721e-08 -1.10575422178330e-08 2.02993873775946e-10 8.76030734783458e-10 3.01546358397862e-08 -7.37515793432080e-04 -2.30502352575665e-08 -2.43171430047923e-08 -1.34041194001067e-09
 -1.20442851599655e-08 -3.61328527433680e-09 1.51071473351143e-07 -3.48650061182718e-08 -4.59372733552937e-10 -1.13468180692236e-09 -8.57452806433756e-10 4.02110754810519e-08 5.66147869591214e-08 -3.24324691965159e-07 -6.74614744862873e-10 2.00002398784659e-09 2.79526644837059e-08 1.37459041013760e-13 7.22134610520253e-11 3.78155432561752e-09 -2.36969284730348e-10 -9.07620124592637e-14 -1.05448750263722e-13 7.21795890783964e-10 1.26247251258761e-08 -1.48658702514654e-09 5.53290920838029e-14 -4.03696896111093e-13 5.76085714150405e-14 -8.77471665669926e-11 -1.45305380672893e-09 4.87417629114444e-10 -7.67798430222982e-14 -2.56004200241417e-13 -5.03386563413713e-07 -2.84938548645403e-09 3.25828227979533e-07 -3.30528005265503e-08 -1.41621396461625e-09 1.96607030830649e-09 5.07514269516286e-09 9.34614776539649e-08 -1.15851777257935e-07 3.06143284546121e-07 5.41174084842430e-10 -1.94035906752383e-09 -3.13713938593583e-08 3.25072147353490e-13 -1.48494132163432e-10 3.26568679972654e-09 2.60862649210541e-10 -2.53871133070371e-13 -4.41438375257993e-15 -5.75044295193384e-10 1.23549012714323e-08 1.44070092574602e-09 -2.88565370557225e-13 3.86714315637188e-13 5.00758254567157e-14 -3.85038826604496e-10 2.41679053944592e-09 5.79118450029606e-10 -2.78066694331669e-13 3.58110302727910e-13
 -6.59410328117900e-08 -8.41519607459610e-09 -4.09233294648631e-07 -2.07737819696456e-08 -6.58963219268617e-09 -3.90108254114766e-05 2.97289271411745e-09 3.12421148605444e-07 2.92240954940332e-03 -1.64606640319259e-07 6.67380566397794e-09 -1.49375311954595e-05 2.69372493765670e-09 -5.96073169338968e-10 -1.25354030010619e-05 8.21804434243160e-10 -3.98339566602084e-10 1.76576453599521e-10 8.88347694443908e-10 -7.54198696808560e-05 3.37293892371287e-09 -5.24730903925569e-10 -1.12391515885892e-10 1.82505092063188e-09 -3.48652968338085e-10 2.64579123812495e-05 -8.38425590015486e-10 7.91849194038764e-10 -2.71450311777560e-10 8.78531514440622e-10 -4.27943645175552e-08 -3.40880734233251e-09 7.17773434348932e-08 -1.43377759083780e-08 3.25505352191200e-09 -5.70797672895451e-05 7.10631833540723e-09 -2.59497917778337e-07 3.92738009389310e-03 1.16151172821860e-07 -4.01512332047131e-09 8.03720443154978e-06 -1.31157998146123e-08 -1.48494132163432e-10 1.29794639903151e-05 -5.89031976962874e-10 -3.47984991937010e-11 -3.30376272885839e-10 -2.58354997986559e-10 7.45725510185419e-05 2.70470776449296e-09 1.23601618121537e-09 8.14895177369684e-10 -3.30063441486447e-09 9.43883115431233e-12 2.81866134187492e-05 3.12517077200702e-09 -1.16586908966760e-10 1.11462732846689e-10 -6.87985400799736e-10
 -6.63166750587310e-05 -3.60272183021330e-05 6.83366527245688e-03 -6.68815032940313e-04 -3.25934321374289e-09 1.41103431745830e-09 -9.49286867712659e-05 -1.98450041496171e-07 -2.32510916483899e-07 -6.44708476996081e-03 -1.51067366812515e-09 -5.78610690509945e-09 6.60310797416339e-04 2.73561145399221e-09 -8.40052848869586e-11 6.52509710488564e-05 1.22790953669403e-09 -2.53090540468763e-09 2.79346258689467e-09 -6.89095595868873e-10 2.51603319457691e-04 -2.93637692116755e-09 -6.99129849488121e-09 7.03851938467055e-10 4.64038800887219e-10 -2.26318379231812e-09 -5.63946323300046e-05 -1.79014993339342e-09 -2.85823081633197e-09 4.46179801872766e-11 3.30812722705496e-04 -8.92438573616494e-05 1.75658281383825e-03 -7.61995112995755e-04 -4.03871379848499e-09 4.65126827565565e-09 8.76344028950386e-06 1.30188591047998e-07 1.19539927049981e-07 6.94303146626562e-03 1.57771673563092e-09 3.16783354425959e-09 -5.73792174025901e-04 3.26568679972654e-09 -5.89031976962874e-10 7.76829969414815e-05 9.55394104043842e-10 -9.46397655906197e-10 -4.20124114237056e-09 1.32037419641564e-09 2.62743667629134e-04 -2.69633960295907e-10 2.83001579413248e-09 -1.18236965607764e-10 -1.76898091169936e-09 -2.24903123951382e-09 3.19873776543810e-05 4.14733257138301e-09 1.33993888711463e-09 2.62864639978982e-10
 1.86371226615612e-08 -3.31598812033854e-09 9.79324036657044e-08 -1.37470658571970e-08 -3.90081866454421e-05 -6.80789403721326e-09 -4.47461676227061e-09 2.92140547241351e-03 3.31107974400316e-07 -9.69342964556018e-08 -1.49220873279411e-05 6.80664269017731e-09 8.48561111815883e-09 -1.71407428494816e-10 -4.65848616861515e-10 -3.15421779350406e-10 -1.25333353373886e-05 -7.24089577253974e-10 1.97332433165929e-10 -6.31807840804201e-10 4.71634448632076e-09 -7.54187204910258e-05 1.05960999112207e-09 -7.84383403938621e-10 -3.13001886404494e-10 8.69846769080033e-10 -1.44576166272796e-09 2.64589471024707e-05 -2.63798488871945e-10 6.69817259491304e-11 -2.27316127694175e-07 -1.85255261072396e-10 -8.43699937272609e-08 -1.07570270665481e-08 -5.70981857237886e-05 3.40678439411287e-09 -4.38954826215051e-09 3.92801239732978e-03 -2.64163784604514e-07 1.22598968875366e-07 8.07956946895416e-06 -4.24248863014494e-09 -5.67826992183785e-09 2.60862649210541e-10 -3.47984991937010e-11 9.55394104043842e-10 1.29789198722408e-05 -4.42183977227872e-11 -6.67909784855889e-10 1.46585439083532e-09 5.16954867414335e-09 7.45686545076426e-05 -4.30112945888052e-10 -2.61685258682365e-09 -2.04622272920279e-10 -8.25207022457086e-11 4.73698408534942e-10 2.81900719367745e-05 2.57163794549760e-10 5.77377927480704e-09
 7.16956244956646e-08 6.35503985792306e-09 3.65872659759387e-07 3.33604656802547e-08 -9.19822446384137e-10 3.36958738896481e-10 -3.29988186568597e-09 4.99943686283878e-08 -3.70441807616863e-08 3.13633671589930e-07 1.26723983553024e-09 1.13797261572068e-09 -1.64342754279121e-08 -1.11944208686033e-13 2.89445469991513e-10 -2.56259203602940e-09 -5.13057678407571e-12 3.26290328892396e-14 6.40865106374832e-13 1.86085934647706e-09 -8.82442105782157e-09 1.63037447333013e-10 -1.00235906362799e-12 -3.24662611388274e-13 6.60411378502241e-15 -5.84352412326101e-10 1.23272186995383e-09 5.30517344883635e-11 -6.69425367186975e-14 2.50463381265657e-13 5.89122799850415e-07 8.61339251967183e-10 -2.58534084323590e-07 2.32744874484484e-08 1.06698969048103e-09 1.99612260873944e-09 -8.51915958162734e-09 -6.05355950084845e-08 -1.29310702466202e-07 -2.51556977159078e-07 -1.25733678224670e-09 -9.70183835448059e-10 2.75081857406761e-08 -2.53871133070371e-13 -3.30376272885839e-10 -9.46397655906197e-10 -4.42183977227872e-11 3.68571601850516e-13 -3.68893170312776e-14 -1.78208496162143e-09 -7.56334364506960e-09 -6.79945792395684e-11 1.33526009380812e-13 3.43333633053649e-13 -2.15915625038360e-13 -7.42933871432967e-10 -4.35642825170619e-09 -1.37197432263375e-10 2.67263254326779e-13 -2.40218967502597e-13
 9.15525076621641e-09 -3.92683008407794e-09 -4.67407036705791e-07 4.31634305831934e-08 -1.62611235564792e-09 1.67968018701514e-09 2.51311932534415e-08 5.67608696477062e-08 -1.09561463864798e-07 5.92896266696016e-07 4.97047863042486e-09 -7.45036814488908e-10 -6.54576373586970e-08 -4.44108664655879e-14 2.90354819328490e-10 1.78846345151628e-09 4.80841913428352e-10 5.90635012942959e-13 -4.52914345363641e-13 1.58188104982492e-09 -1.08740524641779e-08 3.55477355882573e-09 3.68095985553047e-13 -1.07288926221341e-13 4.49245985218666e-13 -6.48923423076464e-10 1.54795989333739e-08 -8.66801210016672e-10 5.57804105875756e-13 1.13970327402769e-12 2.32806050921804e-07 2.29128630008608e-08 2.00704391657460e-06 8.97642994683179e-08 5.95330385169571e-09 3.87631777127017e-10 1.57335799072511e-08 -3.65044887290469e-07 -3.77491191678851e-08 -8.33595588476346e-07 -4.66293552928448e-09 8.93712865161348e-10 2.36536142227922e-08 -4.41438375257993e-15 -2.58354997986559e-10 -4.20124114237056e-09 -6.67909784855889e-10 -3.68893170312776e-14 2.70415234992864e-12 -1.64370240795792e-09 -1.64197056562118e-08 -3.19683906160607e-09 -4.64139888945990e-12 3.45562714812087e-13 -2.07110375037095e-14 -5.26111329646836e-10 -3.67011436235452e-09 -1.59421073734500e-09 2.77663849149583e-13 -1.47178004029761e-12
 -8.67047679301134e-09 -1.81786807430155e-08 6.91336504174357e-07 -9.48341299222144e-09 -1.23464560667833e-09 -2.99837817389660e-04 -3.01385662298621e-09 -3.80636986911046e-07 2.11022181503852e-02 1.88447772303442e-08 8.75870443127185e-11 1.75428484275087e-06 -2.70093955053898e-09 -4.23193213292910e-09 -7.54313946409070e-05 2.15679573163058e-09 -5.77138367368688e-11 1.22399196855516e-09 5.60391714914911e-09 -4.40071278112672e-04 7.33602000384285e-09 -4.65597131150546e-09 -7.55484989310402e-10 -9.96777130704865e-09 -2.06594660794359e-09 1.62303515816272e-04 7.88493613882798e-10 6.21873260496175e-10 -1.88582112846112e-09 -1.86503673078517e-09 5.90832055573371e-08 -2.90485439569665e-08 1.04282252640142e-07 -5.41884762779428e-08 -1.61316209484385e-08 -2.65100596450914e-04 9.71507288772262e-09 5.29154967380705e-07 1.91693265419115e-02 2.40381055968028e-08 1.56896451905379e-08 -4.23188145689595e-05 -8.79506413476113e-09 -5.75044295193384e-10 7.45725510185419e-05 1.32037419641564e-09 1.46585439083532e-09 -1.78208496162143e-09 -1.64370240795792e-09 4.41770232931250e-04 8.77194403394975e-09 2.13416544536961e-09 3.90211910673487e-09 1.14824387040872e-09 -8.29194391971724e-10 1.58957052368802e-04 -3.12095673799810e-09 2.01756823605827e-09 2.75429903049203e-11 2.76554064185109e-09
 4.94257482580330e-04 -2.69631436527254e-04 1.07173606822884e-02 -2.98499942170113e-03 -2.12004768074585e-08 4.11833229417258e-09 -2.55153149778808e-04 1.03500639292962e-06 -5.56700132093610e-08 -2.88804857427310e-02 2.73609656914623e-08 -7.93604035018490e-09 2.54435649192578e-03 1.07637857686052e-08 -1.67458975724746e-09 2.51639365834776e-04 6.97013463632270e-09 -8.79728459331560e-09 -8.77648398212662e-09 -1.71044686085840e-08 9.97964704754598e-04 -2.94731638438539e-08 5.75535482126390e-09 2.35413600623423e-09 7.40669406551694e-10 1.01608278856598e-10 -2.43768303873973e-04 2.35583590695536e-09 -9.85421443338513e-09 -1.52017714990347e-10 3.32978684740865e-05 -3.20016033869131e-04 6.10054150315226e-03 -3.07233635737028e-03 2.42469275346217e-09 1.83197683066705e-08 1.78729545048094e-04 -1.39001721627210e-07 4.00461374171013e-07 2.93298228226684e-02 -9.17083268231401e-09 -5.68661640086476e-09 -2.46646571454352e-03 1.23549012714323e-08 2.70470776449296e-09 2.62743667629134e-04 5.16954867414335e-09 -7.56334364506960e-09 -1.64197056562118e-08 8.77194403394975e-09 1.00821171673483e-03 9.67772170021183e-09 1.45806568935866e-08 -3.59559532575889e-10 -3.02398035852288e-09 -7.73709700484099e-09 2.21844174830206e-04 1.66969657221070e-08 7.04667019656976e-09 8.05410582113926e-10
 1.06092049066750e-07 -1.48557030008893e-08 5.97795091465648e-07 -3.16349610916184e-08 -2.99929071165131e-04 -5.09111137392927e-10 -2.58138049066942e-08 2.11042211849586e-02 -3.86200628457864e-07 8.88316510831637e-08 1.95828688755978e-06 -3.67490723523311e-10 7.59860992127933e-09 -1.22424601075565e-09 -1.64843009570693e-10 -7.34142951090774e-09 -7.54299572535359e-05 -5.09425199658008e-09 1.26518781865100e-09 -4.08401300212692e-09 2.47018877272928e-11 -4.40082334017846e-04 6.74608435024423e-09 -1.13135100523399e-08 -1.86380466556105e-09 5.50148392785744e-10 -5.73346653722056e-09 1.62330561084079e-04 -1.76717897688986e-09 2.34905066555849e-08 1.62299360304919e-07 7.76241185832554e-09 -1.22079064623349e-06 1.66381062156695e-08 -2.65140752716236e-04 -1.53729655246945e-08 -3.93865789907942e-08 1.91678470692242e-02 5.01511783317955e-07 1.33058828190676e-07 -4.21851208444660e-05 1.56640552189680e-08 3.84131157694721e-08 1.44070092574602e-09 1.23601618121537e-09 -2.69633960295907e-10 7.45686545076426e-05 -6.79945792395684e-11 -3.19683906160607e-09 2.13416544536961e-09 9.67772170021183e-09 4.41788618162734e-04 -2.40098210167574e-09 -8.58173426654689e-09 -6.59261260831253e-10 1.87629891742237e-09 -6.94386340637848e-10 1.58978056777703e-04 7.63578802669906e-10 1.10882271787976e-08
 -7.43286316155916e-08 8.34886222659762e-09 3.31375905157771e-07 -4.33456600987612e-08 9.00231066043697e-10 1.98103542369128e-09 -4.05611838033300e-08 -7.45276786019195e-08 -6.89360282236670e-08 -7.47058773682702e-07 9.48209911734301e-10 -6.06549073242866e-09 8.21824487329874e-08 -2.47712849675642e-14 -5.87481420738180e-10 -7.36606791473778e-09 3.97677649016322e-10 -9.68758320137693e-13 4.85470559971971e-13 -4.33940032301960e-09 5.18220936064396e-09 2.46675220307504e-09 -5.89544590670369e-14 1.30954069804044e-12 -8.64941834283607e-13 1.05784911722879e-09 -2.57709663057165e-08 -8.23901968233331e-10 -7.78620480367083e-13 6.25942326079461e-13 -3.49099867361634e-07 -3.70127693815954e-08 -3.87263618034729e-06 -1.22205674669761e-07 2.21756594319776e-09 -7.26271119194482e-09 -2.91397557130345e-08 -1.47830341940883e-07 4.45334695494191e-07 1.15624016416711e-06 -7.24639434488968e-10 5.68529379498571e-09 -1.10575422178330e-08 -2.88565370557225e-13 8.14895177369684e-10 2.83001579413248e-09 -4.30112945888052e-10 1.33526009380812e-13 -4.64139888945990e-12 3.90211910673487e-09 1.45806568935866e-08 -2.40098210167574e-09 8.67612075002228e-12 -1.39830098989634e-12 2.94250345626899e-13 1.94545833554384e-09 5.67720281318731e-09 -9.48618571466650e-10 -5.47544101981920e-13 -6.63590928997876e-13
 3.63018842077087e-10 -2.27602264822031e-10 -2.21645066140858e-08 6.93086328217211e-10 -2.88037858351907e-08 -1.04411923349266e-07 8.17664542521272e-10 1.50004574468658e-06 5.76857910585194e-06 1.15890421357922e-08 4.54408545519760e-08 1.36067767447663e-07 -1.66086331192626e-09 -1.14870094169382e-12 -1.96150445063656e-09 9.40770638570379e-11 8.75191888637681e-10 -1.82807031719478e-14 5.20424262168832e-13 8.98382574704299e-09 -1.76868873008197e-10 1.19362062081229e-08 1.20664219182915e-14 -3.45007819875369e-11 3.75363039559614e-14 8.81394212825591e-09 4.30181388053185e-10 -3.48494922852327e-10 -4.75216682194702e-13 5.15374890200921e-13 -2.14398635431997e-08 6.20324730929260e-10 6.22578708521677e-08 2.18729269775019e-09 4.19512827852376e-08 1.09434045747605e-07 6.63135146323511e-10 -2.43703129128867e-06 -6.12643103494149e-06 -1.98810868925598e-08 -4.45027163680034e-08 -1.35701410624657e-07 2.02993873775946e-10 3.86714315637188e-13 -3.30063441486447e-09 -1.18236965607764e-10 -2.61685258682365e-09 3.43333633053649e-13 3.45562714812087e-13 1.14824387040872e-09 -3.59559532575889e-10 -8.58173426654689e-09 -1.39830098989634e-12 3.48768091067685e-11 -1.03705848476574e-12 -1.16802416672966e-08 -1.73969080463528e-11 -7.13114775614854e-09 -1.36066202217831e-12 -1.54432287458979e-12
 6.73744889373943e-09 -2.17131634231873e-09 -4.21422579056641e-07 -7.98632242919614e-10 -2.31276442359893e-09 4.98775386564005e-09 3.28910090848674e-09 1.20801424176402e-07 -2.83563983477033e-07 -2.08619573056742e-08 3.62190501923089e-09 -5.81232008146762e-09 -7.19447609286392e-09 2.31218697883706e-14 2.17014480374237e-10 -8.35163745141165e-10 6.54906219824257e-11 -1.95778468309890e-14 -4.91331456203610e-13 3.93099482761745e-10 -2.38853427940790e-09 9.27206159002526e-10 8.39794713359619e-13 1.08941400402240e-12 -3.34386606836406e-14 -6.62716757458704e-10 -1.28221074354587e-10 -1.86291988506603e-11 7.10819119453387e-14 1.34176507919336e-12 -5.16362251707262e-07 3.29077485602883e-10 -7.72756509743045e-08 4.07316724623014e-09 3.33001356949928e-09 -4.20464430044254e-09 3.85377521534363e-09 -1.93251621614984e-07 2.27747819256602e-07 -1.39114760491004e-08 -3.54892696391114e-09 5.86818879445225e-09 8.76030734783458e-10 5.00758254567157e-14 9.43883115431233e-12 -1.76898091169936e-09 -2.04622272920279e-10 -2.15915625038360e-13 -2.07110375037095e-14 -8.29194391971724e-10 -3.02398035852288e-09 -6.59261260831253e-10 2.94250345626899e-13 -1.03705848476574e-12 3.13399671750927e-13 2.18140424911218e-10 1.90915467730124e-09 -5.59780877841320e-10 -3.33781564713116e-13 -1.40121561615850e-12
 -8.92809520755745e-08 -2.29469816655498e-09 1.68624223233585e-07 2.61260626463924e-08 -7.73282677799490e-10 -6.77391718460573e-05 -4.81491626930289e-09 -5.33619863333449e-08 5.37941468651844e-03 2.95955750748568e-07 -3.78626401647734e-09 -5.20794676737059e-05 -2.11000340439227e-08 -1.11361220608616e-09 -2.64574878216989e-05 -3.65607386867332e-09 -6.88820904594285e-10 3.36674996559959e-10 1.81961273080067e-09 -1.62269916772100e-04 -1.07351351219876e-08 -8.58169673161274e-10 -2.23707520843211e-10 8.55242673565030e-09 -7.43043283566769e-10 5.51487776717012e-05 -3.41804612393598e-10 2.38171393362197e-10 -5.16561340082347e-10 3.45120054788908e-09 -2.13542026571031e-07 -9.74318835022257e-09 -5.51863305716116e-07 1.11400766476737e-08 -5.69819729236372e-09 -1.38050783477272e-04 -3.46110706110461e-09 1.19397826242032e-07 9.29024457148463e-03 -2.28368096814052e-07 9.52727496626820e-09 3.73006501549588e-05 3.01546358397862e-08 -3.85038826604496e-10 2.81866134187492e-05 -2.24903123951382e-09 -8.25207022457086e-11 -7.42933871432967e-10 -5.26111329646836e-10 1.58957052368802e-04 -7.73709700484099e-09 1.87629891742237e-09 1.94545833554384e-09 -1.16802416672966e-08 2.18140424911218e-10 6.18808406665007e-05 -3.23707595640430e-09 8.40299207515262e-10 3.79155049519197e-10 -2.99390905837845e-09
 3.98355037820584e-04 -1.56932105356446e-04 -9.04220770238054e-03 -9.66274179696583e-04 4.52263536528626e-11 1.13538011553981e-08 2.37961131365433e-05 8.30121846851114e-07 -1.00615887927188e-07 -9.39553579960611e-03 2.54204831896498e-08 8.28311324219011e-10 5.67587789145721e-04 2.60060766898202e-09 8.02668025962642e-12 5.64380419901383e-05 5.14045049584697e-09 -1.30998307540257e-09 -1.62916834866635e-08 -7.18419499483613e-09 2.43877956610562e-04 -9.60528973473290e-09 2.52477156800678e-08 2.66007648382403e-10 -6.53940938346202e-10 3.16758381972555e-09 -7.35376953913761e-05 2.98153920712162e-09 -1.13551318178035e-09 -2.69160024710097e-10 -1.73334850516698e-04 -5.20025103543072e-05 9.38871554808552e-04 -7.82687240366719e-04 1.61996475312482e-08 2.67106255496079e-09 1.44819917493215e-04 -7.41174080039543e-07 6.47698386747429e-08 8.42130341866166e-03 -7.31928011121769e-09 -5.74046368127082e-09 -7.37515793432080e-04 2.41679053944592e-09 3.12517077200702e-09 3.19873776543810e-05 4.73698408534942e-10 -4.35642825170619e-09 -3.67011436235452e-09 -3.12095673799810e-09 2.21844174830206e-04 -6.94386340637848e-10 5.67720281318731e-09 -1.73969080463528e-11 1.90915467730124e-09 -3.23707595640430e-09 1.21525247287548e-04 9.11854420052737e-10 3.50801746382390e-09 3.58841857408265e-11
 9.40059306319249e-08 -5.16484613931122e-09 4.54432796120940e-07 -3.95434810890746e-08 -6.77964371284234e-05 -5.03891891086354e-10 -1.72649152129511e-08 5.38068099481751e-03 -5.91870320592811e-08 -3.77052256357382e-07 -5.19919729552300e-05 -4.19175366242460e-09 3.75319199350662e-08 -3.18626230353580e-10 -7.73281221845569e-10 -8.79518496467091e-10 -2.64582837723150e-05 -1.36427544064352e-09 3.99472927042830e-10 -7.78362860845644e-10 1.57097470685310e-08 -1.62295980621304e-04 2.15398874166939e-09 -1.77229224851554e-10 -6.65296955427900e-10 2.24455891969632e-10 -7.08027466025834e-09 5.51653907796858e-05 -5.16870069021026e-10 -5.01179870291227e-09 3.11006309271826e-07 -5.81476248844376e-09 -5.97811833579232e-07 -5.22308212722679e-08 -1.38064222037353e-04 -5.73893751371141e-09 -1.55229105390686e-08 9.29082267650265e-03 1.24864177196600e-07 4.99465508577679e-07 3.73342073590260e-05 9.77459786609073e-09 -2.30502352575665e-08 5.79118450029606e-10 -1.16586908966760e-10 4.14733257138301e-09 2.81900719367745e-05 -1.37197432263375e-10 -1.59421073734500e-09 2.01756823605827e-09 1.66969657221070e-08 1.58978056777703e-04 -9.48618571466650e-10 -7.13114775614854e-09 -5.59780877841320e-10 8.40299207515262e-10 9.11854420052737e-10 6.18949084970713e-05 7.18927573540749e-10 1.74698896321270e-08
 -6.23209369751479e-09 -6.32360707376579e-09 -2.87721965423354e-07 -3.30394436975754e-08 3.28370833906163e-09 3.14876686729230e-09 2.13567650523290e-09 -1.73210140841848e-07 -1.73293541350879e-07 -2.79159399122468e-07 -4.98839207550523e-09 -4.15811948795680e-09 1.64838461445850e-08 1.29241507607753e-13 4.91536997627410e-11 2.38953268145008e-09 -6.54334796671378e-11 8.22061575859801e-14 -5.55809222801290e-13 -3.37089334856747e-10 8.62013038260071e-09 -1.13328792090377e-09 7.25205151989435e-13 1.31700610086185e-12 1.88074630832527e-14 -2.46262717553725e-10 -1.28717343425305e-09 -2.72512753495141e-11 4.70641658145458e-14 -9.20509818609688e-13 1.50173307058665e-06 2.80923415242486e-09 2.55100146107223e-07 -1.85787598885017e-08 -4.49837831309112e-09 -3.38176297041532e-09 2.98195899251792e-09 2.59825076301756e-07 1.89936735258276e-07 2.29776670007323e-07 4.90210731898086e-09 4.14112983406810e-09 -2.43171430047923e-08 -2.78066694331669e-13 1.11462732846689e-10 1.33993888711463e-09 2.57163794549760e-10 2.67263254326779e-13 2.77663849149583e-13 2.75429903049203e-11 7.04667019656976e-09 7.63578802669906e-10 -5.47544101981920e-13 -1.36066202217831e-12 -3.33781564713116e-13 3.79155049519197e-10 3.50801746382390e-09 7.18927573540749e-10 1.34104419857234e-12 9.97253557773636e-13
 -4.43189634823644e-10 1.02654595196929e-10 3.48598562180045e-08 -1.73411638241677e-09 1.07904963023083e-07 -3.60511192661784e-08 -7.28266815086263e-10 -5.83746146770528e-06 2.01641330102389e-06 -1.96378064255061e-08 -1.51515898811590e-07 4.48687655134041e-08 2.44340681659905e-09 -4.91490436497294e-14 -1.05599305164975e-09 9.51450131107104e-11 7.81988287444697e-11 1.30207868119790e-12 1.03417707569539e-13 5.91054501395811e-10 6.76983005944054e-10 -2.23562006966324e-08 -7.12424366091860e-13 5.22484422972603e-13 -4.99811715955850e-14 3.78216479857471e-09 -3.60695121828388e-10 -5.27153597682833e-09 1.32813668112164e-13 -4.16584542146512e-11 2.44853097075659e-08 -5.53158988130066e-10 -3.05187395522292e-08 -2.95007966291685e-09 -1.29335884800394e-07 3.46579182732376e-08 -4.37491243241559e-10 7.36476386368934e-06 -1.91712600546187e-06 2.60778430901494e-08 1.49982454760393e-07 -4.49660309055297e-08 -1.34041194001067e-09 3.58110302727910e-13 -6.87985400799736e-10 2.62864639978982e-10 5.77377927480704e-09 -2.40218967502597e-13 -1.47178004029761e-12 2.76554064185109e-09 8.05410582113926e-10 1.10882271787976e-08 -6.63590928997876e-13 -1.54432287458979e-12 -1.40121561615850e-12 -2.99390905837845e-09 3.58841857408265e-11 1.74698896321270e-08 9.97253557773636e-13 4.24641303001668e-11
