Paoks:
 1.96748779436513e+00 4.03428504019008e-02 -1.03122385798911e-01 1.22686133864686e-01 5.70908867537189e-06 -6.49004290389123e-06 -6.29984299653280e-02 -1.79703945442425e-06 1.79566668017455e-06 -1.49679498519857e-04 -2.19200909159879e-06 2.63127619288275e-06 -2.48029226979041e-02 -1.47937362743386e-06 -3.19827324112825e-06 -1.67825769255204e-02 2.79726637597647e-06 -1.83650846791727e-07 7.42774532003616e-07 9.78958857962827e-07 3.79323925862738e-02 -8.03417799118190e-07 9.52196463864085e-08 -3.12055586494984e-08 -1.09933152647862e-06 2.63705117871918e-06 -7.00974728776960e-03 -2.37271536074587e-06 -1.67818424974510e-07 -4.78262270323989e-08 -1.20692234050383e-01 3.88010132397476e-02 -8.92349483911250e-02 -2.94122907945521e-07 3.98545862980931e-07 9.48197870671736e-03 1.01032464199127e-06 -1.07441337971027e-06 -6.08116874228975e-02 -2.89081183095650e-07 -4.09853316625543e-07 -1.89013156687552e-02 4.27747304884820e-07 -4.92847832404844e-08
 4.03428504019008e-02 2.56308190158942e-03 4.77096642281657e-02 2.74541338657465e-03 2.33171265579834e-07 -2.60431065312843e-07 3.89331126930005e-03 -9.47176399577425e-08 9.79678743612905e-08 9.29093780512352e-03 -3.32708749024497e-08 4.21399187696970e-08 3.13625699341863e-03 4.67886966227102e-09 -6.41590139088084e-08 -1.07523810964178e-03 5.77552923393339e-08 -1.74787080931588e-10 -4.32233177774201e-08 1.06774328744334e-07 -2.73906299763093e-03 -9.47575070782835e-08 -4.65968969976960e-09 -6.41534206782912e-10 6.09805131588722e-09 9.10853123205267e-10 -1.35979674128610e-04 -1.95086112751994e-10 9.08536437426454e-10 -9.76735399018298e-10 2.91161726644440e-03 6.19070180186978e-03 -2.67143705713012e-03 3.92455711884779e-08 -4.39207134212652e-08 7.75680206268936e-04 -1.25696123079194e-07 1.43805493554414e-07 2.54083387198177e-03 2.53551756070957e-08 -1.39719750931523e-07 -3.25533756323695e-04 1.15243469509947e-07 4.33912584823497e-09
 -1.03122385798911e-01 4.77096642281657e-02 1.43638549204210e+00 7.51246449992302e-03 3.26287121429316e-06 -3.58233178084537e-06 1.48689344194429e-01 -1.74608177203850e-06 1.87302686275251e-06 2.98521527506351e-01 3.95185010197423e-07 -4.11696812003216e-07 9.98259940347822e-02 1.05985019768549e-06 2.49810132790014e-07 -2.15829653326603e-02 -1.73121872046844e-07 1.07586918696134e-07 -1.70125754615680e-06 2.42956410166072e-06 -1.04127185136137e-01 -2.20135376279338e-06 -1.90674174825590e-07 1.11817137747842e-09 8.64759860079352e-07 -1.65358567893599e-06 4.34788383641930e-04 1.50620446013168e-06 1.30796528724423e-07 1.95200576563698e-09 1.65265166592505e-01 1.18583779256201e-01 -1.48418380040835e-02 1.32175235588982e-06 -1.52651423185779e-06 1.58017278833826e-02 -4.26780896437854e-06 4.82741085822069e-06 1.11503873926656e-01 9.17320279469759e-07 -3.77121133584959e-06 2.76003857640527e-03 3.04970330170355e-06 1.56720930798854e-07
 1.22686133864686e-01 2.74541338657465e-03 7.51246449992302e-03 6.86555542249132e-02 2.27563359208762e-06 -2.63771371940188e-06 -3.17803716799490e-02 -1.60711464762921e-06 1.87943069949129e-06 2.64683232224490e-01 -5.90147706970302e-07 7.04429185159468e-07 -5.16096173631531e-02 -2.75675576477601e-07 1.44280961578354e-07 -1.34039091950177e-02 -1.40294432710528e-07 -5.33692642897942e-08 1.66884020537657e-07 8.69852354701960e-09 -8.01843804631676e-03 -3.14256224520945e-08 3.91177596531972e-08 -5.84147193550941e-09 -1.88376264076585e-07 2.44607087634175e-07 -1.72364166527482e-03 -2.16279748926399e-07 -3.35021990585585e-08 -8.52091383884650e-09 2.91584333276633e-02 -2.80973517706936e-01 3.28291695804105e-02 4.38526945326046e-08 -6.84597143974116e-08 -2.52618537023280e-03 -5.92571032397787e-08 4.73206218201614e-08 -6.63489342624182e-03 2.15134394244173e-08 -2.38413517613175e-07 -1.26306316399749e-03 1.74004959734686e-07 2.49946115668937e-09
 5.70908867537189e-06 2.33171265579834e-07 3.26287121429316e-06 2.27563359208762e-06 8.38031822265922e-11 -9.65620915165759e-11 -7.27246653005164e-07 -5.55372011086400e-11 6.42461462940045e-11 8.84924100401410e-06 -1.97896347714933e-11 2.37692125339421e-11 -1.40672750042090e-06 -7.82398985523814e-12 1.54301616412843e-12 -4.80504558569466e-07 -1.68705483807539e-12 -1.61665210051892e-12 2.25246684412851e-12 6.64670270775150e-12 -4.34916682526597e-07 -6.66073544093903e-12 8.97590191883550e-13 -2.12315321065206e-13 -5.13489264518833e-12 6.81960379166685e-12 -6.00327087852147e-08 -5.97789566958228e-12 -9.33477679740374e-13 -3.11504671981037e-13 1.13346894703302e-06 -8.39930819622961e-06 8.87290212206410e-07 3.93013415700194e-12 -5.02672014992591e-12 -3.33690322549668e-08 -1.00744429431417e-11 1.08594042111644e-11 -2.75450538794127e-08 2.35911812022382e-12 -1.60774422375427e-11 -5.35904587217115e-08 1.25240083539903e-11 3.66741649930713e-13
 -6.49004290389123e-06 -2.60431065312843e-07 -3.58233178084537e-06 -2.63771371940188e-06 -9.65620915165759e-11 1.11299224762738e-10 8.64635780976101e-07 6.42336526943519e-11 -7.43544415373766e-11 -1.02570391154596e-05 2.29114763306155e-11 -2.75090655197139e-11 1.65150394811014e-06 9.14630548053036e-12 -2.03991354701032e-12 5.54617526456095e-07 2.18427345186534e-12 1.88312705572403e-12 -2.82486992193814e-12 -7.27055193443920e-12 4.93378855447301e-07 7.33831342598890e-12 -1.06674349587653e-12 2.44637877214523e-13 6.01800894098517e-12 -7.96796784269102e-12 6.93508930115816e-08 6.98804656311751e-12 1.09269396749235e-12 3.58796270149277e-13 -1.30445897002223e-06 9.80219523088912e-06 -1.04337460831153e-06 -4.39420261876227e-12 5.64806232919837e-12 4.21791291899608e-08 1.11482454982358e-11 -1.19798460631022e-11 4.42485424743423e-08 -2.62812151714529e-12 1.80907895938635e-11 6.11649572727495e-08 -1.40651561027848e-11 -4.06722379072952e-13
 -6.29984299653280e-02 3.89331126930005e-03 1.48689344194429e-01 -3.17803716799490e-02 -7.27246653005164e-07 8.64635780976101e-07 3.08621054686219e-02 5.80834507873489e-07 -6.98288110122606e-07 -9.55431014299659e-02 3.18022005093233e-07 -3.73175631633239e-07 3.53384209024770e-02 2.39973387323555e-07 -5.41305148398421e-08 4.09190069471362e-03 5.89469629007120e-08 3.64479119081917e-08 -2.58437457746018e-07 2.57503894044201e-07 -7.07746598805385e-03 -2.21699917494409e-07 -3.87386939090417e-08 2.81736759530153e-09 1.78604371177961e-07 -2.84047363027104e-07 8.50233588676138e-04 2.55696338263404e-07 2.94177810473597e-08 4.13563062317390e-09 3.11797041742227e-03 1.47844804541403e-01 -1.76785460250630e-02 1.18356499415203e-07 -1.27918396653044e-07 2.92769963875276e-03 -4.21539295092519e-07 4.86529585362779e-07 1.48265669569123e-02 8.61309360097122e-08 -2.87632444770362e-07 8.33873036896427e-04 2.41980611160192e-07 1.52810199242119e-08
 -1.79703945442425e-06 -9.47176399577425e-08 -1.74608177203850e-06 -1.60711464762921e-06 -5.55372011086400e-11 6.42336526943519e-11 5.80834507873489e-07 3.98536206744251e-11 -4.65959395160599e-11 -6.73650758828977e-06 1.27121275049178e-11 -1.52287514917046e-11 1.13412976905794e-06 4.77144596145710e-12 -5.50603139737046e-12 3.38783639250740e-07 5.11031483012234e-12 1.08213884427354e-12 -1.85951169711774e-12 -2.22771443544276e-12 3.24540724996442e-07 2.63535495625172e-12 -6.97270400816410e-13 1.23580167945809e-13 3.06476494447366e-12 -2.76358384577132e-12 3.75523202218404e-08 2.37486849949295e-12 5.84287901928697e-13 1.78671777686080e-13 -9.46807729401805e-07 6.71510295883770e-06 -8.29711472480370e-07 -2.61170454144526e-12 3.48065294427624e-12 4.98844203701770e-08 6.46784105011060e-12 -6.80043755215940e-12 1.08458317943919e-08 -1.64236698399303e-12 9.52046912248542e-12 1.74558619699161e-08 -7.19043315787027e-12 -2.51997104741641e-13
 1.79566668017455e-06 9.79678743612905e-08 1.87302686275251e-06 1.87943069949129e-06 6.42461462940045e-11 -7.43544415373766e-11 -6.98288110122606e-07 -4.65959395160599e-11 5.45575159587438e-11 7.92918897889332e-06 -1.47180253967850e-11 1.76217224951306e-11 -1.35267791977544e-06 -5.54310146216666e-12 7.04318825543940e-12 -3.94839148674615e-07 -6.51551677013464e-12 -1.26431413715653e-12 2.32087509376521e-12 2.10610871978036e-12 -3.75447952077468e-07 -2.65313775311695e-12 8.36614269639303e-13 -1.40936193672287e-13 -3.56127807075960e-12 3.05030878984277e-12 -4.32757380014428e-08 -2.61505617688193e-12 -6.81279173228374e-13 -2.03337391204836e-13 1.11750919953309e-06 -7.97215155734045e-06 9.99928904045832e-07 2.94809152501925e-12 -3.96476063672569e-12 -6.30412812104987e-08 -7.20393318974071e-12 7.52637516364527e-12 -1.85661443409623e-08 1.85954058039216e-12 -1.06400712302492e-11 -1.77387644707706e-08 7.98551033074457e-12 2.83832726124149e-13
 -1.49679498519857e-04 9.29093780512352e-03 2.98521527506351e-01 2.64683232224490e-01 8.84924100401410e-06 -1.02570391154596e-05 -9.55431014299659e-02 -6.73650758828977e-06 7.92918897889332e-06 1.18813947302051e+00 -1.90332980597521e-06 2.27807488125602e-06 -1.98881858184014e-01 -6.25004984149039e-07 1.49217406626089e-06 -5.68893947282396e-02 -1.35817579595787e-06 -1.63931780364118e-07 2.41356861037076e-07 1.88367519929901e-07 -6.16878126247066e-02 -2.93623971894898e-07 1.11738331258792e-07 -1.68378559897440e-08 -3.80703010563189e-07 9.19699105764049e-08 -5.52130457883695e-03 -6.33103121351410e-08 -7.87282235494429e-08 -2.39090754171480e-08 1.84275300688185e-01 -1.19869788209574e+00 1.61874028988077e-01 4.85270351161060e-07 -6.52333200428644e-07 -1.06910473189850e-02 -1.22850608927342e-06 1.28708996923061e-06 5.83484935228967e-03 3.20466278482959e-07 -1.54766481065941e-06 -6.67535919843499e-05 1.14573824173686e-06 4.96657887618861e-08
 -2.19200909159879e-06 -3.32708749024497e-08 3.95185010197423e-07 -5.90147706970302e-07 -1.97896347714933e-11 2.29114763306155e-11 3.18022005093233e-07 1.27121275049178e-11 -1.47180253967850e-11 -1.90332980597521e-06 5.91603655726105e-12 -7.05488801971167e-12 4.29329432815304e-07 3.28704791183500e-12 1.00933617186973e-12 1.05271420580735e-07 -7.64882146113490e-13 5.45104505973970e-13 -2.17813907539053e-12 -3.12519981978144e-14 8.09607316666449e-09 1.51886730548899e-13 -4.04688374795877e-13 6.38234266359000e-14 2.33986802238565e-12 -3.94629961632882e-12 1.74698769132709e-08 3.52712585898884e-12 3.92432817964539e-13 9.46446161259016e-14 -9.77313320527470e-08 2.11312475881963e-06 -1.93575331848937e-07 2.12847057691677e-13 -1.49554167071316e-13 1.71827734641413e-08 -1.34272036884841e-12 1.62320446204460e-12 1.18183818761080e-07 2.68329358000213e-13 1.03204353301790e-12 2.21668686270480e-08 -7.54661483873179e-13 5.45914174763333e-14
 2.63127619288275e-06 4.21399187696970e-08 -4.11696812003216e-07 7.04429185159468e-07 2.37692125339421e-11 -2.75090655197139e-11 -3.73175631633239e-07 -1.52287514917046e-11 1.76217224951306e-11 2.27807488125602e-06 -7.05488801971167e-12 8.41569467221166e-12 -5.07200081429500e-07 -3.88816784409399e-12 -1.23387033831674e-12 -1.26435502712801e-07 9.40721400655164e-13 -6.46815499073237e-13 2.53149490506740e-12 1.51956690536188e-13 -1.34842371173700e-08 -2.83651995565590e-13 4.75012845278768e-13 -7.63424813636994e-14 -2.76377768143342e-12 4.66357815807002e-12 -2.08706957481950e-08 -4.16724466889897e-12 -4.63902760714882e-13 -1.13217792785436e-13 1.21627679836833e-07 -2.50983368980864e-06 2.28601210338485e-07 -2.02010518146491e-13 1.19505608212885e-13 -1.96650304814469e-08 1.43329598995107e-12 -1.74461471380534e-12 -1.36828578500251e-07 -2.84903095861733e-13 -1.39172146338453e-12 -2.65238191444846e-08 1.03160367706009e-12 -5.90866486502970e-14
 -2.48029226979041e-02 3.13625699341863e-03 9.98259940347822e-02 -5.16096173631531e-02 -1.40672750042090e-06 1.65150394811014e-06 3.53384209024770e-02 1.13412976905794e-06 -1.35267791977544e-06 -1.98881858184014e-01 4.29329432815304e-07 -5.07200081429500e-07 4.98657495605270e-02 2.48061716096179e-07 -2.41466523358156e-07 8.83994266227966e-03 2.26507285102420e-07 4.49968100488400e-08 -2.38458987873163e-07 2.22613059729500e-07 3.59181065969504e-04 -1.78314541409724e-07 -4.33144689103170e-08 3.61897065672791e-09 1.76466346620843e-07 -2.17157444681187e-07 1.17198027092117e-03 1.93612715773269e-07 3.08229718643885e-08 5.20287342626022e-09 -1.69873122368630e-02 2.46351290256027e-01 -3.25613210800703e-02 5.21885222677680e-08 -4.27693606102542e-08 3.74894752783989e-03 -2.34881625886720e-07 2.85186793530637e-07 1.14921039468602e-02 3.99852832579132e-08 -1.08520416349916e-07 4.45332190424111e-04 1.07721841746128e-07 7.82167216845782e-09
 -1.47937362743386e-06 4.67886966227102e-09 1.05985019768549e-06 -2.75675576477601e-07 -7.82398985523814e-12 9.14630548053036e-12 2.39973387323555e-07 4.77144596145710e-12 -5.54310146216666e-12 -6.25004984149039e-07 3.28704791183500e-12 -3.88816784409399e-12 2.48061716096179e-07 2.39860966153213e-12 1.37395174766964e-12 3.56868189361357e-08 -1.12442007784810e-12 3.41268748641426e-13 -2.13325670475403e-12 1.20955014610059e-12 -6.88678769175155e-08 -1.06446600196425e-12 -3.10001343165833e-13 3.54443178768261e-14 1.78553317790614e-12 -3.32407290295189e-12 9.39824391615846e-09 2.99197604362524e-12 2.86747005749321e-13 5.31243394681584e-14 8.84506429167859e-08 9.55901457776000e-07 -6.86393778783288e-08 9.61064458642356e-13 -1.08387467782632e-12 1.44468167495283e-08 -3.39557578275314e-12 3.86796346755747e-12 1.32440101085751e-07 7.39169687897504e-13 -1.73763018557250e-12 1.57490732457112e-08 1.41502884479129e-12 1.29959788783571e-13
 -3.19827324112825e-06 -6.41590139088084e-08 2.49810132790014e-07 1.44280961578354e-07 1.54301616412843e-12 -2.03991354701032e-12 -5.41305148398421e-08 -5.50603139737046e-12 7.04318825543940e-12 1.49217406626089e-06 1.00933617186973e-12 -1.23387033831674e-12 -2.41466523358156e-07 1.37395174766964e-12 7.13555368878927e-12 -4.23925927394581e-08 -6.32022142392261e-12 6.26382369146792e-14 -5.32415632216564e-13 -1.87996287308577e-12 -1.20418653881671e-07 1.40551031875430e-12 3.16675697214646e-14 2.87790099909193e-14 1.11402909226269e-12 -3.83889244807344e-12 4.14710907090261e-09 3.47558515426559e-12 1.43324021093722e-13 4.65406515070431e-14 4.03261357056268e-07 -1.65929202921295e-06 3.61301658613036e-07 8.31800866684885e-13 -1.17736169655589e-12 -3.29346879475640e-08 -2.34178815811431e-12 2.40264785729369e-12 8.31122862487834e-08 6.94958335339682e-13 -5.42527662043842e-13 3.02540531507819e-08 1.42473613928304e-13 1.11900847838592e-13
 -1.67825769255204e-02 -1.07523810964178e-03 -2.15829653326603e-02 -1.34039091950177e-02 -4.80504558569466e-07 5.54617526456095e-07 4.09190069471362e-03 3.38783639250740e-07 -3.94839148674615e-07 -5.68893947282396e-02 1.05271420580735e-07 -1.26435502712801e-07 8.83994266227966e-03 3.56868189361357e-08 -4.23925927394581e-08 2.91641715000852e-03 3.92658891022164e-08 8.57828738471671e-09 -7.51511221940553e-09 -3.20343011764046e-08 3.15201502863114e-03 3.39866265308366e-08 -4.87504498840810e-09 1.05015568940910e-09 2.21711354122014e-08 -1.76383752823534e-08 3.15426319115691e-04 1.48581994514397e-08 4.34759275167185e-09 1.52009459950954e-09 -8.47218022802287e-03 5.45240826594676e-02 -6.62678317505696e-03 -2.78614140350620e-08 3.59173974109247e-08 3.16622083854562e-04 7.37348600733466e-08 -7.92554981113239e-08 -4.04172040505675e-04 -1.78278030648036e-08 9.81095227577726e-08 1.53729737298859e-04 -7.52843973839985e-08 -2.81096297027150e-09
 2.79726637597647e-06 5.77552923393339e-08 -1.73121872046844e-07 -1.40294432710528e-07 -1.68705483807539e-12 2.18427345186534e-12 5.89469629007120e-08 5.11031483012234e-12 -6.51551677013464e-12 -1.35817579595787e-06 -7.64882146113490e-13 9.40721400655164e-13 2.26507285102420e-07 -1.12442007784810e-12 -6.32022142392261e-12 3.92658891022164e-08 5.60208379848802e-12 -4.14338696412530e-14 3.80277175845763e-13 1.74118561504591e-12 1.04325725756099e-07 -1.31009476629559e-12 -4.19450652471425e-14 -2.42573208022122e-14 -9.18247028998697e-13 3.28683523489852e-12 -3.31740186750029e-09 -2.97645472847209e-12 -1.15696639331152e-13 -3.94006061028359e-14 -3.56056947368894e-07 1.52307256665829e-06 -3.25839881939283e-07 -6.97913346494717e-13 1.00080117114558e-12 3.01048980492924e-08 1.93394722258810e-12 -1.96634900585144e-12 -6.83259519158520e-08 -5.86569397756173e-13 3.96299045362846e-13 -2.63803383191651e-08 -5.52685896790272e-14 -9.39566191485556e-14
 -1.83650846791727e-07 -1.74787080931588e-10 1.07586918696134e-07 -5.33692642897942e-08 -1.61665210051892e-12 1.88312705572403e-12 3.64479119081917e-08 1.08213884427354e-12 -1.26431413715653e-12 -1.63931780364118e-07 5.45104505973970e-13 -6.46815499073237e-13 4.49968100488400e-08 3.41268748641426e-13 6.26382369146792e-14 8.57828738471671e-09 -4.14338696412530e-14 5.40444297488281e-14 -2.79457590626995e-13 1.32349509239796e-13 -3.92026682341265e-09 -1.07136250079034e-13 -4.62434008203382e-14 5.61761119688133e-15 2.47804743376692e-13 -4.16752641841484e-13 1.56552595184909e-09 3.73679383255340e-13 4.10797024306989e-14 8.32345033102400e-15 -2.60071151659904e-09 2.05064139262234e-07 -2.01823083018430e-08 8.20432455441200e-14 -8.48832502596094e-14 2.53824562625315e-09 -3.25660270578863e-13 3.79131143913048e-13 1.58370482504862e-08 6.70862504338480e-14 -9.74886154480147e-14 1.95704252079832e-09 8.76954835658940e-14 1.22850435823351e-14
 7.42774532003616e-07 -4.32233177774201e-08 -1.70125754615680e-06 1.66884020537657e-07 2.25246684412851e-12 -2.82486992193814e-12 -2.58437457746018e-07 -1.85951169711774e-12 2.32087509376521e-12 2.41356861037076e-07 -2.17813907539053e-12 2.53149490506740e-12 -2.38458987873163e-07 -2.13325670475403e-12 -5.32415632216564e-13 -7.51511221940553e-09 3.80277175845763e-13 -2.79457590626995e-13 2.51877643178504e-12 -2.68430083832663e-12 1.11877515932163e-07 2.39392272476213e-12 3.30266148813093e-13 -1.99212595251025e-14 -1.63955399131294e-12 2.96921161654689e-12 -5.61675069200012e-09 -2.68476942997956e-12 -2.59512655911695e-13 -2.98434430372321e-14 -1.51254600983720e-07 -7.64849607575644e-07 7.56778301333010e-08 -1.51742983134507e-12 1.72280416260345e-12 -2.27152730833006e-08 5.09526875181686e-12 -5.79565167084129e-12 -1.57544689487338e-07 -1.08806808758105e-12 3.85590163061808e-12 -9.41957340353238e-09 -3.14352997927659e-12 -1.88516764912332e-13
 9.78958857962827e-07 1.06774328744334e-07 2.42956410166072e-06 8.69852354701960e-09 6.64670270775150e-12 -7.27055193443920e-12 2.57503894044201e-07 -2.22771443544276e-12 2.10610871978036e-12 1.88367519929901e-07 -3.12519981978144e-14 1.51956690536188e-13 2.22613059729500e-07 1.20955014610059e-12 -1.87996287308577e-12 -3.20343011764046e-08 1.74118561504591e-12 1.32349509239796e-13 -2.68430083832663e-12 4.88435359142899e-12 -1.46400961219671e-07 -4.34017473921735e-12 -3.18523987918581e-13 -1.15331166239111e-14 1.01285642401287e-12 -1.43440777473345e-12 -1.75287491933051e-09 1.31791456220673e-12 1.58464821554547e-13 -1.78027178736720e-14 1.71329586629426e-07 5.86149052740452e-07 -1.26743700152514e-07 2.05625220710275e-12 -2.31312133119198e-12 3.70933862613514e-08 -6.70247622201436e-12 7.65173415698212e-12 1.62429683971129e-07 1.38158701847122e-12 -6.55815241992282e-12 -6.20935062764463e-09 5.39135618178385e-12 2.37586879313227e-13
 3.79323925862738e-02 -2.73906299763093e-03 -1.04127185136137e-01 -8.01843804631676e-03 -4.34916682526597e-07 4.93378855447301e-07 -7.07746598805385e-03 3.24540724996442e-07 -3.75447952077468e-07 -6.16878126247066e-02 8.09607316666449e-09 -1.34842371173700e-08 3.59181065969504e-04 -6.88678769175155e-08 -1.20418653881671e-07 3.15201502863114e-03 1.04325725756099e-07 -3.92026682341265e-09 1.11877515932163e-07 -1.46400961219671e-07 9.46980188281456e-03 1.38390257622499e-07 9.69249998813961e-09 3.53848650810441e-11 -5.91108197776175e-08 1.44360960703694e-07 5.85835908938923e-05 -1.31761494124872e-07 -8.20680589836911e-09 -2.90247632625808e-11 -1.90908926540517e-02 3.60309720807020e-02 -6.27842578322737e-03 -1.06542417651680e-07 1.27280530834310e-07 -4.75208652909399e-04 3.32844989046352e-07 -3.71722859718135e-07 -8.30245604640838e-03 -7.47102264596450e-08 2.89940440516650e-07 -4.75018406716634e-04 -2.29139696056161e-07 -1.25799679474656e-08
 -8.03417799118190e-07 -9.47575070782835e-08 -2.20135376279338e-06 -3.14256224520945e-08 -6.66073544093903e-12 7.33831342598890e-12 -2.21699917494409e-07 2.63535495625172e-12 -2.65313775311695e-12 -2.93623971894898e-07 1.51886730548899e-13 -2.83651995565590e-13 -1.78314541409724e-07 -1.06446600196425e-12 1.40551031875430e-12 3.39866265308366e-08 -1.31009476629559e-12 -1.07136250079034e-13 2.39392272476213e-12 -4.34017473921735e-12 1.38390257622499e-07 3.87232170779271e-12 2.75527202291636e-13 1.09632131148501e-14 -9.01537437551245e-13 1.36215018351000e-12 1.89963796912549e-09 -1.25199737360469e-12 -1.38874067456434e-13 1.67148722338891e-14 -1.76501132707878e-07 -3.94436652680936e-07 9.27326923423428e-08 -1.89500660242832e-12 2.14537837543370e-12 -3.16063591617241e-08 6.14134071538592e-12 -6.99613313139223e-12 -1.47580100299074e-07 -1.27588140815319e-12 5.99634186549208e-12 4.87662194586971e-09 -4.91290967905844e-12 -2.18818157417768e-13
 9.52196463864085e-08 -4.65968969976960e-09 -1.90674174825590e-07 3.91177596531972e-08 8.97590191883550e-13 -1.06674349587653e-12 -3.87386939090417e-08 -6.97270400816410e-13 8.36614269639303e-13 1.11738331258792e-07 -4.04688374795877e-13 4.75012845278768e-13 -4.33144689103170e-08 -3.10001343165833e-13 3.16675697214646e-14 -4.87504498840810e-09 -4.19450652471425e-14 -4.62434008203382e-14 3.30266148813093e-13 -3.18523987918581e-13 9.69249998813961e-09 2.75527202291636e-13 4.88153575449645e-14 -3.67949888604410e-15 -2.31337713744277e-13 3.78828670665891e-13 -1.08790531540488e-09 -3.41153138687804e-13 -3.78785260789433e-14 -5.42329116954458e-15 -6.26798067464701e-09 -1.77351043296182e-07 2.03930985018908e-08 -1.55310418634131e-13 1.69452177411923e-13 -3.53930078967010e-09 5.49143709892968e-13 -6.32102841790199e-13 -1.92390111214520e-08 -1.13380019147447e-13 3.71189385944921e-13 -1.20279762093179e-09 -3.10451892278753e-13 -2.00460263656853e-14
 -3.12055586494984e-08 -6.41534206782912e-10 1.11817137747842e-09 -5.84147193550941e-09 -2.12315321065206e-13 2.44637877214523e-13 2.81736759530153e-09 1.23580167945809e-13 -1.40936193672287e-13 -1.68378559897440e-08 6.38234266359000e-14 -7.63424813636994e-14 3.61897065672791e-09 3.54443178768261e-14 2.87790099909193e-14 1.05015568940910e-09 -2.42573208022122e-14 5.61761119688133e-15 -1.99212595251025e-14 -1.15331166239111e-14 3.53848650810441e-11 1.09632131148501e-14 -3.67949888604410e-15 7.43796544608393e-16 2.53057083826291e-14 -4.73451740494127e-14 1.93427286576162e-10 4.23607301724912e-14 4.16604868674586e-15 1.11241741690718e-15 -3.88969280112442e-10 1.75295629896169e-08 -1.04375682578669e-09 1.03100739481641e-15 -7.50289635785337e-16 5.31234251342539e-11 -9.31099018678901e-15 1.09802678667493e-14 1.17450851870234e-09 2.29341579914088e-15 1.91149128737841e-14 3.05645578376773e-10 -1.53988483855585e-14 4.65759660951320e-16
 -1.09933152647862e-06 6.09805131588722e-09 8.64759860079352e-07 -1.88376264076585e-07 -5.13489264518833e-12 6.01800894098517e-12 1.78604371177961e-07 3.06476494447366e-12 -3.56127807075960e-12 -3.80703010563189e-07 2.33986802238565e-12 -2.76377768143342e-12 1.76466346620843e-07 1.78553317790614e-12 1.11402909226269e-12 2.21711354122014e-08 -9.18247028998697e-13 2.47804743376692e-13 -1.63955399131294e-12 1.01285642401287e-12 -5.91108197776175e-08 -9.01537437551245e-13 -2.31337713744277e-13 2.53057083826291e-14 1.33737940916271e-12 -2.52733904873488e-12 6.65493088789489e-09 2.27675078958614e-12 2.13403650111944e-13 3.80173815991440e-14 8.33791392570173e-08 6.43312487515699e-07 -4.20894873960542e-08 7.97410145000787e-13 -9.06958556226584e-13 1.07680279866434e-08 -2.77157619201252e-12 3.14915880007592e-12 1.03251740284296e-07 6.05884445420930e-13 -1.54125031216226e-12 1.17723883759469e-08 1.24754334186356e-12 1.05939059428767e-13
 2.63705117871918e-06 9.10853123205267e-10 -1.65358567893599e-06 2.44607087634175e-07 6.81960379166685e-12 -7.96796784269102e-12 -2.84047363027104e-07 -2.76358384577132e-12 3.05030878984277e-12 9.19699105764049e-08 -3.94629961632882e-12 4.66357815807002e-12 -2.17157444681187e-07 -3.32407290295189e-12 -3.83889244807344e-12 -1.76383752823534e-08 3.28683523489852e-12 -4.16752641841484e-13 2.96921161654689e-12 -1.43440777473345e-12 1.44360960703694e-07 1.36215018351000e-12 3.78828670665891e-13 -4.73451740494127e-14 -2.52733904873488e-12 5.28727412865078e-12 -1.14741763594527e-08 -4.77107839532110e-12 -3.91908976519608e-13 -7.21445453617411e-14 -2.75278748093278e-07 -5.19548687918806e-07 -3.87561169391217e-08 -1.70044431099137e-12 2.00594004809555e-12 -9.66083870297400e-09 5.69094110016901e-12 -6.38672268019050e-12 -2.02290885946996e-07 -1.29487370472690e-12 3.19268272952820e-12 -2.73659808017869e-08 -2.49687927675805e-12 -2.22935702175590e-13
 -7.00974728776960e-03 -1.35979674128610e-04 4.34788383641930e-04 -1.72364166527482e-03 -6.00327087852147e-08 6.93508930115816e-08 8.50233588676138e-04 3.75523202218404e-08 -4.32757380014428e-08 -5.52130457883695e-03 1.74698769132709e-08 -2.08706957481950e-08 1.17198027092117e-03 9.39824391615846e-09 4.14710907090261e-09 3.15426319115691e-04 -3.31740186750029e-09 1.56552595184909e-09 -5.61675069200012e-09 -1.75287491933051e-09 5.85835908938923e-05 1.89963796912549e-09 -1.08790531540488e-09 1.93427286576162e-10 6.65493088789489e-09 -1.14741763594527e-08 5.21974601292870e-05 1.02481355370369e-08 1.11595597057851e-09 2.87378665269662e-10 -3.05523743562160e-04 5.88514970349903e-03 -4.98916839302816e-04 6.33896441526714e-11 1.72183003363932e-10 3.62675928753478e-05 -2.08114413904917e-09 2.61819158905318e-09 3.04195752557170e-04 4.22170086712702e-10 5.00139056723026e-09 6.95749271549526e-05 -3.86191365483770e-09 9.67642528254132e-11
 -2.37271536074587e-06 -1.95086112751994e-10 1.50620446013168e-06 -2.16279748926399e-07 -5.97789566958228e-12 6.98804656311751e-12 2.55696338263404e-07 2.37486849949295e-12 -2.61505617688193e-12 -6.33103121351410e-08 3.52712585898884e-12 -4.16724466889897e-12 1.93612715773269e-07 2.99197604362524e-12 3.47558515426559e-12 1.48581994514397e-08 -2.97645472847209e-12 3.73679383255340e-13 -2.68476942997956e-12 1.31791456220673e-12 -1.31761494124872e-07 -1.25199737360469e-12 -3.41153138687804e-13 4.23607301724912e-14 2.27675078958614e-12 -4.77107839532110e-12 1.02481355370369e-08 4.30569503771370e-12 3.52746349723332e-13 6.45758161675049e-14 2.51820549373241e-07 4.52051884444934e-07 3.69210385651288e-08 1.54971483396003e-12 -1.82888621956757e-12 8.70637412755124e-09 -5.17944246599260e-12 5.81182473093731e-12 1.83171708363123e-07 1.17849319451799e-12 -2.93183402122835e-12 2.46394928302462e-08 2.29303763779245e-12 2.02810547910114e-13
 -1.67818424974510e-07 9.08536437426454e-10 1.30796528724423e-07 -3.35021990585585e-08 -9.33477679740374e-13 1.09269396749235e-12 2.94177810473597e-08 5.84287901928697e-13 -6.81279173228374e-13 -7.87282235494429e-08 3.92432817964539e-13 -4.63902760714882e-13 3.08229718643885e-08 2.86747005749321e-13 1.43324021093722e-13 4.34759275167185e-09 -1.15696639331152e-13 4.10797024306989e-14 -2.59512655911695e-13 1.58464821554547e-13 -8.20680589836911e-09 -1.38874067456434e-13 -3.78785260789433e-14 4.16604868674586e-15 2.13403650111944e-13 -3.91908976519608e-13 1.11595597057851e-09 3.52746349723332e-13 3.43577572405857e-14 6.23433045597698e-15 9.86096810360819e-09 1.20233404538981e-07 -9.40927137530157e-09 1.16774073035961e-13 -1.31059132469871e-13 1.88476700456804e-09 -4.13206875804239e-13 4.71414083687224e-13 1.59732146121772e-08 8.93349364814918e-14 -2.18383728304688e-13 1.80352087109627e-09 1.78708692401560e-13 1.57248376512364e-14
 -4.78262270323989e-08 -9.76735399018298e-10 1.95200576563698e-09 -8.52091383884650e-09 -3.11504671981037e-13 3.58796270149277e-13 4.13563062317390e-09 1.78671777686080e-13 -2.03337391204836e-13 -2.39090754171480e-08 9.46446161259016e-14 -1.13217792785436e-13 5.20287342626022e-09 5.31243394681584e-14 4.65406515070431e-14 1.52009459950954e-09 -3.94006061028359e-14 8.32345033102400e-15 -2.98434430372321e-14 -1.78027178736720e-14 -2.90247632625808e-11 1.67148722338891e-14 -5.42329116954458e-15 1.11241741690718e-15 3.80173815991440e-14 -7.21445453617411e-14 2.87378665269662e-10 6.45758161675049e-14 6.23433045597698e-15 1.66577529506023e-15 -3.21746798889814e-10 2.48782155052732e-08 -1.33067185812078e-09 2.14670231358323e-15 -1.95553341126770e-15 6.10135369458159e-11 -1.55449254868298e-14 1.81016410913727e-14 1.79060244625265e-09 3.88213099113523e-15 2.74231242674546e-14 4.68015313557485e-10 -2.22606168994503e-14 7.68223050411533e-16
 -1.20692234050383e-01 2.91161726644440e-03 1.65265166592505e-01 2.91584333276633e-02 1.13346894703302e-06 -1.30445897002223e-06 3.11797041742227e-03 -9.46807729401805e-07 1.11750919953309e-06 1.84275300688185e-01 -9.77313320527470e-08 1.21627679836833e-07 -1.69873122368630e-02 8.84506429167859e-08 4.03261357056268e-07 -8.47218022802287e-03 -3.56056947368894e-07 -2.60071151659904e-09 -1.51254600983720e-07 1.71329586629426e-07 -1.90908926540517e-02 -1.76501132707878e-07 -6.26798067464701e-09 -3.88969280112442e-10 8.33791392570173e-08 -2.75278748093278e-07 -3.05523743562160e-04 2.51820549373241e-07 9.86096810360819e-09 -3.21746798889814e-10 4.53385826111275e-02 -1.53245143047068e-01 2.55777819547768e-02 1.91690248583481e-07 -2.37072678344848e-07 -6.62516808401745e-04 -5.76986896853899e-07 6.34988548937552e-07 1.35109277335632e-02 1.35686718275035e-07 -4.97649770854083e-07 1.29730048580468e-03 3.82748144259544e-07 2.24932297506262e-08
 3.88010132397476e-02 6.19070180186978e-03 1.18583779256201e-01 -2.80973517706936e-01 -8.39930819622961e-06 9.80219523088912e-06 1.47844804541403e-01 6.71510295883770e-06 -7.97215155734045e-06 -1.19869788209574e+00 2.11312475881963e-06 -2.50983368980864e-06 2.46351290256027e-01 9.55901457776000e-07 -1.65929202921295e-06 5.45240826594676e-02 1.52307256665829e-06 2.05064139262234e-07 -7.64849607575644e-07 5.86149052740452e-07 3.60309720807020e-02 -3.94436652680936e-07 -1.77351043296182e-07 1.75295629896169e-08 6.43312487515699e-07 -5.19548687918806e-07 5.88514970349903e-03 4.52051884444934e-07 1.20233404538981e-07 2.48782155052732e-08 -1.53245143047068e-01 1.34130670279049e+00 -1.83786555647328e-01 -1.26940653617090e-07 2.48604909995486e-07 1.68775284491002e-02 4.42225669815865e-08 6.38576618426868e-08 2.61553627965027e-02 -7.34119115485575e-08 4.94584169502448e-07 2.51738286394064e-04 -2.81460857732925e-07 -7.01114573215784e-09
 -8.92349483911250e-02 -2.67143705713012e-03 -1.48418380040835e-02 3.28291695804105e-02 8.87290212206410e-07 -1.04337460831153e-06 -1.76785460250630e-02 -8.29711472480370e-07 9.99928904045832e-07 1.61874028988077e-01 -1.93575331848937e-07 2.28601210338485e-07 -3.25613210800703e-02 -6.86393778783288e-08 3.61301658613036e-07 -6.62678317505696e-03 -3.25839881939283e-07 -2.01823083018430e-08 7.56778301333010e-08 -1.26743700152514e-07 -6.27842578322737e-03 9.27326923423428e-08 2.03930985018908e-08 -1.04375682578669e-09 -4.20894873960542e-08 -3.87561169391217e-08 -4.98916839302816e-04 3.69210385651288e-08 -9.40927137530157e-09 -1.33067185812078e-09 2.55777819547768e-02 -1.83786555647328e-01 2.87708566685635e-02 2.68758077656600e-08 -4.73880086531621e-08 -2.72911848387822e-03 -3.97958969386051e-08 2.66467933625706e-08 -1.19038678496375e-03 2.02966833202951e-08 -4.11783359432901e-08 7.68678499611642e-04 1.31114774637820e-08 2.71324359668043e-09
 -2.94122907945521e-07 3.92455711884779e-08 1.32175235588982e-06 4.38526945326046e-08 3.93013415700194e-12 -4.39420261876227e-12 1.18356499415203e-07 -2.61170454144526e-12 2.94809152501925e-12 4.85270351161060e-07 2.12847057691677e-13 -2.02010518146491e-13 5.21885222677680e-08 9.61064458642356e-13 8.31800866684885e-13 -2.78614140350620e-08 -6.97913346494717e-13 8.20432455441200e-14 -1.51742983134507e-12 2.05625220710275e-12 -1.06542417651680e-07 -1.89500660242832e-12 -1.55310418634131e-13 1.03100739481641e-15 7.97410145000787e-13 -1.70044431099137e-12 6.33896441526714e-11 1.54971483396003e-12 1.16774073035961e-13 2.14670231358323e-15 1.91690248583481e-07 -1.26940653617090e-07 2.68758077656600e-08 1.27671535293309e-12 -1.49796575179018e-12 1.07991334777823e-08 -4.06473724660706e-12 4.57125302950578e-12 1.04804690255240e-07 8.91789413906826e-13 -3.54400978874414e-12 4.35820139472237e-09 2.83598693920766e-12 1.51387539979553e-13
 3.98545862980931e-07 -4.39207134212652e-08 -1.52651423185779e-06 -6.84597143974116e-08 -5.02672014992591e-12 5.64806232919837e-12 -1.27918396653044e-07 3.48065294427624e-12 -3.96476063672569e-12 -6.52333200428644e-07 -1.49554167071316e-13 1.19505608212885e-13 -4.27693606102542e-08 -1.08387467782632e-12 -1.17736169655589e-12 3.59173974109247e-08 1.00080117114558e-12 -8.48832502596094e-14 1.72280416260345e-12 -2.31312133119198e-12 1.27280530834310e-07 2.14537837543370e-12 1.69452177411923e-13 -7.50289635785337e-16 -9.06958556226584e-13 2.00594004809555e-12 1.72183003363932e-10 -1.82888621956757e-12 -1.31059132469871e-13 -1.95553341126770e-15 -2.37072678344848e-07 2.48604909995486e-07 -4.73880086531621e-08 -1.49796575179018e-12 1.76649808111037e-12 -1.09953420883033e-08 4.74426776106288e-12 -5.32524757281682e-12 -1.21248606098445e-07 -1.04751387236082e-12 4.13477077569446e-12 -5.55905068942749e-09 -3.29740374680028e-12 -1.77420928833931e-13
 9.48197870671736e-03 7.75680206268936e-04 1.58017278833826e-02 -2.52618537023280e-03 -3.33690322549668e-08 4.21791291899608e-08 2.92769963875276e-03 4.98844203701770e-08 -6.30412812104987e-08 -1.06910473189850e-02 1.71827734641413e-08 -1.96650304814469e-08 3.74894752783989e-03 1.44468167495283e-08 -3.29346879475640e-08 3.16622083854562e-04 3.01048980492924e-08 2.53824562625315e-09 -2.27152730833006e-08 3.70933862613514e-08 -4.75208652909399e-04 -3.16063591617241e-08 -3.53930078967010e-09 5.31234251342539e-11 1.07680279866434e-08 -9.66083870297400e-09 3.62675928753478e-05 8.70637412755124e-09 1.88476700456804e-09 6.10135369458159e-11 -6.62516808401745e-04 1.68775284491002e-02 -2.72911848387822e-03 1.07991334777823e-08 -1.09953420883033e-08 4.07679896512846e-04 -3.87676330266070e-08 4.55134001733061e-08 1.15046318362660e-03 7.22736088775736e-09 -3.57057497163759e-08 -6.54661397521921e-05 3.07336856141317e-08 1.29898111864268e-09
 1.01032464199127e-06 -1.25696123079194e-07 -4.26780896437854e-06 -5.92571032397787e-08 -1.00744429431417e-11 1.11482454982358e-11 -4.21539295092519e-07 6.46784105011060e-12 -7.20393318974071e-12 -1.22850608927342e-06 -1.34272036884841e-12 1.43329598995107e-12 -2.34881625886720e-07 -3.39557578275314e-12 -2.34178815811431e-12 7.37348600733466e-08 1.93394722258810e-12 -3.25660270578863e-13 5.09526875181686e-12 -6.70247622201436e-12 3.32844989046352e-07 6.14134071538592e-12 5.49143709892968e-13 -9.31099018678901e-15 -2.77157619201252e-12 5.69094110016901e-12 -2.08114413904917e-09 -5.17944246599260e-12 -4.13206875804239e-13 -1.55449254868298e-14 -5.76986896853899e-07 4.42225669815865e-08 -3.97958969386051e-08 -4.06473724660706e-12 4.74426776106288e-12 -3.87676330266070e-08 1.30416701900765e-11 -1.46951353003382e-11 -3.45066656132633e-07 -2.84673616094087e-12 1.11952776337519e-11 -1.47819186151104e-08 -8.98566492053192e-12 -4.84740236621991e-13
 -1.07441337971027e-06 1.43805493554414e-07 4.82741085822069e-06 4.73206218201614e-08 1.08594042111644e-11 -1.19798460631022e-11 4.86529585362779e-07 -6.80043755215940e-12 7.52637516364527e-12 1.28708996923061e-06 1.62320446204460e-12 -1.74461471380534e-12 2.85186793530637e-07 3.86796346755747e-12 2.40264785729369e-12 -7.92554981113239e-08 -1.96634900585144e-12 3.79131143913048e-13 -5.79565167084129e-12 7.65173415698212e-12 -3.71722859718135e-07 -6.99613313139223e-12 -6.32102841790199e-13 1.09802678667493e-14 3.14915880007592e-12 -6.38672268019050e-12 2.61819158905318e-09 5.81182473093731e-12 4.71414083687224e-13 1.81016410913727e-14 6.34988548937552e-07 6.38576618426868e-08 2.66467933625706e-08 4.57125302950578e-12 -5.32524757281682e-12 4.55134001733061e-08 -1.46951353003382e-11 1.65698399334783e-11 3.90007341169240e-07 3.20008963370518e-12 -1.26175938837136e-11 1.61077005728019e-08 1.01401428790245e-11 5.45367717027091e-13
 -6.08116874228975e-02 2.54083387198177e-03 1.11503873926656e-01 -6.63489342624182e-03 -2.75450538794127e-08 4.42485424743423e-08 1.48265669569123e-02 1.08458317943919e-08 -1.85661443409623e-08 5.83484935228967e-03 1.18183818761080e-07 -1.36828578500251e-07 1.14921039468602e-02 1.32440101085751e-07 8.31122862487834e-08 -4.04172040505675e-04 -6.83259519158520e-08 1.58370482504862e-08 -1.57544689487338e-07 1.62429683971129e-07 -8.30245604640838e-03 -1.47580100299074e-07 -1.92390111214520e-08 1.17450851870234e-09 1.03251740284296e-07 -2.02290885946996e-07 3.04195752557170e-04 1.83171708363123e-07 1.59732146121772e-08 1.79060244625265e-09 1.35109277335632e-02 2.61553627965027e-02 -1.19038678496375e-03 1.04804690255240e-07 -1.21248606098445e-07 1.15046318362660e-03 -3.45066656132633e-07 3.90007341169240e-07 1.03281463729817e-02 7.52544137903105e-08 -2.63150663586711e-07 7.24648970008382e-04 2.11801546018122e-07 1.29298910869201e-08
 -2.89081183095650e-07 2.53551756070957e-08 9.17320279469759e-07 2.15134394244173e-08 2.35911812022382e-12 -2.62812151714529e-12 8.61309360097122e-08 -1.64236698399303e-12 1.85954058039216e-12 3.20466278482959e-07 2.68329358000213e-13 -2.84903095861733e-13 3.99852832579132e-08 7.39169687897504e-13 6.94958335339682e-13 -1.78278030648036e-08 -5.86569397756173e-13 6.70862504338480e-14 -1.08806808758105e-12 1.38158701847122e-12 -7.47102264596450e-08 -1.27588140815319e-12 -1.13380019147447e-13 2.29341579914088e-15 6.05884445420930e-13 -1.29487370472690e-12 4.22170086712702e-10 1.17849319451799e-12 8.93349364814918e-14 3.88213099113523e-15 1.35686718275035e-07 -7.34119115485575e-08 2.02966833202951e-08 8.91789413906826e-13 -1.04751387236082e-12 7.22736088775736e-09 -2.84673616094087e-12 3.20008963370518e-12 7.52544137903105e-08 6.26784548371728e-13 -2.41976245569885e-12 3.84128965014098e-09 1.93329229161275e-12 1.06474726656892e-13
 -4.09853316625543e-07 -1.39719750931523e-07 -3.77121133584959e-06 -2.38413517613175e-07 -1.60774422375427e-11 1.80907895938635e-11 -2.87632444770362e-07 9.52046912248542e-12 -1.06400712302492e-11 -1.54766481065941e-06 1.03204353301790e-12 -1.39172146338453e-12 -1.08520416349916e-07 -1.73763018557250e-12 -5.42527662043842e-13 9.81095227577726e-08 3.96299045362846e-13 -9.74886154480147e-14 3.85590163061808e-12 -6.55815241992282e-12 2.89940440516650e-07 5.99634186549208e-12 3.71189385944921e-13 1.91149128737841e-14 -1.54125031216226e-12 3.19268272952820e-12 5.00139056723026e-09 -2.93183402122835e-12 -2.18383728304688e-13 2.74231242674546e-14 -4.97649770854083e-07 4.94584169502448e-07 -4.11783359432901e-08 -3.54400978874414e-12 4.13477077569446e-12 -3.57057497163759e-08 1.11952776337519e-11 -1.26175938837136e-11 -2.63150663586711e-07 -2.41976245569885e-12 1.06459173806942e-11 -4.58314840228394e-10 -8.57076965000201e-12 -4.10026506285589e-13
 -1.89013156687552e-02 -3.25533756323695e-04 2.76003857640527e-03 -1.26306316399749e-03 -5.35904587217115e-08 6.11649572727495e-08 8.33873036896427e-04 1.74558619699161e-08 -1.77387644707706e-08 -6.67535919843499e-05 2.21668686270480e-08 -2.65238191444846e-08 4.45332190424111e-04 1.57490732457112e-08 3.02540531507819e-08 1.53729737298859e-04 -2.63803383191651e-08 1.95704252079832e-09 -9.41957340353238e-09 -6.20935062764463e-09 -4.75018406716634e-04 4.87662194586971e-09 -1.20279762093179e-09 3.05645578376773e-10 1.17723883759469e-08 -2.73659808017869e-08 6.95749271549526e-05 2.46394928302462e-08 1.80352087109627e-09 4.68015313557485e-10 1.29730048580468e-03 2.51738286394064e-04 7.68678499611642e-04 4.35820139472237e-09 -5.55905068942749e-09 -6.54661397521921e-05 -1.47819186151104e-08 1.61077005728019e-08 7.24648970008382e-04 3.84128965014098e-09 -4.58314840228394e-10 1.83939279066997e-04 -5.06824193428389e-10 6.57256494689732e-10
 4.27747304884820e-07 1.15243469509947e-07 3.04970330170355e-06 1.74004959734686e-07 1.25240083539903e-11 -1.40651561027848e-11 2.41980611160192e-07 -7.19043315787027e-12 7.98551033074457e-12 1.14573824173686e-06 -7.54661483873179e-13 1.03160367706009e-12 1.07721841746128e-07 1.41502884479129e-12 1.42473613928304e-13 -7.52843973839985e-08 -5.52685896790272e-14 8.76954835658940e-14 -3.14352997927659e-12 5.39135618178385e-12 -2.29139696056161e-07 -4.91290967905844e-12 -3.10451892278753e-13 -1.53988483855585e-14 1.24754334186356e-12 -2.49687927675805e-12 -3.86191365483770e-09 2.29303763779245e-12 1.78708692401560e-13 -2.22606168994503e-14 3.82748144259544e-07 -2.81460857732925e-07 1.31114774637820e-08 2.83598693920766e-12 -3.29740374680028e-12 3.07336856141317e-08 -8.98566492053192e-12 1.01401428790245e-11 2.11801546018122e-07 1.93329229161275e-12 -8.57076965000201e-12 -5.06824193428389e-10 6.91485719220970e-12 3.28049591853155e-13
 -4.92847832404844e-08 4.33912584823497e-09 1.56720930798854e-07 2.49946115668937e-09 3.66741649930713e-13 -4.06722379072952e-13 1.52810199242119e-08 -2.51997104741641e-13 2.83832726124149e-13 4.96657887618861e-08 5.45914174763333e-14 -5.90866486502970e-14 7.82167216845782e-09 1.29959788783571e-13 1.11900847838592e-13 -2.81096297027150e-09 -9.39566191485556e-14 1.22850435823351e-14 -1.88516764912332e-13 2.37586879313227e-13 -1.25799679474656e-08 -2.18818157417768e-13 -2.00460263656853e-14 4.65759660951320e-16 1.05939059428767e-13 -2.22935702175590e-13 9.67642528254132e-11 2.02810547910114e-13 1.57248376512364e-14 7.68223050411533e-16 2.24932297506262e-08 -7.01114573215784e-09 2.71324359668043e-09 1.51387539979553e-13 -1.77420928833931e-13 1.29898111864268e-09 -4.84740236621991e-13 5.45367717027091e-13 1.29298910869201e-08 1.06474726656892e-13 -4.10026506285589e-13 6.57256494689732e-10 3.28049591853155e-13 1.81097312140608e-14
