Paoks:
 1.98590368579725e+00 2.97469573635930e-02 -6.61382550925276e-02 1.48118652894393e-02 -2.31112194891992e-07 -1.09865333147930e-06 7.38233051667670e-05 4.49148944932893e-07 1.46858927718133e-06 -4.11461248509829e-05 -1.58962163495311e-07 -3.66836289079935e-07 1.08471127624501e-05 -4.47683662649542e-07 -9.77930135550242e-09 1.11184478523773e-02 -6.44686078290804e-08 -9.27597535198917e-07 3.40680615360703e-07 4.64298530689279e-09 -6.60527612230454e-03 1.38689409334555e-08 1.04710215844716e-06 1.26911289733519e-09 -2.44361055020215e-08 5.01599205111899e-08 3.22190319285074e-05 7.52828598318875e-08 1.62110184935467e-07 -7.60356242238023e-10 -3.14603584869819e-03 -4.78121172625587e-02 9.22412460864082e-03 -2.50333221795637e-09 1.01720983508048e-08 1.60486923191980e-03 -2.79232763534694e-08 -4.60325088786635e-08 5.98947363660444e-03 -1.34934646637396e-07 5.62868677237404e-08 -1.05579481935616e-03 -4.24509516739526e-09 5.63972451684764e-07 -3.10935089577358e-03 -4.77121287416260e-02 9.21856439585925e-03 -5.10052124682914e-09 1.01909345201948e-08 -1.59728501159985e-03 -7.07946555244028e-08 -4.87045530917627e-08 -5.98486087776079e-03 -1.17906806952630e-07 -5.93412534079361e-08 -1.06980095101441e-03 -4.14186652847827e-08 5.64367444235611e-07
 2.97469573635930e-02 4.69305313419678e-04 3.73072417587051e-03 -9.86714176980917e-04 -3.74906822818924e-09 -1.65207853890497e-08 -1.48829389060358e-06 6.64044333333303e-09 2.28750097390943e-08 9.27330087078343e-06 -2.22222927964978e-09 -5.93040765113826e-09 -3.12477675601789e-06 -1.03945794254596e-08 -1.28311221295151e-10 4.20313962333602e-04 -1.11670677042615e-09 1.63652707124245e-08 9.73838788093125e-09 9.25432747352761e-11 1.98450975675980e-04 2.08847973613358e-10 -5.22248780450013e-08 1.93378559464400e-11 -3.16429191616530e-09 1.29614870211653e-09 4.30510824429872e-07 7.41475816819709e-10 1.57627178940087e-08 -1.16741264947803e-11 -4.73808461994539e-04 2.55557400179482e-03 -3.56517440873915e-04 1.36309093126780e-10 -3.26463122474141e-10 -1.43039014346232e-05 8.52558955329643e-11 -1.19161917318461e-09 5.65955727264187e-05 1.23954119081346e-09 1.67839222204136e-09 -1.16576177902985e-05 -9.71544257162676e-10 1.25857680334059e-08 -4.71078135654046e-04 2.54020521496044e-03 -3.55258747102489e-04 4.91704172369825e-10 -3.86206915816024e-10 1.43074638257212e-05 -9.77760920924725e-10 -1.16668518242782e-09 -5.69568538957121e-05 -1.10615531686098e-09 -1.68978336689947e-09 -1.19346810460635e-05 1.80850880057301e-10 1.53677808916658e-08
 -6.61382550925276e-02 3.73072417587051e-03 9.41832810714723e-01 -2.41018768925024e-01 -4.96264426694117e-08 2.38034535693792e-08 -1.14145104356014e-04 -3.21379923199461e-08 1.25646839868376e-07 -1.35666208029570e-04 3.68128185326426e-08 -7.44680779174426e-08 1.78371459843039e-05 -7.18272220507891e-07 3.76124348769545e-09 5.01337157351355e-02 -2.78710298902179e-08 6.04817910014269e-06 9.10835782044226e-07 4.42052371894609e-09 5.94052890002880e-02 -1.84332375424915e-10 -1.35479608254927e-05 2.29576966370190e-11 -5.56223619987516e-07 1.06735131008148e-07 -2.75173859339248e-05 -7.93469720416755e-08 2.64175780414589e-06 -3.13347988696801e-11 -8.45306148872721e-02 6.50953052018464e-01 -9.85336541869103e-02 3.45140460917440e-08 -9.55033744725977e-08 -7.67212667070586e-03 1.01120368756061e-07 -9.82413111875792e-08 -6.77173900029411e-03 6.52699040302830e-07 1.64001987267767e-07 8.54190018292931e-04 -1.80177584394772e-07 8.07460129864823e-07 -8.46597720473749e-02 6.51125214187590e-01 -9.87131201378361e-02 1.13213670716591e-07 -1.07754000575050e-07 7.67437835589276e-03 1.89474536498070e-08 -8.54705130818340e-08 6.72447994545650e-03 1.35223531809122e-07 -1.57750200879747e-07 8.57883150338942e-04 1.61191206333066e-07 1.35349431172344e-06
 1.48118652894393e-02 -9.86714176980917e-04 -2.41018768925024e-01 6.16799171799588e-02 1.29500862505309e-08 -4.92129539498485e-09 2.84758364050885e-05 7.74724657632053e-09 -3.37293663087046e-08 3.82275372196294e-05 -9.25359466905418e-09 1.94535247868543e-08 -5.68134437829541e-06 1.84338496005883e-07 -9.52070960631324e-10 -1.28450313611601e-02 7.20309268683773e-09 -1.54720879727267e-06 -2.33517575394761e-07 -1.13651065816765e-09 -1.51994544458618e-02 3.22979778642716e-11 3.46687195395436e-06 -7.23029632305450e-12 1.42407797763292e-07 -2.73754103961667e-08 7.03589570971991e-06 2.02308247447994e-08 -6.76396287800438e-07 8.83202370984622e-12 2.16409467080197e-02 -1.66576340099770e-01 2.52123298500070e-02 -8.83193530146132e-09 2.44357845339699e-08 1.96217065524185e-03 -2.58548678936931e-08 2.51965523128386e-08 1.72700221188655e-03 -1.66932056108078e-07 -4.20404989487291e-08 -2.17514866278112e-04 4.61255644926636e-08 -2.07298732740961e-07 2.16748915952370e-02 -1.66626315116229e-01 2.52590086264888e-02 -2.89748402306827e-08 2.75721650142444e-08 -1.96279519079614e-03 -4.77486287078318e-09 2.19307513416299e-08 -1.71497308904504e-03 -3.44885319256760e-08 4.04445611885201e-08 -2.18472564153870e-04 -4.12179409253531e-08 -3.47061807856417e-07
 -2.31112194891992e-07 -3.74906822818924e-09 -4.96264426694117e-08 1.29500862505309e-08 3.68147507784511e-14 1.30602476033079e-13 -1.61254610058331e-08 -5.96247105819393e-14 -1.82918406612243e-13 8.39128357800114e-08 2.05370348065429e-14 4.81732087968509e-14 -2.68000891534760e-08 6.00117605116711e-14 8.15102473924112e-15 -4.37637152910535e-09 7.79130511336350e-15 -6.55794739246602e-14 -8.34059764058009e-14 -7.66145869004435e-16 -2.84194469438052e-09 -3.93333878963428e-15 6.27176356903183e-13 -1.51585713998339e-16 4.24994604428336e-14 -1.17482206598462e-14 6.38534046122145e-10 -4.77989857017817e-15 8.25118029822678e-14 9.17922932902144e-17 -5.66654070461025e-09 3.63384098595955e-08 -3.98070946961170e-09 4.54293878213801e-15 -5.53931992923091e-16 -2.08337400318536e-10 -2.16699228196697e-15 5.46488001696741e-15 -1.06570311092763e-09 5.19735125938203e-15 -2.56061985270475e-15 4.04221735888464e-10 -3.55822346139429e-15 -2.24486172384241e-13 1.67325303245612e-08 -1.04452505376125e-07 1.38343184781401e-08 -5.60821613651483e-15 1.23049354063143e-14 -7.65285596239810e-10 1.80732247887445e-15 1.48028418036206e-14 -4.68128786571550e-10 7.63659487292583e-15 2.99682843330495e-14 -2.56439499050522e-10 -1.88260343526320e-14 -1.33290519183284e-15
 -1.09865333147930e-06 -1.65207853890497e-08 2.38034535693792e-08 -4.92129539498485e-09 1.30602476033079e-13 6.08578854142293e-13 -4.97359913013875e-09 -2.50818433331939e-13 -8.15253165277864e-13 2.57001739991341e-08 8.87250968929338e-14 2.04182202513684e-13 -8.20706587541445e-09 2.46379997417656e-13 7.57370266163508e-15 -6.83866597595380e-09 3.56020922891961e-14 4.90526553507637e-13 -1.97196487264523e-13 -2.61456417854204e-15 2.84886112106458e-09 -8.38102672650950e-15 -4.18464699173101e-13 -7.02966688515322e-16 2.28345798034370e-14 -2.90098623219943e-14 1.78597669919491e-10 -4.08190335605838e-14 -4.52590145349619e-14 4.21373312152852e-16 -5.34124563223421e-10 3.91557884132264e-08 -6.48995386302876e-09 2.86030748993717e-15 -5.91645108717511e-15 -9.33022610128764e-10 1.42974329332169e-14 2.49942887277896e-14 -3.45962453071213e-09 7.47155764950513e-14 -2.90786641243650e-14 6.74340355732897e-10 1.95598845933236e-16 -3.56434903971233e-13 6.30095351253416e-09 -3.98086057969175e-09 -1.03611066416016e-09 1.49606891386888e-15 -2.05305512055487e-15 6.31154953381385e-10 3.72812048356250e-14 2.92992328115352e-14 2.98760491253613e-09 6.40315784743110e-14 3.90782598367994e-14 4.79426434682011e-10 1.64865030097201e-14 -2.85584324633329e-13
 7.38233051667670e-05 -1.48829389060358e-06 -1.14145104356014e-04 2.84758364050885e-05 -1.61254610058331e-08 -4.97359913013875e-09 4.04837293769605e-02 2.11158426040598e-08 3.44935999376123e-09 -2.10657241767634e-01 -9.95362976766328e-09 -4.89942290240440e-10 6.72843188710753e-02 9.25108262043867e-08 -1.81352807656387e-08 -2.11390028501390e-06 3.87438654298764e-09 -4.86751080516479e-07 -3.14824703275424e-08 -1.34200500335317e-10 -7.36792416251325e-06 5.78137495428142e-09 1.90834155254840e-07 -1.81713536036288e-13 -1.41782851809341e-08 -1.77521537749126e-09 -1.60860533745038e-03 1.78574216051107e-09 -6.60330798719660e-07 3.59238807836281e-13 2.81210104570901e-02 -1.76814063582425e-01 2.23575222534947e-02 -1.59531804556024e-08 1.30071616802870e-08 1.22211918956304e-03 -1.75959309801732e-09 1.50225621543911e-08 1.93338299594865e-03 -7.29932470730311e-08 -3.54437198836187e-08 -8.32017622648339e-04 3.78163083946063e-08 2.72214247213515e-07 -2.81101962942444e-02 1.76630876275130e-01 -2.23436938896686e-02 -1.75761741389233e-09 -1.74068179187970e-08 1.21987600991549e-03 1.36026068225632e-08 -9.58678992020062e-09 1.92367061024008e-03 -4.85323559212379e-09 -3.34224662286654e-08 8.30383182437708e-04 3.48715119112367e-08 -3.71905766317177e-07
 4.49148944932893e-07 6.64044333333303e-09 -3.21379923199461e-08 7.74724657632053e-09 -5.96247105819393e-14 -2.50818433331939e-13 2.11158426040598e-08 1.12891707190579e-13 3.30737130823961e-13 -1.09785714004350e-07 -4.17105707433699e-14 -8.16355179893869e-14 3.50657102789383e-08 -3.96739043723766e-14 -1.17249427617623e-14 1.59307145534953e-09 -1.20135076659658e-14 -5.73077431599259e-13 4.38348518322704e-14 8.96706159174713e-16 -2.57605776133025e-09 6.14421518413273e-15 5.82477544831443e-13 2.85725660049245e-16 -2.76486027590122e-15 8.44320908793648e-15 -8.30517446095516e-10 1.93558822329046e-14 -3.55689233077635e-13 -1.70734343922133e-16 1.54852853833254e-08 -1.14787301374715e-07 1.55269335352167e-08 -9.50711492700225e-15 1.08128123930498e-14 1.13864073151386e-09 -9.05740680010917e-15 -7.63539460088256e-16 2.48180613384444e-09 -8.03652365812464e-14 -8.76391198272509e-15 -6.87276756589886e-10 2.20326937780466e-14 2.54344432971007e-13 -1.38076150320251e-08 6.94213604049237e-08 -7.76600365003079e-09 -4.12923704822097e-15 -4.80922231528959e-15 1.35615297880288e-10 -9.22377274545718e-15 -1.44234668320344e-14 -4.69894814062253e-10 -3.15860865398048e-14 -2.79268382203826e-14 1.75816782761688e-10 5.89364653617255e-15 -9.11835012271588e-14
 1.46858927718133e-06 2.28750097390943e-08 1.25646839868376e-07 -3.37293663087046e-08 -1.82918406612243e-13 -8.15253165277864e-13 3.44935999376123e-09 3.30737130823961e-13 1.11874754708834e-12 -1.78285407807994e-08 -1.12537261097926e-13 -2.87422615098866e-13 5.68802155786560e-09 -4.59470446511967e-13 -8.12359723813216e-15 1.76046668281215e-08 -5.29247049817585e-14 3.90873040624800e-13 4.20602823798911e-13 4.27216151233848e-15 6.11029109691786e-09 1.07954585188286e-14 -1.72004646302110e-12 9.50615730917051e-16 -1.22754059835246e-13 5.70834445408021e-14 -1.16801018751046e-10 4.15471987836939e-14 5.55963415957993e-13 -5.72781854019110e-16 -1.56776962358361e-08 7.03646249109300e-08 -9.54113841659428e-09 3.19942895285073e-15 -9.06014078665897e-15 -1.25495931629252e-10 -2.18428645438212e-15 -5.13100287841222e-14 3.37134676626387e-09 1.44816367596259e-14 6.94508467843541e-14 -6.98799206226623e-10 -3.34487282212983e-14 5.93526400932207e-13 -2.04184297925201e-08 1.00290485230982e-07 -1.33499621646658e-08 1.70813135997534e-14 -1.38879908725939e-14 3.37595107728363e-10 -4.81232234983628e-14 -5.30062020465724e-14 -3.05127642690893e-09 -6.32094514368752e-14 -7.63770853617749e-14 -5.68304503738537e-10 2.00285830892401e-15 6.40921138335540e-13
 -4.11461248509829e-05 9.27330087078343e-06 -1.35666208029570e-04 3.82275372196294e-05 8.39128357800114e-08 2.57001739991341e-08 -2.10657241767634e-01 -1.09785714004350e-07 -1.78285407807994e-08 1.09615637723627e+00 5.17422288418152e-08 2.55231693751071e-09 -3.50114387551142e-01 -4.80897585097451e-07 9.43627323182336e-08 -2.56822777310497e-05 -2.01485852851262e-08 2.52805283346444e-06 1.63173210901891e-07 6.95618077981670e-10 -8.03954978660118e-06 -3.00812376419990e-08 -9.82497266120398e-07 1.11488800872536e-12 7.41983420696198e-08 9.16314879700472e-09 8.37041374606177e-03 -9.22038632576198e-09 3.43404012335219e-06 -1.95732003552217e-12 -1.46263707455130e-01 9.19548498584769e-01 -1.16260835703543e-01 8.29857254792229e-08 -6.76083523489211e-08 -6.35320441989661e-03 9.07465132638532e-09 -7.81016852676827e-08 -1.00543126321329e-02 3.79302064223329e-07 1.84314554128668e-07 4.32860055351738e-03 -1.96640306054785e-07 -1.41700266885063e-06 1.46335833898771e-01 -9.19604581012996e-01 1.16342359391860e-01 9.05848828445764e-09 9.06603478007483e-08 -6.35373353050257e-03 -7.08061574208642e-08 4.99430779701678e-08 -1.00158532128173e-02 2.51331221469127e-08 1.74025849220989e-07 -4.32171735413533e-03 -1.81583435407187e-07 1.93426256577715e-06
 -1.58962163495311e-07 -2.22222927964978e-09 3.68128185326426e-08 -9.25359466905418e-09 2.05370348065429e-14 8.87250968929338e-14 -9.95362976766328e-09 -4.17105707433699e-14 -1.12537261097926e-13 5.17422288418152e-08 1.62239542347625e-14 2.65752800172549e-14 -1.65272384491051e-08 -1.14647752471483e-14 5.35238956699792e-15 8.03263402658212e-10 3.20211152676912e-15 3.95468463008561e-13 1.13728082267146e-14 -1.85308565909799e-16 2.51404257189913e-09 -2.52078741421762e-15 -5.83566191998711e-13 -9.93442827474985e-17 -1.32305194767496e-14 5.46111931752536e-17 3.91655167300799e-10 -9.03923239365956e-15 2.37940131952560e-13 5.88688689228836e-17 -9.49206078307755e-09 6.90204257365190e-08 -9.52193975273750e-09 5.27285124984658e-15 -7.19847542654605e-15 -6.83972410381198e-10 6.02491989785135e-15 -3.34961192830690e-15 -1.17453608483966e-09 5.04532443812454e-14 9.76030996317968e-15 3.16318780615495e-10 -1.49923396734530e-14 -8.43106899197408e-14 4.31273067501711e-09 -1.77980238011237e-08 1.45239950856750e-09 4.62856598368704e-15 -1.39981345703885e-16 8.36244808023812e-11 2.88093278277381e-15 3.33404454538336e-15 2.25183943628762e-10 1.50292585416703e-14 7.60580083766114e-15 -9.07859355149100e-11 1.05563872020991e-16 9.21728133406507e-14
 -3.66836289079935e-07 -5.93040765113826e-09 -7.44680779174426e-08 1.94535247868543e-08 4.81732087968509e-14 2.04182202513684e-13 -4.89942290240440e-10 -8.16355179893869e-14 -2.87422615098866e-13 2.55231693751071e-09 2.65752800172549e-14 7.57649752531573e-14 -8.12431779981980e-10 1.49224387602705e-13 1.70746236293469e-15 -6.71306561825274e-09 1.46313951567715e-14 -3.77934395970019e-13 -1.47628749251767e-13 -1.27812262094892e-15 -4.23998480040015e-09 -2.65696337971254e-15 1.05094883795630e-12 -2.40445193338598e-16 5.60742746517648e-14 -1.92452518722732e-14 1.58234001218219e-11 -6.83876045850656e-15 -2.66223829025817e-13 1.45675409680594e-16 8.05124290312243e-09 -4.89502787356733e-08 7.08936461456187e-09 -2.52226524329056e-15 6.74417142802254e-15 3.91727925398398e-10 -4.06403579469949e-15 1.75273195241890e-14 -5.23281636425741e-10 -3.39983460307074e-14 -2.52743619293687e-14 1.29466566946794e-10 1.69651045410767e-14 -1.83674571786970e-13 8.73216142988540e-09 -5.32333032597646e-08 7.64426867450788e-09 -9.46567217104460e-15 8.23639972315061e-15 -4.22712393946593e-10 1.13831607479998e-14 1.71467274502626e-14 4.80414018782105e-10 9.72512664871967e-15 2.60989499438054e-14 1.11774242399342e-10 -7.51190248907370e-15 -2.26381414438838e-13
 1.08471127624501e-05 -3.12477675601789e-06 1.78371459843039e-05 -5.68134437829541e-06 -2.68000891534760e-08 -8.20706587541445e-09 6.72843188710753e-02 3.50657102789383e-08 5.68802155786560e-09 -3.50114387551142e-01 -1.65272384491051e-08 -8.12431779981980e-10 1.11827187873594e-01 1.53620055964059e-07 -3.01397148926254e-08 6.81568979053088e-06 6.43638714270826e-09 -8.07627474007993e-07 -5.21433180908101e-08 -2.22311586578390e-10 9.64797060290018e-07 9.60797982597347e-09 3.14177997682907e-07 -3.59339000233464e-13 -2.36839012496473e-08 -2.92973496209766e-09 -2.67352507970261e-03 2.94701272402827e-09 -1.09691104794138e-06 6.27592279661409e-13 4.67192078814828e-02 -2.93723122104504e-01 3.71365902606081e-02 -2.65067296064646e-08 2.15968119139988e-08 2.02943082297082e-03 -2.90115489562022e-09 2.49485924242912e-08 3.21153814444791e-03 -1.21167271225913e-07 -5.88749916076990e-08 -1.38258415914310e-03 6.28121926580513e-08 4.52570157946766e-07 -4.67376279144237e-02 2.93705796827819e-01 -3.71572991850595e-02 -2.89636856058134e-09 -2.89541727476694e-08 2.02918878115123e-03 2.26152490787183e-08 -1.59494858077726e-08 3.19891153585807e-03 -8.03100297193396e-09 -5.55797654015647e-08 1.38034344262436e-03 5.79937866479406e-08 -6.17845069154349e-07
 -4.47683662649542e-07 -1.03945794254596e-08 -7.18272220507891e-07 1.84338496005883e-07 6.00117605116711e-14 2.46379997417656e-13 9.25108262043867e-08 -3.96739043723766e-14 -4.59470446511967e-13 -4.80897585097451e-07 -1.14647752471483e-14 1.49224387602705e-13 1.53620055964059e-07 8.84092158841149e-13 -4.18844186814987e-14 -4.19061532382984e-08 4.68000245980191e-14 -5.59583870970985e-12 -8.68032473851760e-13 -4.92219206725068e-15 -4.46927331711214e-08 9.85700318508356e-15 1.07400404362030e-11 -3.37495481898624e-16 4.07634346568803e-13 -9.99235309881397e-14 -3.65972071770129e-09 4.70363605555859e-14 -3.60917985995635e-12 2.16486311872638e-16 1.30937842838469e-07 -8.99465941787786e-07 1.25589108783169e-07 -6.27193632218739e-14 1.01636463120187e-13 8.37135110608487e-09 -7.58708653474602e-14 1.22509127106810e-13 8.19043261084354e-09 -6.41853158919377e-13 -2.23011999560773e-13 -2.30058207314914e-09 2.27958637109043e-13 -1.50094492833204e-13 2.63128852635164e-09 -9.25708644520470e-08 2.36599468318818e-08 -9.10390923895444e-14 4.17402754648661e-14 -2.79897448522153e-09 3.40851765249411e-14 5.70268190432387e-14 6.52448203455799e-10 -8.69056552661119e-14 6.16549361850368e-14 1.49597784813403e-09 -3.56898044049149e-14 -2.04688997580648e-12
 -9.77930135550242e-09 -1.28311221295151e-10 3.76124348769545e-09 -9.52070960631324e-10 8.15102473924112e-15 7.57370266163508e-15 -1.81352807656387e-08 -1.17249427617623e-14 -8.12359723813216e-15 9.43627323182336e-08 5.35238956699792e-15 1.70746236293469e-15 -3.01397148926254e-08 -4.18844186814987e-14 8.18399501599628e-15 1.28348803088752e-10 -1.52727849463163e-15 2.44270999988240e-13 1.57531377519602e-14 5.38126013334003e-17 2.48964250435953e-10 -2.65680720238942e-15 -1.39310430944182e-13 -5.91203095376052e-18 4.46399989892514e-15 9.39620031197991e-16 7.20314583566763e-10 -1.44623864114698e-15 3.04534623549836e-13 3.36654618295365e-18 -1.28861931047638e-08 8.17774358667753e-08 -1.04141411168795e-08 7.28250072733507e-15 -6.21930688713323e-15 -5.82769777304542e-10 1.28623169221553e-15 -6.86287049892492e-15 -9.19125490630180e-10 3.56947468116541e-14 1.61982855577457e-14 3.80831311639737e-10 -1.75685189070739e-14 -1.21728051193036e-13 1.23016981106762e-08 -7.65465945939226e-08 9.60896036454288e-09 1.21965058530780e-15 7.36027748198853e-15 -5.11139884436226e-10 -5.68601760782454e-15 4.21959178472958e-15 -8.08817786684105e-10 3.22570607005548e-15 1.46871813945524e-14 -3.63753762923254e-10 -1.48414678116229e-14 1.68768287927167e-13
 1.11184478523773e-02 4.20313962333602e-04 5.01337157351355e-02 -1.28450313611601e-02 -4.37637152910535e-09 -6.83866597595380e-09 -2.11390028501390e-06 1.59307145534953e-09 1.76046668281215e-08 -2.56822777310497e-05 8.03263402658212e-10 -6.71306561825274e-09 6.81568979053088e-06 -4.19061532382984e-08 1.28348803088752e-10 2.77677906147390e-03 -1.97404311178581e-09 3.18186940658024e-07 5.14708412691979e-08 2.71892152849493e-10 3.14415903014890e-03 9.30625029385679e-11 -7.20433783620495e-07 1.06110587634156e-11 -3.00781325631548e-08 6.10735282494226e-09 -1.37907924472841e-06 -3.70840856225612e-09 1.43132460076320e-07 -7.30224025093276e-12 -4.56425167328177e-03 3.46195076274029e-02 -5.22599365194031e-03 1.83522315385814e-09 -5.05691816660896e-09 -4.00404897259338e-04 5.22863210625759e-09 -5.61918634486861e-09 -3.19552422052000e-04 3.40785418183693e-08 9.22775846623458e-09 3.80392949512909e-05 -9.71245172581095e-09 4.75904381184649e-08 -4.57575049612522e-03 3.46598455884658e-02 -5.23951872247026e-03 6.04726403871538e-09 -5.71784694477514e-09 4.00791622346682e-04 4.96488977127875e-10 -4.95462688607801e-09 3.17377540362146e-04 6.39650779696492e-09 -8.92021296624646e-09 3.82770374516137e-05 8.36080010681008e-09 7.68867478433552e-08
 -6.44686078290804e-08 -1.11670677042615e-09 -2.78710298902179e-08 7.20309268683773e-09 7.79130511336350e-15 3.56020922891961e-14 3.87438654298764e-09 -1.20135076659658e-14 -5.29247049817585e-14 -2.01485852851262e-08 3.20211152676912e-15 1.46313951567715e-14 6.43638714270826e-09 4.68000245980191e-14 -1.52727849463163e-15 -1.97404311178581e-09 3.42239387457312e-15 -2.08617162253866e-13 -4.35229767603373e-14 -3.09690687846270e-16 -1.67635588934904e-09 9.39817420192591e-17 4.15806757026940e-13 -4.33042006945320e-17 1.72260476117219e-14 -5.26033635165874e-15 -1.54102299100847e-10 1.80567693330157e-16 -1.52977098498609e-13 2.65299803499530e-17 5.49543337329102e-09 -3.61016532913896e-08 4.97643805586222e-09 -2.54457532794076e-15 3.95329837763443e-15 3.08124560009073e-10 -2.46138447973611e-15 6.11810923049203e-15 2.00402603229011e-10 -2.33032811569651e-14 -1.05157909818331e-14 -7.14797568041788e-11 9.51438476283939e-15 -1.86529673709373e-14 1.18496480509056e-10 -2.29521998601593e-09 7.05637844188031e-10 -3.61265138047102e-15 1.43408531246617e-15 -7.48167517001264e-11 3.07007612050541e-15 3.44540313956554e-15 1.69969449192383e-10 -8.29290598083361e-16 3.82988927504800e-15 8.79194908858830e-11 -4.22639995337737e-16 -9.77291533144760e-14
 -9.27597535198917e-07 1.63652707124245e-08 6.04817910014269e-06 -1.54720879727267e-06 -6.55794739246602e-14 4.90526553507637e-13 -4.86751080516479e-07 -5.73077431599259e-13 3.90873040624800e-13 2.52805283346444e-06 3.95468463008561e-13 -3.77934395970019e-13 -8.07627474007993e-07 -5.59583870970985e-12 2.44270999988240e-13 3.18186940658024e-07 -2.08617162253866e-13 4.48016821811675e-11 6.12319900947875e-12 2.87366748388045e-14 3.82102414188270e-07 -7.40994251223216e-14 -8.92965878412719e-11 -1.72448798166147e-16 -3.38479933909467e-12 6.91967342072019e-13 1.91267403456076e-08 -5.48531539340382e-13 2.47998503999274e-11 -1.22445184980263e-17 -8.77995568660217e-07 6.30244655311332e-06 -9.01594430224487e-07 4.13124957265357e-13 -7.70183631683622e-13 -6.41985688495213e-08 6.75619185352752e-13 -7.97664511932962e-13 -6.80836325698604e-08 5.08934907053184e-12 1.46124923052237e-12 1.57247322617994e-08 -1.60648378272816e-12 1.75891720597237e-12 -2.03783941972163e-07 2.06046593747906e-06 -3.66110137882132e-07 7.47238669913626e-13 -4.83506953735363e-13 3.48952491320851e-08 -2.40464328832090e-14 -4.19790964072665e-13 2.14764951370541e-08 9.53905562094010e-13 -5.93719349629663e-13 -4.20496456139431e-09 6.23889035123182e-13 1.29873513895524e-11
 3.40680615360703e-07 9.73838788093125e-09 9.10835782044226e-07 -2.33517575394761e-07 -8.34059764058009e-14 -1.97196487264523e-13 -3.14824703275424e-08 4.38348518322704e-14 4.20602823798911e-13 1.63173210901891e-07 1.13728082267146e-14 -1.47628749251767e-13 -5.21433180908101e-08 -8.68032473851760e-13 1.57531377519602e-14 5.14708412691979e-08 -4.35229767603373e-14 6.12319900947875e-12 9.87832968934314e-13 5.39044938315132e-15 5.69532073190338e-08 -1.83010005270043e-15 -1.32291995011952e-11 2.81899895157130e-16 -5.39843046543962e-13 1.16365239167980e-13 1.22666929294514e-09 -6.38733310101983e-14 3.13750115703326e-12 -1.86339361584123e-16 -1.05396928637346e-07 7.66116501083800e-07 -1.12143694179230e-07 4.57265369500833e-14 -1.01727342667360e-13 -8.14860487956834e-09 9.48938259600745e-14 -1.17457036693503e-13 -6.92083443664557e-09 6.69545777090857e-13 1.99916843000042e-13 1.26762463325282e-09 -2.06999874768769e-13 6.96551385124547e-13 -6.19222122832949e-08 4.92293115458659e-07 -7.76657510672150e-08 1.11421705632939e-13 -9.01666744717282e-14 6.25917535543577e-09 -6.41229055367275e-15 -8.63916367751467e-14 3.88516884572224e-09 1.12378867596698e-13 -1.41016214372020e-13 -2.04097694700922e-11 1.22688333387109e-13 1.73183875862088e-12
 4.64298530689279e-09 9.25432747352761e-11 4.42052371894609e-09 -1.13651065816765e-09 -7.66145869004435e-16 -2.61456417854204e-15 -1.34200500335317e-10 8.96706159174713e-16 4.27216151233848e-15 6.95618077981670e-10 -1.85308565909799e-16 -1.27812262094892e-15 -2.22311586578390e-10 -4.92219206725068e-15 5.38126013334003e-17 2.71892152849493e-10 -3.09690687846270e-16 2.87366748388045e-14 5.39044938315132e-15 3.35744492361063e-17 2.72736519206323e-10 1.46664138319043e-17 -6.39738946242030e-14 3.28546265778958e-18 -2.72231598708382e-15 6.50942374165731e-16 5.26423823054416e-12 -2.03995114490498e-16 1.54501516145994e-14 -2.05482109676284e-18 -5.12381840878194e-10 3.63426201728646e-09 -5.30577470791948e-10 2.14517166963036e-16 -4.82543752486836e-16 -3.73808050558573e-11 4.28327315615309e-16 -6.43061430400129e-16 -2.43857798779195e-11 3.08172913022032e-15 1.05637662267581e-15 4.26950710815568e-12 -1.01285710819851e-15 4.44147966403260e-15 -3.27032290571679e-10 2.46694743670074e-09 -3.83693819670281e-10 5.44261907760669e-16 -4.41600165733987e-16 2.93380895817816e-11 -1.29720977974120e-16 -5.06212393734950e-16 1.14167437232428e-11 3.79611968390172e-16 -8.05920388026257e-16 -1.24302249673383e-12 5.65959398465585e-16 9.23025134359410e-15
 -6.60527612230454e-03 1.98450975675980e-04 5.94052890002880e-02 -1.51994544458618e-02 -2.84194469438052e-09 2.84886112106458e-09 -7.36792416251325e-06 -2.57605776133025e-09 6.11029109691786e-09 -8.03954978660118e-06 2.51404257189913e-09 -4.23998480040015e-09 9.64797060290018e-07 -4.46927331711214e-08 2.48964250435953e-10 3.14415903014890e-03 -1.67635588934904e-09 3.82102414188270e-07 5.69532073190338e-08 2.72736519206323e-10 3.74992653385424e-03 -2.86589930484909e-11 -8.54643889336434e-07 -1.12846988907223e-13 -3.50052979440797e-08 6.66140953681365e-09 -1.76936143507670e-06 -5.09037415816205e-09 1.66201013610407e-07 -1.03973614231061e-12 -5.32060026185636e-03 4.10612618956137e-02 -6.21780429177918e-03 2.17707588103334e-09 -6.02807763763106e-09 -4.85224932590546e-04 6.40366037852834e-09 -6.13150036473412e-09 -4.33898753796620e-04 4.12780298413188e-08 1.02610739593679e-08 5.51022895568329e-05 -1.13438706589745e-08 5.01668596411928e-08 -5.32865914180251e-03 4.10712194025038e-02 -6.22900504069067e-03 7.13735764456542e-09 -6.79967596877186e-09 4.85352168239772e-04 1.28039047491307e-09 -5.32375955191562e-09 4.30908005083388e-04 8.66228337060793e-09 -9.86338656309636e-09 5.53485239267366e-05 1.02038926380370e-08 8.45612998109175e-08
 1.38689409334555e-08 2.08847973613358e-10 -1.84332375424915e-10 3.22979778642716e-11 -3.93333878963428e-15 -8.38102672650950e-15 5.78137495428142e-09 6.14421518413273e-15 1.07954585188286e-14 -3.00812376419990e-08 -2.52078741421762e-15 -2.65696337971254e-15 9.60797982597347e-09 9.85700318508356e-15 -2.65680720238942e-15 9.30625029385679e-11 9.39817420192591e-17 -7.40994251223216e-14 -1.83010005270043e-15 1.46664138319043e-17 -2.86589930484909e-11 9.22423868835122e-16 3.03363596680943e-14 8.85078331225722e-18 -2.36911755493791e-15 1.30404283468505e-16 -2.29485038636211e-10 7.56346833831459e-16 -9.23341317808008e-14 -5.27245815681668e-18 3.96716278643745e-09 -2.53790693160068e-08 3.22624096057972e-09 -2.28475685959116e-15 1.89862321164055e-15 1.83332734833646e-10 -4.14825618787306e-16 1.79275607231966e-15 3.15822325672132e-10 -1.11622585981575e-14 -4.61659894964340e-15 -1.25920286992625e-10 5.31405015785727e-15 4.30646752616529e-14 -4.06218486791492e-09 2.50920327471027e-08 -3.15698679283384e-09 -2.51262625792878e-16 -2.44805142796630e-15 1.65426916330842e-10 1.45354082769930e-15 -1.73603407184113e-15 2.34965076320312e-10 -1.47480707319085e-15 -5.23657666001931e-15 1.11366347017470e-10 4.74037907687083e-15 -4.87394477213471e-14
 1.04710215844716e-06 -5.22248780450013e-08 -1.35479608254927e-05 3.46687195395436e-06 6.27176356903183e-13 -4.18464699173101e-13 1.90834155254840e-07 5.82477544831443e-13 -1.72004646302110e-12 -9.82497266120398e-07 -5.83566191998711e-13 1.05094883795630e-12 3.14177997682907e-07 1.07400404362030e-11 -1.39310430944182e-13 -7.20433783620495e-07 4.15806757026940e-13 -8.92965878412719e-11 -1.32291995011952e-11 -6.39738946242030e-14 -8.54643889336434e-07 3.03363596680943e-14 1.95771786979334e-10 -2.69877285137142e-16 7.93146601772982e-12 -1.54080923386577e-12 -7.12008443132656e-09 1.15303805006242e-12 -4.10684620299235e-11 4.15677386924339e-16 1.34687581758316e-06 -1.01897717707939e-05 1.52191146209993e-06 -5.71010313597799e-13 1.43468325459733e-12 1.16119286860509e-07 -1.46375233103975e-12 1.48076837009042e-12 1.06706105572078e-07 -9.73389932423898e-12 -2.52139339726636e-12 -1.62229178804798e-08 2.76760420965420e-12 -1.03125889846109e-11 1.08595452460408e-06 -8.54051911278572e-06 1.31559371929538e-06 -1.63655445272605e-12 1.46872607323581e-12 -1.04739337576776e-07 -2.12319767280229e-13 1.18198154510884e-12 -8.80014288385237e-08 -1.97297151565073e-12 2.10951466434950e-12 -8.50794848020796e-09 -2.15707971498507e-12 -2.11750497615177e-11
 1.26911289733519e-09 1.93378559464400e-11 2.29576966370190e-11 -7.23029632305450e-12 -1.51585713998339e-16 -7.02966688515322e-16 -1.81713536036288e-13 2.85725660049245e-16 9.50615730917051e-16 1.11488800872536e-12 -9.93442827474985e-17 -2.40445193338598e-16 -3.59339000233464e-13 -3.37495481898624e-16 -5.91203095376052e-18 1.06110587634156e-11 -4.33042006945320e-17 -1.72448798166147e-16 2.81899895157130e-16 3.28546265778958e-18 -1.12846988907223e-13 8.85078331225722e-18 -2.69877285137142e-16 8.15568820813981e-19 -5.42048810442834e-17 3.95898030988375e-17 2.75411674412375e-14 4.27668224501417e-17 2.90954876431102e-16 -4.89848697614699e-19 -8.03899363780838e-12 1.54856721005869e-11 -1.04563541276989e-12 8.77330383926907e-19 -1.76211878240356e-19 4.90090812021553e-13 -1.08804483799815e-17 -3.64253671172603e-17 3.36087021281629e-12 -4.08382468142082e-17 4.76784890312234e-17 -6.13320350132585e-13 -1.54360940192829e-17 4.16278534646945e-16 -7.71727260797340e-12 1.36310931106866e-11 -8.17482883211072e-13 4.59687458998288e-18 -8.48361785210927e-19 -4.98409368875195e-13 -4.41648378609372e-17 -3.71182452551548e-17 -3.38226094168043e-12 -6.62092856497355e-17 -4.88273521402918e-17 -6.31127850551398e-13 -1.55663607771647e-17 4.57952707102225e-16
 -2.44361055020215e-08 -3.16429191616530e-09 -5.56223619987516e-07 1.42407797763292e-07 4.24994604428336e-14 2.28345798034370e-14 -1.41782851809341e-08 -2.76486027590122e-15 -1.22754059835246e-13 7.41983420696198e-08 -1.32305194767496e-14 5.60742746517648e-14 -2.36839012496473e-08 4.07634346568803e-13 4.46399989892514e-15 -3.00781325631548e-08 1.72260476117219e-14 -3.38479933909467e-12 -5.39843046543962e-13 -2.72231598708382e-15 -3.50052979440797e-08 -2.36911755493791e-15 7.93146601772982e-12 -5.42048810442834e-17 3.35538498508052e-13 -6.42622181985742e-14 5.81245662220493e-10 4.40022020988719e-14 -1.33907985151782e-12 4.28101581824438e-17 4.03223361634393e-08 -3.22188181995279e-07 5.02557916272834e-08 -1.47691912137832e-14 5.17186498897757e-14 4.06716037747489e-09 -5.84373893838386e-14 5.44333953572541e-14 3.14263440014351e-09 -3.56960019791767e-13 -8.65644372557051e-14 -1.79865113740865e-10 9.36524369458520e-14 -5.92559545119587e-13 6.01818409775375e-08 -4.46647756941941e-07 6.60898220008993e-08 -6.63389783856917e-14 6.96817543906692e-14 -4.92791769500474e-09 -1.37512012651002e-14 5.56060311390480e-14 -4.47181026637760e-09 -7.46848578550699e-14 1.07185339361647e-13 -7.66496742211369e-10 -1.06507232088901e-13 -6.89674472667848e-13
 5.01599205111899e-08 1.29614870211653e-09 1.06735131008148e-07 -2.73754103961667e-08 -1.17482206598462e-14 -2.90098623219943e-14 -1.77521537749126e-09 8.44320908793648e-15 5.70834445408021e-14 9.16314879700472e-09 5.46111931752536e-17 -1.92452518722732e-14 -2.92973496209766e-09 -9.99235309881397e-14 9.39620031197991e-16 6.10735282494226e-09 -5.26033635165874e-15 6.91967342072019e-13 1.16365239167980e-13 6.50942374165731e-16 6.66140953681365e-09 1.30404283468505e-16 -1.54080923386577e-12 3.95898030988375e-17 -6.42622181985742e-14 1.38506380099420e-14 6.78626966283490e-11 -7.04085159622172e-15 3.38260879206461e-13 -2.57582758845892e-17 -1.10689151512703e-08 8.14112102239138e-08 -1.20732274886254e-08 4.60408042785978e-15 -1.12885815250688e-14 -8.91650679684742e-10 1.09298531826729e-14 -1.33279219402932e-14 -6.91172988391953e-10 7.45529300661923e-14 2.21027571785804e-14 1.04076080260686e-10 -2.25577485606137e-14 9.77029826390579e-14 -8.63231066652522e-09 6.60315980901776e-08 -1.01461089267721e-08 1.29890966794718e-14 -1.13759544535031e-14 7.85714170012483e-10 -4.67138653636169e-16 -1.08599515672090e-14 5.17772924268484e-10 1.23803166925648e-14 -1.84693625186885e-14 3.16506235312264e-11 1.58709026632671e-14 1.88777303542582e-13
 3.22190319285074e-05 4.30510824429872e-07 -2.75173859339248e-05 7.03589570971991e-06 6.38534046122145e-10 1.78597669919491e-10 -1.60860533745038e-03 -8.30517446095516e-10 -1.16801018751046e-10 8.37041374606177e-03 3.91655167300799e-10 1.58234001218219e-11 -2.67352507970261e-03 -3.65972071770129e-09 7.20314583566763e-10 -1.37907924472841e-06 -1.54102299100847e-10 1.91267403456076e-08 1.22666929294514e-09 5.26423823054416e-12 -1.76936143507670e-06 -2.29485038636211e-10 -7.12008443132656e-09 2.75411674412375e-14 5.81245662220493e-10 6.78626966283490e-11 6.39189484777790e-05 -6.70979743279605e-11 2.61539373769386e-08 -2.58711593722081e-14 -1.11465497009695e-03 7.00347177811026e-03 -8.84978633508776e-04 6.32719498445668e-10 -5.13528372760430e-10 -4.82817780730260e-05 6.61298073739568e-11 -5.94453148096257e-10 -7.65004379887528e-05 2.87667482866328e-09 1.40389144241440e-09 3.30143938876316e-05 -1.49676976369192e-09 -1.08335340745622e-08 1.11968206124367e-03 -7.04057373376619e-03 8.91218212351788e-04 6.60328447495729e-11 6.95366035223114e-10 -4.87502055046594e-05 -5.42294372255861e-10 3.82928867016296e-10 -7.67569404659850e-05 1.86439730139812e-10 1.33223211342083e-09 -3.30410178494823e-05 -1.39159591177446e-09 1.47424652829864e-08
 7.52828598318875e-08 7.41475816819709e-10 -7.93469720416755e-08 2.02308247447994e-08 -4.77989857017817e-15 -4.08190335605838e-14 1.78574216051107e-09 1.93558822329046e-14 4.15471987836939e-14 -9.22038632576198e-09 -9.03923239365956e-15 -6.83876045850656e-15 2.94701272402827e-09 4.70363605555859e-14 -1.44623864114698e-15 -3.70840856225612e-09 1.80567693330157e-16 -5.48531539340382e-13 -6.38733310101983e-14 -2.03995114490498e-16 -5.09037415816205e-09 7.56346833831459e-16 1.15303805006242e-12 4.27668224501417e-17 4.40022020988719e-14 -7.04085159622172e-15 -6.70979743279605e-11 9.21528400164142e-15 -2.39249249764929e-13 -2.41741033614737e-17 8.03363065973658e-09 -6.26587256193996e-08 9.36137697431760e-09 -3.60933321845854e-15 8.73725015078609e-15 7.37373362976552e-10 -9.32829468247351e-15 7.07195550137522e-15 8.49178254118391e-10 -6.13178379887242e-14 -1.29832729188614e-14 -1.43450249879403e-10 1.62409512769885e-14 -3.42573357141612e-14 5.58168966081272e-09 -4.71829525709886e-08 7.41725465777475e-09 -9.51410568991627e-15 8.40706284873715e-15 -6.30293638039771e-10 -3.44417279709704e-15 4.85538844254052e-15 -6.76153157292758e-10 -1.54184592231996e-14 9.34719127663418e-15 -7.14062659585266e-11 -1.31101817150754e-14 -1.07115794430189e-13
 1.62110184935467e-07 1.57627178940087e-08 2.64175780414589e-06 -6.76396287800438e-07 8.25118029822678e-14 -4.52590145349619e-14 -6.60330798719660e-07 -3.55689233077635e-13 5.55963415957993e-13 3.43404012335219e-06 2.37940131952560e-13 -2.66223829025817e-13 -1.09691104794138e-06 -3.60917985995635e-12 3.04534623549836e-13 1.43132460076320e-07 -1.52977098498609e-13 2.47998503999274e-11 3.13750115703326e-12 1.54501516145994e-14 1.66201013610407e-07 -9.23341317808008e-14 -4.10684620299235e-11 2.90954876431102e-16 -1.33907985151782e-12 3.38260879206461e-13 2.61539373769386e-08 -2.39249249764929e-13 1.82314949564331e-11 -2.27893676161458e-16 -6.97000373672852e-07 4.70688036300182e-06 -6.40281495183075e-07 3.56817718987667e-13 -4.79140854506997e-13 -4.12415444322244e-08 3.08456589545563e-13 -5.29598657505244e-13 -4.95310304167980e-08 3.00383024489856e-12 1.04947338220253e-12 1.57836965239630e-08 -1.12453453694342e-12 -2.06552226133148e-12 2.19402331403188e-07 -1.05497163467691e-06 8.79940902942745e-08 3.46487317572167e-13 -1.77753833976917e-14 1.43639350589020e-09 -1.80885698995987e-13 -9.28992534818413e-14 -1.34842942316721e-08 4.39067134943898e-13 9.03426658807233e-14 -1.13111567746302e-08 -1.22013003167231e-13 9.97314073923950e-12
 -7.60356242238023e-10 -1.16741264947803e-11 -3.13347988696801e-11 8.83202370984622e-12 9.17922932902144e-17 4.21373312152852e-16 3.59238807836281e-13 -1.70734343922133e-16 -5.72781854019110e-16 -1.95732003552217e-12 5.88688689228836e-17 1.45675409680594e-16 6.27592279661409e-13 2.16486311872638e-16 3.36654618295365e-18 -7.30224025093276e-12 2.65299803499530e-17 -1.22445184980263e-17 -1.86339361584123e-16 -2.05482109676284e-18 -1.03973614231061e-12 -5.27245815681668e-18 4.15677386924339e-16 -4.89848697614699e-19 4.28101581824438e-17 -2.57582758845892e-17 -2.58711593722081e-14 -2.41741033614737e-17 -2.27893676161458e-16 2.94542593531005e-19 6.57226709419722e-12 -2.25111351287473e-11 2.60130373588119e-12 -1.26763339284337e-18 1.96578219480865e-18 -1.43592210585412e-13 4.63348583877316e-18 2.37821455053619e-17 -1.87876192723858e-12 1.18922427506680e-17 -3.18861153185574e-17 3.47029420741773e-13 1.28536591382971e-17 -2.63191450467115e-16 6.03705270245268e-12 -1.92356734813219e-11 2.19382766464851e-12 -4.87982078236645e-18 2.41114537783398e-18 1.63505574681207e-13 2.62332835415600e-17 2.38090761182957e-17 1.91611362673148e-12 3.71814075722045e-17 3.20370203460155e-17 3.67833200996074e-13 6.55012467348862e-18 -3.02325777150738e-16
 -3.14603584869819e-03 -4.73808461994539e-04 -8.45306148872721e-02 2.16409467080197e-02 -5.66654070461025e-09 -5.34124563223421e-10 2.81210104570901e-02 1.54852853833254e-08 -1.56776962358361e-08 -1.46263707455130e-01 -9.49206078307755e-09 8.05124290312243e-09 4.67192078814828e-02 1.30937842838469e-07 -1.28861931047638e-08 -4.56425167328177e-03 5.49543337329102e-09 -8.77995568660217e-07 -1.05396928637346e-07 -5.12381840878194e-10 -5.32060026185636e-03 3.96716278643745e-09 1.34687581758316e-06 -8.03899363780838e-12 4.03223361634393e-08 -1.10689151512703e-08 -1.11465497009695e-03 8.03363065973658e-09 -6.97000373672852e-07 6.57226709419722e-12 2.71481085941802e-02 -1.81135444328034e-01 2.43492111347215e-02 -1.41719693340075e-08 1.75794469698257e-08 1.53163996251120e-03 -1.01930602621992e-08 1.94842247650807e-08 1.92430070533625e-03 -1.08800126635039e-07 -3.96293432461412e-08 -6.49741076158445e-04 4.24927134606712e-08 1.13758017612361e-07 -1.18862441902763e-02 6.42735822041058e-02 -6.67422865347504e-03 -1.13851164105915e-08 -2.43704825853659e-09 1.63794283324044e-04 8.06643479388003e-09 1.25905002871136e-09 7.58190516271659e-04 -1.49956285073880e-08 -8.73846630645202e-09 5.04328423351323e-04 9.89920002701267e-09 -3.82645561673310e-07
 -4.78121172625587e-02 2.55557400179482e-03 6.50953052018464e-01 -1.66576340099770e-01 3.63384098595955e-08 3.91557884132264e-08 -1.76814063582425e-01 -1.14787301374715e-07 7.03646249109300e-08 9.19548498584769e-01 6.90204257365190e-08 -4.89502787356733e-08 -2.93723122104504e-01 -8.99465941787786e-07 8.17774358667753e-08 3.46195076274029e-02 -3.61016532913896e-08 6.30244655311332e-06 7.66116501083800e-07 3.63426201728646e-09 4.10612618956137e-02 -2.53790693160068e-08 -1.01897717707939e-05 1.54856721005869e-11 -3.22188181995279e-07 8.14112102239138e-08 7.00347177811026e-03 -6.26587256193996e-08 4.70688036300182e-06 -2.25111351287473e-11 -1.81135444328034e-01 1.22146424793396e+00 -1.65655735729771e-01 9.34813586072922e-08 -1.22744210129480e-07 -1.06348154250304e-02 7.75371187380813e-08 -1.33381897123463e-07 -1.31221366770358e-02 7.69511060319424e-07 2.67934661446192e-07 4.22308140340629e-03 -2.89510278323441e-07 -6.31289064281374e-07 6.42574576706441e-02 -3.21410970040447e-01 2.93673066720525e-02 8.58587874580221e-08 1.57077289697343e-09 -2.43748030725804e-05 -4.62341603200419e-08 -1.71261960847994e-08 -3.74879918627055e-03 1.14675378734918e-07 3.70265875859802e-08 -3.03170787202117e-03 -4.08840885715244e-08 2.55774201661342e-06
 9.22412460864082e-03 -3.56517440873915e-04 -9.85336541869103e-02 2.52123298500070e-02 -3.98070946961170e-09 -6.48995386302876e-09 2.23575222534947e-02 1.55269335352167e-08 -9.54113841659428e-09 -1.16260835703543e-01 -9.52193975273750e-09 7.08936461456187e-09 3.71365902606081e-02 1.25589108783169e-07 -1.04141411168795e-08 -5.22599365194031e-03 4.97643805586222e-09 -9.01594430224487e-07 -1.12143694179230e-07 -5.30577470791948e-10 -6.21780429177918e-03 3.22624096057972e-09 1.52191146209993e-06 -1.04563541276989e-12 5.02557916272834e-08 -1.20732274886254e-08 -8.84978633508776e-04 9.36137697431760e-09 -6.40281495183075e-07 2.60130373588119e-12 2.43492111347215e-02 -1.65655735729771e-01 2.26450655234027e-02 -1.24141713302492e-08 1.71685210501962e-08 1.47792237697364e-03 -1.15674233337065e-08 1.85026316796837e-08 1.78146869899777e-03 -1.08632665742355e-07 -3.66327433065049e-08 -5.49690360080198e-04 3.96918030891166e-08 6.65410953267430e-08 -6.67478814610606e-03 2.94148527842386e-02 -2.00960033145899e-03 -1.28036099370356e-08 1.66100152802552e-09 -1.30258412769307e-04 5.44760165904105e-09 3.58193763724186e-09 3.52423942937409e-04 -1.69408444454371e-08 -2.03546214546484e-09 3.67491185345806e-04 2.36042664504960e-09 -3.46033889084383e-07
 -2.50333221795637e-09 1.36309093126780e-10 3.45140460917440e-08 -8.83193530146132e-09 4.54293878213801e-15 2.86030748993717e-15 -1.59531804556024e-08 -9.50711492700225e-15 3.19942895285073e-15 8.29857254792229e-08 5.27285124984658e-15 -2.52226524329056e-15 -2.65067296064646e-08 -6.27193632218739e-14 7.28250072733507e-15 1.83522315385814e-09 -2.54457532794076e-15 4.13124957265357e-13 4.57265369500833e-14 2.14517166963036e-16 2.17707588103334e-09 -2.28475685959116e-15 -5.71010313597799e-13 8.77330383926907e-19 -1.47691912137832e-14 4.60408042785978e-15 6.32719498445668e-10 -3.60933321845854e-15 3.56817718987667e-13 -1.26763339284337e-18 -1.41719693340075e-08 9.34813586072922e-08 -1.24141713302492e-08 7.54807008683769e-15 -8.61962576495651e-15 -7.62279444629176e-10 4.39456571957299e-15 -9.51228773445527e-15 -1.00965782780539e-09 5.26462885667101e-14 1.99637203009566e-14 3.59070846165745e-10 -2.14918000479032e-14 -7.77072432782198e-14 7.97619255672801e-09 -4.57557843668245e-08 5.18978662764672e-09 4.83573454963715e-15 2.91396502357278e-15 -1.99688667879006e-10 -4.66357318093449e-15 6.50263748056109e-16 -5.11599597282131e-10 6.86381801899996e-15 7.39572842401731e-15 -2.95714321693466e-10 -7.83793616654021e-15 1.96033412278380e-13
 1.01720983508048e-08 -3.26463122474141e-10 -9.55033744725977e-08 2.44357845339699e-08 -5.53931992923091e-16 -5.91645108717511e-15 1.30071616802870e-08 1.08128123930498e-14 -9.06014078665897e-15 -6.76083523489211e-08 -7.19847542654605e-15 6.74417142802254e-15 2.15968119139988e-08 1.01636463120187e-13 -6.21930688713323e-15 -5.05691816660896e-09 3.95329837763443e-15 -7.70183631683622e-13 -1.01727342667360e-13 -4.82543752486836e-16 -6.02807763763106e-09 1.89862321164055e-15 1.43468325459733e-12 -1.76211878240356e-19 5.17186498897757e-14 -1.12885815250688e-14 -5.13528372760430e-10 8.73725015078609e-15 -4.79140854506997e-13 1.96578219480865e-18 1.75794469698257e-08 -1.22744210129480e-07 1.71685210501962e-08 -8.61962576495651e-15 1.38618697193358e-14 1.17182735750604e-09 -1.08508733539365e-14 1.46883011722014e-14 1.31661343307379e-09 -8.97454436296108e-14 -2.78834189323232e-14 -3.55396022455496e-10 3.03731346437504e-14 6.61481725660940e-15 -4.57908581416668e-10 -9.30389356315383e-09 2.83736931946381e-09 -1.20348950246587e-14 5.33912585402478e-15 -3.88149606045524e-10 2.32517427954251e-15 5.49100844240274e-15 -7.36876065588070e-11 -1.54530113872632e-14 5.13878791809668e-15 1.77844607250247e-10 -5.19717921900765e-15 -2.55431050697678e-13
 1.60486923191980e-03 -1.43039014346232e-05 -7.67212667070586e-03 1.96217065524185e-03 -2.08337400318536e-10 -9.33022610128764e-10 1.22211918956304e-03 1.13864073151386e-09 -1.25495931629252e-10 -6.35320441989661e-03 -6.83972410381198e-10 3.91727925398398e-10 2.02943082297082e-03 8.37135110608487e-09 -5.82769777304542e-10 -4.00404897259338e-04 3.08124560009073e-10 -6.41985688495213e-08 -8.14860487956834e-09 -3.73808050558573e-11 -4.85224932590546e-04 1.83332734833646e-10 1.16119286860509e-07 4.90090812021553e-13 4.06716037747489e-09 -8.91650679684742e-10 -4.82817780730260e-05 7.37373362976552e-10 -4.12415444322244e-08 -1.43592210585412e-13 1.53163996251120e-03 -1.06348154250304e-02 1.47792237697364e-03 -7.62279444629176e-10 1.17182735750604e-09 9.99054464709796e-05 -8.87612265629547e-10 1.22462266014955e-09 1.16417749516722e-04 -7.56409964252138e-09 -2.36806329999139e-09 -3.25869612062806e-05 2.59867808996577e-09 1.96987254702421e-09 -1.63456173702361e-04 2.51843253448198e-05 1.31002838890936e-04 -9.73305831393572e-10 3.53713969678165e-10 -2.62590840681140e-05 2.18725452858096e-10 3.77367081743427e-10 3.12215386062419e-07 -1.30565074937706e-09 2.38469560479490e-10 1.75203753192667e-05 -2.76766019153945e-10 -2.18845814391143e-08
 -2.79232763534694e-08 8.52558955329643e-11 1.01120368756061e-07 -2.58548678936931e-08 -2.16699228196697e-15 1.42974329332169e-14 -1.75959309801732e-09 -9.05740680010917e-15 -2.18428645438212e-15 9.07465132638532e-09 6.02491989785135e-15 -4.06403579469949e-15 -2.90115489562022e-09 -7.58708653474602e-14 1.28623169221553e-15 5.22863210625759e-09 -2.46138447973611e-15 6.75619185352752e-13 9.48938259600745e-14 4.28327315615309e-16 6.40366037852834e-09 -4.14825618787306e-16 -1.46375233103975e-12 -1.08804483799815e-17 -5.84373893838386e-14 1.09298531826729e-14 6.61298073739568e-11 -9.32829468247351e-15 3.08456589545563e-13 4.63348583877316e-18 -1.01930602621992e-08 7.75371187380813e-08 -1.15674233337065e-08 4.39456571957299e-15 -1.08508733539365e-14 -8.87612265629547e-10 1.11510337547249e-14 -1.06391426798672e-14 -8.68372158483119e-10 7.41594924729403e-14 1.84240061675659e-14 1.38067186532069e-10 -2.07979160458790e-14 6.84224552059919e-14 -7.78115413219541e-09 6.23052482964885e-08 -9.65789205538657e-09 1.22005389970993e-14 -1.08450686873284e-14 7.82414188497253e-10 2.17727035080637e-15 -8.18765533228190e-15 6.96874482615095e-10 1.58662323126938e-14 -1.47541382743929e-14 6.68848217316802e-11 1.61173136110584e-14 1.54427948037383e-13
 -4.60325088786635e-08 -1.19161917318461e-09 -9.82413111875792e-08 2.51965523128386e-08 5.46488001696741e-15 2.49942887277896e-14 1.50225621543911e-08 -7.63539460088256e-16 -5.13100287841222e-14 -7.81016852676827e-08 -3.34961192830690e-15 1.75273195241890e-14 2.49485924242912e-08 1.22509127106810e-13 -6.86287049892492e-15 -5.61918634486861e-09 6.11810923049203e-15 -7.97664511932962e-13 -1.17457036693503e-13 -6.43061430400129e-16 -6.13150036473412e-09 1.79275607231966e-15 1.48076837009042e-12 -3.64253671172603e-17 5.44333953572541e-14 -1.33279219402932e-14 -5.94453148096257e-10 7.07195550137522e-15 -5.29598657505244e-13 2.37821455053619e-17 1.94842247650807e-08 -1.33381897123463e-07 1.85026316796837e-08 -9.51228773445527e-15 1.46883011722014e-14 1.22462266014955e-09 -1.06391426798672e-14 1.72285244278896e-14 1.27561699864518e-09 -9.27391205251872e-14 -3.20551834455092e-14 -3.70978452944344e-10 3.32609009394730e-14 1.65752080617453e-16 -1.35504105143723e-09 -2.33626576130101e-09 1.94545524115145e-09 -1.25320145635401e-14 4.70979238611843e-15 -3.19509029205723e-10 4.92532661826756e-15 6.81865495901798e-15 1.59571621393521e-10 -1.30009703191713e-14 5.93588021525223e-15 2.45465375663984e-10 -3.07062497698135e-15 -2.96657683871745e-13
 5.98947363660444e-03 5.65955727264187e-05 -6.77173900029411e-03 1.72700221188655e-03 -1.06570311092763e-09 -3.45962453071213e-09 1.93338299594865e-03 2.48180613384444e-09 3.37134676626387e-09 -1.00543126321329e-02 -1.17453608483966e-09 -5.23281636425741e-10 3.21153814444791e-03 8.19043261084354e-09 -9.19125490630180e-10 -3.19552422052000e-04 2.00402603229011e-10 -6.80836325698604e-08 -6.92083443664557e-09 -2.43857798779195e-11 -4.33898753796620e-04 3.15822325672132e-10 1.06706105572078e-07 3.36087021281629e-12 3.14263440014351e-09 -6.91172988391953e-10 -7.65004379887528e-05 8.49178254118391e-10 -4.95310304167980e-08 -1.87876192723858e-12 1.92430070533625e-03 -1.31221366770358e-02 1.78146869899777e-03 -1.00965782780539e-09 1.31661343307379e-09 1.16417749516722e-04 -8.68372158483119e-10 1.27561699864518e-09 1.56270922256852e-04 -8.42106504461121e-09 -2.68143447344720e-09 -4.86205440759552e-05 3.05248464147316e-09 8.91885163672627e-09 -7.58737204520867e-04 3.74766415720866e-03 -3.50982598535203e-04 -8.89315473314910e-10 -4.94443676661747e-11 1.49559984638597e-07 3.19949456523293e-10 4.27159209760831e-12 2.81780818967514e-05 -1.50466658592518e-09 -6.57892729276955e-10 3.06648358786070e-05 4.22750201256104e-10 -2.56415056536668e-08
 -1.34934646637396e-07 1.23954119081346e-09 6.52699040302830e-07 -1.66932056108078e-07 5.19735125938203e-15 7.47155764950513e-14 -7.29932470730311e-08 -8.03652365812464e-14 1.44816367596259e-14 3.79302064223329e-07 5.04532443812454e-14 -3.39983460307074e-14 -1.21167271225913e-07 -6.41853158919377e-13 3.56947468116541e-14 3.40785418183693e-08 -2.33032811569651e-14 5.08934907053184e-12 6.69545777090857e-13 3.08172913022032e-15 4.12780298413188e-08 -1.11622585981575e-14 -9.73389932423898e-12 -4.08382468142082e-17 -3.56960019791767e-13 7.45529300661923e-14 2.87667482866328e-09 -6.13178379887242e-14 3.00383024489856e-12 1.18922427506680e-17 -1.08800126635039e-07 7.69511060319424e-07 -1.08632665742355e-07 5.26462885667101e-14 -8.97454436296108e-14 -7.56409964252138e-09 7.41594924729403e-14 -9.27391205251872e-14 -8.42106504461121e-09 5.87646646506608e-13 1.74408111681096e-13 2.13496293664116e-09 -1.92173724160052e-13 4.12677437930456e-14 -7.61841994695914e-09 1.33070820934016e-07 -2.82492742756064e-08 8.14709186144860e-14 -4.34191894896263e-14 3.16727753663838e-09 -8.25192136014888e-15 -3.94904422058853e-14 1.44171117943987e-09 1.07291270802744e-13 -4.59314399118038e-14 -8.55845618139441e-10 5.02200516219713e-14 1.57787597289485e-12
 5.62868677237404e-08 1.67839222204136e-09 1.64001987267767e-07 -4.20404989487291e-08 -2.56061985270475e-15 -2.90786641243650e-14 -3.54437198836187e-08 -8.76391198272509e-15 6.94508467843541e-14 1.84314554128668e-07 9.76030996317968e-15 -2.52743619293687e-14 -5.88749916076990e-08 -2.23011999560773e-13 1.61982855577457e-14 9.22775846623458e-09 -1.05157909818331e-14 1.46124923052237e-12 1.99916843000042e-13 1.05637662267581e-15 1.02610739593679e-08 -4.61659894964340e-15 -2.52139339726636e-12 4.76784890312234e-17 -8.65644372557051e-14 2.21027571785804e-14 1.40389144241440e-09 -1.29832729188614e-14 1.04947338220253e-12 -3.18861153185574e-17 -3.96293432461412e-08 2.67934661446192e-07 -3.66327433065049e-08 1.99637203009566e-14 -2.78834189323232e-14 -2.36806329999139e-09 1.84240061675659e-14 -3.20551834455092e-14 -2.68143447344720e-09 1.74408111681096e-13 6.18785072207741e-14 8.42615971899705e-10 -6.50260373322735e-14 -7.64296059433498e-14 9.55538592199838e-09 -4.13207142810575e-08 2.45211040763280e-09 2.13376111654150e-14 -3.42977938700993e-15 2.31802825957937e-10 -1.09851656893382e-14 -8.35864132958753e-15 -7.01938557422776e-10 2.40659041891790e-14 -6.17367535692607e-16 -6.11929777690530e-10 -3.49473417377186e-15 5.83570965232129e-13
 -1.05579481935616e-03 -1.16576177902985e-05 8.54190018292931e-04 -2.17514866278112e-04 4.04221735888464e-10 6.74340355732897e-10 -8.32017622648339e-04 -6.87276756589886e-10 -6.98799206226623e-10 4.32860055351738e-03 3.16318780615495e-10 1.29466566946794e-10 -1.38258415914310e-03 -2.30058207314914e-09 3.80831311639737e-10 3.80392949512909e-05 -7.14797568041788e-11 1.57247322617994e-08 1.26762463325282e-09 4.26950710815568e-12 5.51022895568329e-05 -1.25920286992625e-10 -1.62229178804798e-08 -6.13320350132585e-13 -1.79865113740865e-10 1.04076080260686e-10 3.30143938876316e-05 -1.43450249879403e-10 1.57836965239630e-08 3.47029420741773e-13 -6.49741076158445e-04 4.22308140340629e-03 -5.49690360080198e-04 3.59070846165745e-10 -3.55396022455496e-10 -3.25869612062806e-05 1.38067186532069e-10 -3.70978452944344e-10 -4.86205440759552e-05 2.13496293664116e-09 8.42615971899705e-10 1.83691494980935e-05 -9.31550599730921e-10 -5.17483047104201e-09 5.05597197549946e-04 -3.03959505388536e-03 3.68700967121429e-04 1.37082682780150e-10 2.58908935924947e-10 -1.75943135698059e-05 -2.27510239286760e-10 1.47149345071320e-10 -3.06796522881532e-05 2.76445390944668e-10 5.79450493929612e-10 -1.57805123247587e-05 -5.55660615321758e-10 8.53531093281346e-09
 -4.24509516739526e-09 -9.71544257162676e-10 -1.80177584394772e-07 4.61255644926636e-08 -3.55822346139429e-15 1.95598845933236e-16 3.78163083946063e-08 2.20326937780466e-14 -3.34487282212983e-14 -1.96640306054785e-07 -1.49923396734530e-14 1.69651045410767e-14 6.28121926580513e-08 2.27958637109043e-13 -1.75685189070739e-14 -9.71245172581095e-09 9.51438476283939e-15 -1.60648378272816e-12 -2.06999874768769e-13 -1.01285710819851e-15 -1.13438706589745e-08 5.31405015785727e-15 2.76760420965420e-12 -1.54360940192829e-17 9.36524369458520e-14 -2.25577485606137e-14 -1.49676976369192e-09 1.62409512769885e-14 -1.12453453694342e-12 1.28536591382971e-17 4.24927134606712e-08 -2.89510278323441e-07 3.96918030891166e-08 -2.14918000479032e-14 3.03731346437504e-14 2.59867808996577e-09 -2.07979160458790e-14 3.32609009394730e-14 3.05248464147316e-09 -1.92173724160052e-13 -6.50260373322735e-14 -9.31550599730921e-10 6.98979571695148e-14 9.44425889460387e-14 -9.97950352023510e-09 4.04271381809314e-08 -2.00616414070525e-09 -2.33108425127934e-14 4.32849108184608e-15 -3.19362030759991e-10 9.67119800414321e-15 7.85947087547067e-15 5.57431572120275e-10 -2.94566146611873e-14 -4.39383928277530e-16 6.19855298255885e-10 1.99471337478502e-15 -6.11627954379934e-13
 5.63972451684764e-07 1.25857680334059e-08 8.07460129864823e-07 -2.07298732740961e-07 -2.24486172384241e-13 -3.56434903971233e-13 2.72214247213515e-07 2.54344432971007e-13 5.93526400932207e-13 -1.41700266885063e-06 -8.43106899197408e-14 -1.83674571786970e-13 4.52570157946766e-07 -1.50094492833204e-13 -1.21728051193036e-13 4.75904381184649e-08 -1.86529673709373e-14 1.75891720597237e-12 6.96551385124547e-13 4.44147966403260e-15 5.01668596411928e-08 4.30646752616529e-14 -1.03125889846109e-11 4.16278534646945e-16 -5.92559545119587e-13 9.77029826390579e-14 -1.08335340745622e-08 -3.42573357141612e-14 -2.06552226133148e-12 -2.63191450467115e-16 1.13758017612361e-07 -6.31289064281374e-07 6.65410953267430e-08 -7.77072432782198e-14 6.61481725660940e-15 1.96987254702421e-09 6.84224552059919e-14 1.65752080617453e-16 8.91885163672627e-09 4.12677437930456e-14 -7.64296059433498e-14 -5.17483047104201e-09 9.44425889460387e-14 2.71811845232089e-12 -2.64552540497526e-07 1.74614727386388e-06 -2.34276808466379e-07 8.62240341391523e-14 -2.08724342593873e-13 1.44592246552090e-08 8.60044120810968e-14 -1.54952114370077e-13 1.69833537848765e-08 4.94605864089825e-14 -3.82214827834164e-13 6.00526247867674e-09 3.63446727136680e-13 -1.13349846641646e-12
 -3.10935089577358e-03 -4.71078135654046e-04 -8.46597720473749e-02 2.16748915952370e-02 1.67325303245612e-08 6.30095351253416e-09 -2.81101962942444e-02 -1.38076150320251e-08 -2.04184297925201e-08 1.46335833898771e-01 4.31273067501711e-09 8.73216142988540e-09 -4.67376279144237e-02 2.63128852635164e-09 1.23016981106762e-08 -4.57575049612522e-03 1.18496480509056e-10 -2.03783941972163e-07 -6.19222122832949e-08 -3.27032290571679e-10 -5.32865914180251e-03 -4.06218486791492e-09 1.08595452460408e-06 -7.71727260797340e-12 6.01818409775375e-08 -8.63231066652522e-09 1.11968206124367e-03 5.58168966081272e-09 2.19402331403188e-07 6.03705270245268e-12 -1.18862441902763e-02 6.42574576706441e-02 -6.67478814610606e-03 7.97619255672801e-09 -4.57908581416668e-10 -1.63456173702361e-04 -7.78115413219541e-09 -1.35504105143723e-09 -7.58737204520867e-04 -7.61841994695914e-09 9.55538592199838e-09 5.05597197549946e-04 -9.97950352023510e-09 -2.64552540497526e-07 2.71836811819811e-02 -1.81262868697958e-01 2.43910922998321e-02 -8.97822657359017e-09 2.17738137931253e-08 -1.53300165361989e-03 -1.08373270071903e-08 1.45977686085652e-08 -1.91614215885976e-03 -8.30238225891209e-09 3.77287567670816e-08 -6.49383097840996e-04 -3.85878136756550e-08 1.33551694457459e-07
 -4.77121287416260e-02 2.54020521496044e-03 6.51125214187590e-01 -1.66626315116229e-01 -1.04452505376125e-07 -3.98086057969175e-09 1.76630876275130e-01 6.94213604049237e-08 1.00290485230982e-07 -9.19604581012996e-01 -1.77980238011237e-08 -5.32333032597646e-08 2.93705796827819e-01 -9.25708644520470e-08 -7.65465945939226e-08 3.46598455884658e-02 -2.29521998601593e-09 2.06046593747906e-06 4.92293115458659e-07 2.46694743670074e-09 4.10712194025038e-02 2.50920327471027e-08 -8.54051911278572e-06 1.36310931106866e-11 -4.46647756941941e-07 6.60315980901776e-08 -7.04057373376619e-03 -4.71829525709886e-08 -1.05497163467691e-06 -1.92356734813219e-11 6.42735822041058e-02 -3.21410970040447e-01 2.94148527842386e-02 -4.57557843668245e-08 -9.30389356315383e-09 2.51843253448198e-05 6.23052482964885e-08 -2.33626576130101e-09 3.74766415720866e-03 1.33070820934016e-07 -4.13207142810575e-08 -3.03959505388536e-03 4.04271381809314e-08 1.74614727386388e-06 -1.81262868697958e-01 1.22148161338880e+00 -1.65828386024134e-01 7.06536468466931e-08 -1.50534590255431e-07 1.06355799825451e-02 7.25637619162810e-08 -1.00917404955206e-07 1.30555283289328e-02 7.24970804503953e-08 -2.54949134150924e-07 4.21929161025638e-03 2.63770326971166e-07 -6.87673088005076e-07
 9.21856439585925e-03 -3.55258747102489e-04 -9.87131201378361e-02 2.52590086264888e-02 1.38343184781401e-08 -1.03611066416016e-09 -2.23436938896686e-02 -7.76600365003079e-09 -1.33499621646658e-08 1.16342359391860e-01 1.45239950856750e-09 7.64426867450788e-09 -3.71572991850595e-02 2.36599468318818e-08 9.60896036454288e-09 -5.23951872247026e-03 7.05637844188031e-10 -3.66110137882132e-07 -7.76657510672150e-08 -3.83693819670281e-10 -6.22900504069067e-03 -3.15698679283384e-09 1.31559371929538e-06 -8.17482883211072e-13 6.60898220008993e-08 -1.01461089267721e-08 8.91218212351788e-04 7.41725465777475e-09 8.79940902942745e-08 2.19382766464851e-12 -6.67422865347504e-03 2.93673066720525e-02 -2.00960033145899e-03 5.18978662764672e-09 2.83736931946381e-09 1.31002838890936e-04 -9.65789205538657e-09 1.94545524115145e-09 -3.50982598535203e-04 -2.82492742756064e-08 2.45211040763280e-09 3.68700967121429e-04 -2.00616414070525e-09 -2.34276808466379e-07 2.43910922998321e-02 -1.65828386024134e-01 2.26939038215729e-02 -1.08995317026929e-08 2.09162563014713e-08 -1.47973746975060e-03 -9.58015826127724e-09 1.41936821313335e-08 -1.77398424052379e-03 -1.16288517407759e-08 3.49181317577868e-08 -5.49705937788825e-04 -3.61970532611683e-08 6.41954890859488e-08
 -5.10052124682914e-09 4.91704172369825e-10 1.13213670716591e-07 -2.89748402306827e-08 -5.60821613651483e-15 1.49606891386888e-15 -1.75761741389233e-09 -4.12923704822097e-15 1.70813135997534e-14 9.05848828445764e-09 4.62856598368704e-15 -9.46567217104460e-15 -2.89636856058134e-09 -9.10390923895444e-14 1.21965058530780e-15 6.04726403871538e-09 -3.61265138047102e-15 7.47238669913626e-13 1.11421705632939e-13 5.44261907760669e-16 7.13735764456542e-09 -2.51262625792878e-16 -1.63655445272605e-12 4.59687458998288e-18 -6.63389783856917e-14 1.29890966794718e-14 6.60328447495729e-11 -9.51410568991627e-15 3.46487317572167e-13 -4.87982078236645e-18 -1.13851164105915e-08 8.58587874580221e-08 -1.28036099370356e-08 4.83573454963715e-15 -1.20348950246587e-14 -9.73305831393572e-10 1.22005389970993e-14 -1.25320145635401e-14 -8.89315473314910e-10 8.14709186144860e-14 2.13376111654150e-14 1.37082682780150e-10 -2.33108425127934e-14 8.62240341391523e-14 -8.97822657359017e-09 7.06536468466931e-08 -1.08995317026929e-08 1.36881561821337e-14 -1.21984388045455e-14 8.68389325797608e-10 1.59149790151108e-15 -9.93937223310591e-15 7.17479402857269e-10 1.63069205557016e-14 -1.76232339083166e-14 6.58925185423075e-11 1.78297004799511e-14 1.79661317173602e-13
 1.01909345201948e-08 -3.86206915816024e-10 -1.07754000575050e-07 2.75721650142444e-08 1.23049354063143e-14 -2.05305512055487e-15 -1.74068179187970e-08 -4.80922231528959e-15 -1.38879908725939e-14 9.06603478007483e-08 -1.39981345703885e-16 8.23639972315061e-15 -2.89541727476694e-08 4.17402754648661e-14 7.36027748198853e-15 -5.71784694477514e-09 1.43408531246617e-15 -4.83506953735363e-13 -9.01666744717282e-14 -4.41600165733987e-16 -6.79967596877186e-09 -2.44805142796630e-15 1.46872607323581e-12 -8.48361785210927e-19 6.96817543906692e-14 -1.13759544535031e-14 6.95366035223114e-10 8.40706284873715e-15 -1.77753833976917e-14 2.41114537783398e-18 -2.43704825853659e-09 1.57077289697343e-09 1.66100152802552e-09 2.91396502357278e-15 5.33912585402478e-15 3.53713969678165e-10 -1.08450686873284e-14 4.70979238611843e-15 -4.94443676661747e-11 -4.34191894896263e-14 -3.42977938700993e-15 2.58908935924947e-10 4.32849108184608e-15 -2.08724342593873e-13 2.17738137931253e-08 -1.50534590255431e-07 2.09162563014713e-08 -1.21984388045455e-14 1.98272201836027e-14 -1.40474115788466e-09 -8.11488282628863e-15 1.38349537981516e-14 -1.60481783060746e-09 -1.35346308441581e-14 3.23435101726557e-14 -4.56855962251327e-10 -3.34954599113537e-14 5.98992326939095e-15
 -1.59728501159985e-03 1.43074638257212e-05 7.67437835589276e-03 -1.96279519079614e-03 -7.65285596239810e-10 6.31154953381385e-10 1.21987600991549e-03 1.35615297880288e-10 3.37595107728363e-10 -6.35373353050257e-03 8.36244808023812e-11 -4.22712393946593e-10 2.02918878115123e-03 -2.79897448522153e-09 -5.11139884436226e-10 4.00791622346682e-04 -7.48167517001264e-11 3.48952491320851e-08 6.25917535543577e-09 2.93380895817816e-11 4.85352168239772e-04 1.65426916330842e-10 -1.04739337576776e-07 -4.98409368875195e-13 -4.92791769500474e-09 7.85714170012483e-10 -4.87502055046594e-05 -6.30293638039771e-10 1.43639350589020e-09 1.63505574681207e-13 1.63794283324044e-04 -2.43748030725804e-05 -1.30258412769307e-04 -1.99688667879006e-10 -3.88149606045524e-10 -2.62590840681140e-05 7.82414188497253e-10 -3.19509029205723e-10 1.49559984638597e-07 3.16727753663838e-09 2.31802825957937e-10 -1.75943135698059e-05 -3.19362030759991e-10 1.44592246552090e-08 -1.53300165361989e-03 1.06355799825451e-02 -1.47973746975060e-03 8.68389325797608e-10 -1.40474115788466e-09 9.99149718625539e-05 6.01841250843360e-10 -9.56579769787242e-10 1.15779171884306e-04 1.01400686403522e-09 -2.25619174523664e-09 3.25750998817354e-05 2.38173724163300e-09 -5.34550017300653e-10
 -7.07946555244028e-08 -9.77760920924725e-10 1.89474536498070e-08 -4.77486287078318e-09 1.80732247887445e-15 3.72812048356250e-14 1.36026068225632e-08 -9.22377274545718e-15 -4.81232234983628e-14 -7.08061574208642e-08 2.88093278277381e-15 1.13831607479998e-14 2.26152490787183e-08 3.40851765249411e-14 -5.68601760782454e-15 4.96488977127875e-10 3.07007612050541e-15 -2.40464328832090e-14 -6.41229055367275e-15 -1.29720977974120e-16 1.28039047491307e-09 1.45354082769930e-15 -2.12319767280229e-13 -4.41648378609372e-17 -1.37512012651002e-14 -4.67138653636169e-16 -5.42294372255861e-10 -3.44417279709704e-15 -1.80885698995987e-13 2.62332835415600e-17 8.06643479388003e-09 -4.62341603200419e-08 5.44760165904105e-09 -4.66357318093449e-15 2.32517427954251e-15 2.18725452858096e-10 2.17727035080637e-15 4.92532661826756e-15 3.19949456523293e-10 -8.25192136014888e-15 -1.09851656893382e-14 -2.27510239286760e-10 9.67119800414321e-15 8.60044120810968e-14 -1.08373270071903e-08 7.25637619162810e-08 -9.58015826127724e-09 1.59149790151108e-15 -8.11488282628863e-15 6.01841250843360e-10 7.39022705656565e-15 -3.02656285628419e-15 9.75468645922229e-10 4.89680220010753e-15 -1.19440871915469e-14 3.31805291384073e-10 1.60258512259340e-14 -1.20845903560769e-13
 -4.87045530917627e-08 -1.16668518242782e-09 -8.54705130818340e-08 2.19307513416299e-08 1.48028418036206e-14 2.92992328115352e-14 -9.58678992020062e-09 -1.44234668320344e-14 -5.30062020465724e-14 4.99430779701678e-08 3.33404454538336e-15 1.71467274502626e-14 -1.59494858077726e-08 5.70268190432387e-14 4.21959178472958e-15 -4.95462688607801e-09 3.44540313956554e-15 -4.19790964072665e-13 -8.63916367751467e-14 -5.06212393734950e-16 -5.32375955191562e-09 -1.73603407184113e-15 1.18198154510884e-12 -3.71182452551548e-17 5.56060311390480e-14 -1.08599515672090e-14 3.82928867016296e-10 4.85538844254052e-15 -9.28992534818413e-14 2.38090761182957e-17 1.25905002871136e-09 -1.71261960847994e-08 3.58193763724186e-09 6.50263748056109e-16 5.49100844240274e-15 3.77367081743427e-10 -8.18765533228190e-15 6.81865495901798e-15 4.27159209760831e-12 -3.94904422058853e-14 -8.35864132958753e-15 1.47149345071320e-10 7.85947087547067e-15 -1.54952114370077e-13 1.45977686085652e-08 -1.00917404955206e-07 1.41936821313335e-08 -9.93937223310591e-15 1.38349537981516e-14 -9.56579769787242e-10 -3.02656285628419e-15 1.15411899281539e-14 -9.14204810105460e-10 -8.13241106254950e-15 2.41857746139795e-14 -2.46823821017629e-10 -2.20668702562548e-14 -5.29218458127547e-14
 -5.98486087776079e-03 -5.69568538957121e-05 6.72447994545650e-03 -1.71497308904504e-03 -4.68128786571550e-10 2.98760491253613e-09 1.92367061024008e-03 -4.69894814062253e-10 -3.05127642690893e-09 -1.00158532128173e-02 2.25183943628762e-10 4.80414018782105e-10 3.19891153585807e-03 6.52448203455799e-10 -8.08817786684105e-10 3.17377540362146e-04 1.69969449192383e-10 2.14764951370541e-08 3.88516884572224e-09 1.14167437232428e-11 4.30908005083388e-04 2.34965076320312e-10 -8.80014288385237e-08 -3.38226094168043e-12 -4.47181026637760e-09 5.17772924268484e-10 -7.67569404659850e-05 -6.76153157292758e-10 -1.34842942316721e-08 1.91611362673148e-12 7.58190516271659e-04 -3.74879918627055e-03 3.52423942937409e-04 -5.11599597282131e-10 -7.36876065588070e-11 3.12215386062419e-07 6.96874482615095e-10 1.59571621393521e-10 2.81780818967514e-05 1.44171117943987e-09 -7.01938557422776e-10 -3.06796522881532e-05 5.57431572120275e-10 1.69833537848765e-08 -1.91614215885976e-03 1.30555283289328e-02 -1.77398424052379e-03 7.17479402857269e-10 -1.60481783060746e-09 1.15779171884306e-04 9.75468645922229e-10 -9.14204810105460e-10 1.54851902614748e-04 1.03732754867172e-09 -2.52013050287381e-09 4.84185377745064e-05 2.89344900885583e-09 -9.84541049583935e-09
 -1.17906806952630e-07 -1.10615531686098e-09 1.35223531809122e-07 -3.44885319256760e-08 7.63659487292583e-15 6.40315784743110e-14 -4.85323559212379e-09 -3.15860865398048e-14 -6.32094514368752e-14 2.51331221469127e-08 1.50292585416703e-14 9.72512664871967e-15 -8.03100297193396e-09 -8.69056552661119e-14 3.22570607005548e-15 6.39650779696492e-09 -8.29290598083361e-16 9.53905562094010e-13 1.12378867596698e-13 3.79611968390172e-16 8.66228337060793e-09 -1.47480707319085e-15 -1.97297151565073e-12 -6.62092856497355e-17 -7.46848578550699e-14 1.23803166925648e-14 1.86439730139812e-10 -1.54184592231996e-14 4.39067134943898e-13 3.71814075722045e-17 -1.49956285073880e-08 1.14675378734918e-07 -1.69408444454371e-08 6.86381801899996e-15 -1.54530113872632e-14 -1.30565074937706e-09 1.58662323126938e-14 -1.30009703191713e-14 -1.50466658592518e-09 1.07291270802744e-13 2.40659041891790e-14 2.76445390944668e-10 -2.94566146611873e-14 4.94605864089825e-14 -8.30238225891209e-09 7.24970804503953e-08 -1.16288517407759e-08 1.63069205557016e-14 -1.35346308441581e-14 1.01400686403522e-09 4.89680220010753e-15 -8.13241106254950e-15 1.03732754867172e-09 2.59237907210768e-14 -1.48035405611191e-14 7.92579706080453e-11 2.06243194644450e-14 2.02629725726078e-13
 -5.93412534079361e-08 -1.68978336689947e-09 -1.57750200879747e-07 4.04445611885201e-08 2.99682843330495e-14 3.90782598367994e-14 -3.34224662286654e-08 -2.79268382203826e-14 -7.63770853617749e-14 1.74025849220989e-07 7.60580083766114e-15 2.60989499438054e-14 -5.55797654015647e-08 6.16549361850368e-14 1.46871813945524e-14 -8.92021296624646e-09 3.82988927504800e-15 -5.93719349629663e-13 -1.41016214372020e-13 -8.05920388026257e-16 -9.86338656309636e-09 -5.23657666001931e-15 2.10951466434950e-12 -4.88273521402918e-17 1.07185339361647e-13 -1.84693625186885e-14 1.33223211342083e-09 9.34719127663418e-15 9.03426658807233e-14 3.20370203460155e-17 -8.73846630645202e-09 3.70265875859802e-08 -2.03546214546484e-09 7.39572842401731e-15 5.13878791809668e-15 2.38469560479490e-10 -1.47541382743929e-14 5.93588021525223e-15 -6.57892729276955e-10 -4.59314399118038e-14 -6.17367535692607e-16 5.79450493929612e-10 -4.39383928277530e-16 -3.82214827834164e-13 3.77287567670816e-08 -2.54949134150924e-07 3.49181317577868e-08 -1.76232339083166e-14 3.23435101726557e-14 -2.25619174523664e-09 -1.19440871915469e-14 2.41857746139795e-14 -2.52013050287381e-09 -1.48035405611191e-14 5.65454544023527e-14 -7.93810915070648e-10 -5.47491287993363e-14 5.69362365767196e-14
 -1.06980095101441e-03 -1.19346810460635e-05 8.57883150338942e-04 -2.18472564153870e-04 -2.56439499050522e-10 4.79426434682011e-10 8.30383182437708e-04 1.75816782761688e-10 -5.68304503738537e-10 -4.32171735413533e-03 -9.07859355149100e-11 1.11774242399342e-10 1.38034344262436e-03 1.49597784813403e-09 -3.63753762923254e-10 3.82770374516137e-05 8.79194908858830e-11 -4.20496456139431e-09 -2.04097694700922e-11 -1.24302249673383e-12 5.53485239267366e-05 1.11366347017470e-10 -8.50794848020796e-09 -6.31127850551398e-13 -7.66496742211369e-10 3.16506235312264e-11 -3.30410178494823e-05 -7.14062659585266e-11 -1.13111567746302e-08 3.67833200996074e-13 5.04328423351323e-04 -3.03170787202117e-03 3.67491185345806e-04 -2.95714321693466e-10 1.77844607250247e-10 1.75203753192667e-05 6.68848217316802e-11 2.45465375663984e-10 3.06648358786070e-05 -8.55845618139441e-10 -6.11929777690530e-10 -1.57805123247587e-05 6.19855298255885e-10 6.00526247867674e-09 -6.49383097840996e-04 4.21929161025638e-03 -5.49705937788825e-04 6.58925185423075e-11 -4.56855962251327e-10 3.25750998817354e-05 3.31805291384073e-10 -2.46823821017629e-10 4.84185377745064e-05 7.92579706080453e-11 -7.93810915070648e-10 1.83339168028180e-05 8.77968790489419e-10 -6.72986141072511e-09
 -4.14186652847827e-08 1.80850880057301e-10 1.61191206333066e-07 -4.12179409253531e-08 -1.88260343526320e-14 1.64865030097201e-14 3.48715119112367e-08 5.89364653617255e-15 2.00285830892401e-15 -1.81583435407187e-07 1.05563872020991e-16 -7.51190248907370e-15 5.79937866479406e-08 -3.56898044049149e-14 -1.48414678116229e-14 8.36080010681008e-09 -4.22639995337737e-16 6.23889035123182e-13 1.22688333387109e-13 5.65959398465585e-16 1.02038926380370e-08 4.74037907687083e-15 -2.15707971498507e-12 -1.55663607771647e-17 -1.06507232088901e-13 1.58709026632671e-14 -1.39159591177446e-09 -1.31101817150754e-14 -1.22013003167231e-13 6.55012467348862e-18 9.89920002701267e-09 -4.08840885715244e-08 2.36042664504960e-09 -7.83793616654021e-15 -5.19717921900765e-15 -2.76766019153945e-10 1.61173136110584e-14 -3.07062497698135e-15 4.22750201256104e-10 5.02200516219713e-14 -3.49473417377186e-15 -5.55660615321758e-10 1.99471337478502e-15 3.63446727136680e-13 -3.85878136756550e-08 2.63770326971166e-07 -3.61970532611683e-08 1.78297004799511e-14 -3.34954599113537e-14 2.38173724163300e-09 1.60258512259340e-14 -2.20668702562548e-14 2.89344900885583e-09 2.06243194644450e-14 -5.47491287993363e-14 8.77968790489419e-10 5.81172592710274e-14 -9.87874095313883e-14
 5.64367444235611e-07 1.53677808916658e-08 1.35349431172344e-06 -3.47061807856417e-07 -1.33290519183284e-15 -2.85584324633329e-13 -3.71905766317177e-07 -9.11835012271588e-14 6.40921138335540e-13 1.93426256577715e-06 9.21728133406507e-14 -2.26381414438838e-13 -6.17845069154349e-07 -2.04688997580648e-12 1.68768287927167e-13 7.68867478433552e-08 -9.77291533144760e-14 1.29873513895524e-11 1.73183875862088e-12 9.23025134359410e-15 8.45612998109175e-08 -4.87394477213471e-14 -2.11750497615177e-11 4.57952707102225e-16 -6.89674472667848e-13 1.88777303542582e-13 1.47424652829864e-08 -1.07115794430189e-13 9.97314073923950e-12 -3.02325777150738e-16 -3.82645561673310e-07 2.55774201661342e-06 -3.46033889084383e-07 1.96033412278380e-13 -2.55431050697678e-13 -2.18845814391143e-08 1.54427948037383e-13 -2.96657683871745e-13 -2.56415056536668e-08 1.57787597289485e-12 5.83570965232129e-13 8.53531093281346e-09 -6.11627954379934e-13 -1.13349846641646e-12 1.33551694457459e-07 -6.87673088005076e-07 6.41954890859488e-08 1.79661317173602e-13 5.98992326939095e-15 -5.34550017300653e-10 -1.20845903560769e-13 -5.29218458127547e-14 -9.84541049583935e-09 2.02629725726078e-13 5.69362365767196e-14 -6.72986141072511e-09 -9.87874095313883e-14 5.57847785901044e-12
